CA_Climate_Zone_09
34.55103 -118.62831
34.56069 -118.62861
34.56184 -118.64201
34.57010 -118.64261
34.56830 -118.65781
34.53058 -118.65751
34.53080 -118.66471
34.53011 -118.67031
34.52737 -118.67331
34.52613 -118.67121
34.52504 -118.66741
34.52308 -118.66621
34.52130 -118.66811
34.51990 -118.67451
34.52064 -118.67841
34.52642 -118.68051
34.52214 -118.68541
34.51717 -118.68351
34.50143 -118.70291
34.48458 -118.72541
34.47723 -118.73791
34.46091 -118.76271
34.44671 -118.76831
34.44692 -118.85131
34.44637 -118.93471
34.42340 -118.93531
34.42268 -118.95311
34.40099 -118.95431
34.39992 -119.00421
34.40030 -119.02951
34.40040 -119.05711
34.40728 -119.05661
34.40816 -119.07461
34.41388 -119.07421
34.41376 -119.11071
34.42926 -119.11091
34.42814 -119.12431
34.42626 -119.12481
34.42464 -119.16011
34.43988 -119.16111
34.44099 -119.22431
34.44530 -119.22901
34.44060 -119.24101
34.44070 -119.26631
34.44158 -119.28321
34.44129 -119.29511
34.44074 -119.33731
34.44100 -119.39321
34.44195 -119.44041
34.44195 -119.44042
34.43673 -119.44361
34.43437 -119.44311
34.43363 -119.44441
34.42964 -119.44471
34.42987 -119.45161
34.42907 -119.45311
34.42305 -119.45301
34.42160 -119.45451
34.41835 -119.45441
34.40875 -119.44531
34.40438 -119.44561
34.40388 -119.44691
34.40192 -119.44701
34.40168 -119.44921
34.40103 -119.44952
34.40084 -119.44961
34.39870 -119.44351
34.39586 -119.43651
34.39511 -119.42841
34.39485 -119.41341
34.39445 -119.37751
34.39145 -119.37811
34.38565 -119.38011
34.38031 -119.38301
34.37741 -119.38391
34.37151 -119.38031
34.36891 -119.37831
34.36466 -119.37261
34.36453 -119.36771
34.36213 -119.36121
34.35478 -119.34421
34.35586 -119.34201
34.35442 -119.33331
34.35280 -119.32281
34.35287 -119.31351
34.35384 -119.29951
34.35409 -119.29929
34.35946 -119.29441
34.35953 -119.29428
34.36463 -119.28311
34.37013 -119.27231
34.37577 -119.26031
34.38070 -119.24941
34.38309 -119.24481
34.38408 -119.24091
34.38634 -119.23721
34.38871 -119.23361
34.37020 -119.22201
34.35148 -119.24481
34.35146 -119.23411
34.32666 -119.23261
34.32724 -119.22641
34.32402 -119.22671
34.28986 -119.15561
34.28240 -119.14321
34.27007 -119.12651
34.25718 -119.10911
34.26357 -119.09911
34.26528 -119.03001
34.26503 -118.99221
34.26615 -118.97421
34.26934 -118.95621
34.27280 -118.92861
34.27653 -118.91881
34.24839 -118.92481
34.21488 -118.94881
34.19887 -118.95771
34.14975 -118.96751
34.10888 -118.97821
34.11650 -118.96301
34.12081 -118.95331
34.12006 -118.91691
34.11856 -118.89021
34.11874 -118.87971
34.12034 -118.85931
34.12168 -118.81291
34.12026 -118.75061
34.12009 -118.71011
34.11895 -118.66421
34.12102 -118.62571
34.12090 -118.56251
34.12206 -118.47911
34.11024 -118.47811
34.09330 -118.47381
34.08382 -118.47011
34.06222 -118.45361
34.03421 -118.43251
34.03429 -118.43206
34.03529 -118.42631
34.03100 -118.41021
34.03054 -118.40141
34.02974 -118.39301
34.03233 -118.38801
34.03461 -118.38011
34.03506 -118.37221
34.03390 -118.36391
34.03382 -118.35211
34.03387 -118.33921
34.03479 -118.32921
34.03571 -118.31961
34.03315 -118.31311
34.03511 -118.30341
34.03455 -118.29291
34.03405 -118.28641
34.03553 -118.27841
34.03676 -118.27181
34.02523 -118.24681
34.02858 -118.22541
34.02570 -118.21541
34.02015 -118.19911
34.01313 -118.16971
34.00397 -118.15761
33.98820 -118.13961
33.97561 -118.12621
33.96211 -118.12161
33.95783 -118.11341
33.94672 -118.10001
33.91584 -118.07881
33.90427 -118.06461
33.87361 -118.01151
33.87343 -118.01121
33.88089 -118.01141
33.88092 -118.00271
33.88821 -118.00281
33.88821 -117.99931
33.88821 -117.99401
33.89555 -117.99411
33.89555 -117.98531
33.90280 -117.98541
33.90276 -117.97661
33.94606 -117.97651
33.94640 -117.78331
33.95396 -117.79391
33.96809 -117.79371
33.96824 -117.80261
33.97561 -117.80271
34.00481 -117.78501
34.00468 -117.76741
34.02348 -117.76751
34.01876 -117.73581
34.02154 -117.73011
34.03715 -117.72721
34.05524 -117.72121
34.13824 -117.68671
34.15490 -117.68211
34.15849 -117.68031
34.15912 -117.68381
34.16002 -117.74981
34.14864 -117.75331
34.14708 -117.82031
34.16106 -117.82261
34.16013 -117.90571
34.15749 -117.98151
34.17390 -117.98071
34.17441 -118.03581
34.17515 -118.08811
34.18662 -118.08881
34.18814 -118.11951
34.20181 -118.11911
34.20469 -118.15061
34.20426 -118.16851
34.19804 -118.17001
34.19915 -118.18381
34.20685 -118.18341
34.20736 -118.18991
34.21965 -118.18911
34.22072 -118.18521
34.22350 -118.19381
34.22546 -118.18291
34.22959 -118.18331
34.23373 -118.22341
34.24853 -118.22431
34.24700 -118.26751
34.25323 -118.26551
34.25400 -118.26801
34.25362 -118.27141
34.25438 -118.27491
34.25646 -118.27401
34.25753 -118.28081
34.26046 -118.28541
34.26206 -118.28601
34.26202 -118.28901
34.26567 -118.29141
34.27256 -118.29141
34.27542 -118.29241
34.27350 -118.29891
34.26945 -118.30191
34.27156 -118.30801
34.27501 -118.30721
34.27650 -118.30791
34.27542 -118.31151
34.27306 -118.31711
34.27081 -118.32211
34.27115 -118.35101
34.27221 -118.35821
34.27455 -118.36371
34.28812 -118.36241
34.29019 -118.39871
34.33025 -118.40031
34.32900 -118.48741
34.37452 -118.48471
34.37642 -118.39951
34.41822 -118.39981
34.41943 -118.37601
34.42484 -118.37561
34.42891 -118.37151
34.42732 -118.36071
34.42471 -118.34841
34.42752 -118.34341
34.43401 -118.33901
34.43373 -118.33321
34.43680 -118.32661
34.43679 -118.31771
34.43737 -118.30791
34.43313 -118.30661
34.43216 -118.30181
34.43183 -118.29341
34.49695 -118.28971
34.50580 -118.28923
34.50601 -118.28922
34.50613 -118.28921
34.50613 -118.28922
34.50562 -118.35901
34.49247 -118.35901
34.48679 -118.37911
34.47763 -118.37701
34.47610 -118.38461
34.46072 -118.38551
34.46114 -118.43761
34.47614 -118.43831
34.47689 -118.46291
34.46741 -118.46541
34.46809 -118.47351
34.46073 -118.47481
34.46225 -118.53481
34.48343 -118.53521
34.48380 -118.57321
34.48376 -118.58861
34.52021 -118.58791
34.51951 -118.60751
34.55436 -118.60561
34.55497 -118.61691
34.55064 -118.61801
34.55103 -118.62831
