CA_Climate_Zone_11
40.95896 -121.91381
41.00019 -121.91321
41.02877 -121.91541
41.03853 -121.91441
41.05312 -121.91421
41.05410 -122.00301
41.05443 -122.02841
41.02365 -122.02961
41.00929 -122.03021
40.93832 -122.03121
40.93919 -122.06231
40.94157 -122.10861
40.94245 -122.15301
40.94243 -122.20911
40.94230 -122.26271
40.94259 -122.26981
40.94147 -122.38551
41.01105 -122.38701
41.01122 -122.50021
40.94049 -122.49901
40.93917 -122.49201
40.83550 -122.48711
40.82125 -122.48781
40.75298 -122.48171
40.70602 -122.48501
40.70683 -122.50111
40.70959 -122.51941
40.72628 -122.51981
40.72305 -122.55721
40.74538 -122.55941
40.75310 -122.52211
40.80559 -122.52291
40.81283 -122.54221
40.83643 -122.54041
40.84287 -122.54151
40.84276 -122.55921
40.83515 -122.56021
40.83388 -122.57851
40.84746 -122.58171
40.85076 -122.63111
40.82681 -122.63421
40.82670 -122.62521
40.81853 -122.62521
40.81967 -122.63491
40.80656 -122.63331
40.80749 -122.61421
40.76594 -122.61411
40.76420 -122.63181
40.75810 -122.63121
40.74913 -122.70661
40.74747 -122.71111
40.74589 -122.71721
40.74478 -122.71721
40.74008 -122.72001
40.72645 -122.70681
40.71504 -122.71131
40.71068 -122.71131
40.70803 -122.71871
40.70210 -122.71951
40.69983 -122.72191
40.69536 -122.72241
40.69392 -122.72451
40.69218 -122.73021
40.69325 -122.73321
40.69290 -122.73801
40.69521 -122.74151
40.69502 -122.74381
40.68966 -122.75241
40.68483 -122.75111
40.67873 -122.74261
40.67279 -122.74321
40.66707 -122.74081
40.66555 -122.74141
40.66233 -122.73361
40.65708 -122.73391
40.65048 -122.72711
40.64612 -122.72961
40.64378 -122.73301
40.63643 -122.73641
40.63446 -122.73251
40.63433 -122.71651
40.63127 -122.70971
40.62700 -122.70971
40.62355 -122.71121
40.61276 -122.71071
40.60976 -122.70611
40.60576 -122.70701
40.60393 -122.70501
40.60020 -122.70541
40.59580 -122.70121
40.59337 -122.70201
40.59012 -122.69981
40.58768 -122.70101
40.58592 -122.70031
40.58053 -122.69291
40.57536 -122.69311
40.57269 -122.69511
40.56941 -122.69881
40.56967 -122.70821
40.57158 -122.71121
40.57128 -122.71611
40.57458 -122.72021
40.57523 -122.72281
40.57112 -122.73251
40.56438 -122.74111
40.56006 -122.74131
40.55380 -122.74401
40.55532 -122.74981
40.55519 -122.75741
40.55651 -122.75931
40.55526 -122.76701
40.55319 -122.76821
40.54669 -122.77871
40.54131 -122.78481
40.53676 -122.78581
40.53446 -122.78281
40.53177 -122.78251
40.52951 -122.78381
40.52747 -122.78911
40.52386 -122.79321
40.51459 -122.79321
40.51055 -122.80351
40.51140 -122.80831
40.51078 -122.81931
40.50677 -122.82931
40.50653 -122.84001
40.50489 -122.84611
40.50077 -122.85181
40.49555 -122.84691
40.49087 -122.84701
40.48240 -122.85681
40.48041 -122.87661
40.47858 -122.87711
40.47481 -122.88361
40.47007 -122.88621
40.46886 -122.89011
40.46556 -122.88931
40.46082 -122.89231
40.45956 -122.89541
40.45481 -122.89441
40.45032 -122.89661
40.44541 -122.90141
40.43047 -122.90201
40.42928 -122.91361
40.34928 -122.91161
40.34910 -122.92961
40.31537 -122.93041
40.31569 -122.90661
40.31424 -122.89251
40.29973 -122.89411
40.29719 -122.85991
40.28569 -122.85691
40.27487 -122.85821
40.27574 -122.87341
40.25190 -122.87741
40.25242 -122.89371
40.22388 -122.89281
40.22417 -122.83391
40.21138 -122.83851
40.17592 -122.83951
40.17441 -122.80051
40.16659 -122.79831
40.16460 -122.76401
40.14066 -122.76441
40.14104 -122.74671
40.12515 -122.74601
40.12377 -122.79781
40.11215 -122.79541
40.11082 -122.81771
40.08250 -122.81951
40.08375 -122.78261
40.09020 -122.78111
40.09082 -122.76211
40.06941 -122.76111
40.06774 -122.78361
40.06789 -122.81571
40.05498 -122.81991
40.05329 -122.75771
40.05871 -122.75831
40.06046 -122.74481
40.05413 -122.74281
40.05393 -122.66401
39.91302 -122.66391
39.91477 -122.64741
39.88657 -122.64471
39.87137 -122.64431
39.87250 -122.66251
39.84303 -122.66081
39.84204 -122.62461
39.83007 -122.62511
39.82767 -122.60651
39.79980 -122.60801
39.79948 -122.58731
39.72487 -122.58521
39.72486 -122.60531
39.71139 -122.60461
39.71083 -122.58931
39.64487 -122.58901
39.64302 -122.59851
39.63703 -122.59871
39.63633 -122.60661
39.61745 -122.60481
39.61537 -122.61511
39.53467 -122.61351
39.53502 -122.60391
39.44833 -122.60381
39.44789 -122.58431
39.42982 -122.57991
39.38567 -122.58001
39.38476 -122.67361
39.38299 -122.70151
39.38333 -122.73911
39.38300 -122.78511
39.37972 -122.78231
39.37915 -122.77851
39.37459 -122.77391
39.37514 -122.77001
39.37374 -122.76811
39.37705 -122.76521
39.37804 -122.75961
39.37489 -122.75481
39.37076 -122.75281
39.36769 -122.74301
39.35830 -122.74201
39.35634 -122.74591
39.34951 -122.75111
39.34581 -122.75251
39.34453 -122.76141
39.34250 -122.76551
39.33500 -122.76501
39.33045 -122.76841
39.32550 -122.76851
39.32356 -122.77271
39.31896 -122.77311
39.31467 -122.77581
39.31189 -122.77521
39.30971 -122.77041
39.30109 -122.76621
39.29408 -122.75851
39.28747 -122.75671
39.28508 -122.75801
39.28165 -122.75111
39.27894 -122.74781
39.27516 -122.73891
39.27261 -122.73651
39.27200 -122.73271
39.27341 -122.72871
39.26728 -122.72291
39.26534 -122.72311
39.26324 -122.71661
39.26035 -122.71701
39.25950 -122.71321
39.25701 -122.71231
39.25481 -122.70591
39.24989 -122.69791
39.24616 -122.69021
39.24113 -122.68731
39.23879 -122.68181
39.23486 -122.68251
39.23020 -122.67621
39.22698 -122.67991
39.22442 -122.67971
39.22540 -122.67291
39.22138 -122.67011
39.21930 -122.66591
39.21757 -122.66541
39.21401 -122.64911
39.21589 -122.64811
39.21589 -122.64521
39.21808 -122.64061
39.22318 -122.63491
39.22234 -122.63211
39.22290 -122.62611
39.22314 -122.62241
39.22112 -122.61711
39.21870 -122.61221
39.21626 -122.61011
39.21422 -122.60161
39.21190 -122.58101
39.20394 -122.57211
39.20400 -122.56331
39.20600 -122.55921
39.20688 -122.55311
39.20708 -122.54211
39.21170 -122.53541
39.20996 -122.53461
39.21176 -122.52891
39.20930 -122.52821
39.21008 -122.52281
39.20851 -122.51871
39.20868 -122.51591
39.20086 -122.51581
39.19593 -122.51391
39.19536 -122.51221
39.19083 -122.50891
39.18955 -122.50111
39.19134 -122.50001
39.18801 -122.49571
39.18613 -122.49631
39.18384 -122.49331
39.18180 -122.49311
39.17824 -122.49441
39.17538 -122.49181
39.17612 -122.48871
39.17427 -122.47771
39.17068 -122.47511
39.16661 -122.47751
39.16323 -122.48261
39.15938 -122.48131
39.15730 -122.47911
39.15579 -122.48021
39.15444 -122.47891
39.15241 -122.48281
39.14971 -122.47851
39.14489 -122.47461
39.14316 -122.47681
39.14157 -122.47651
39.13968 -122.47961
39.13977 -122.48301
39.14178 -122.48661
39.13902 -122.49201
39.14040 -122.49661
39.13952 -122.49631
39.13489 -122.49511
39.13409 -122.49701
39.12718 -122.49721
39.12454 -122.50071
39.12087 -122.50071
39.11586 -122.49681
39.11505 -122.49471
39.10983 -122.49611
39.10463 -122.49471
39.09901 -122.48911
39.09250 -122.48751
39.08960 -122.48841
39.08348 -122.48621
39.07722 -122.49051
39.07396 -122.49051
39.07147 -122.48851
39.06912 -122.48861
39.06919 -122.48681
39.06702 -122.48411
39.06497 -122.49141
39.06222 -122.48951
39.05945 -122.49241
39.05453 -122.49291
39.05300 -122.49011
39.05296 -122.48101
39.04883 -122.46561
39.04770 -122.46531
39.04436 -122.46861
39.04280 -122.46721
39.04042 -122.46261
39.03878 -122.46221
39.03881 -122.45841
39.03745 -122.45581
39.03623 -122.45461
39.03440 -122.45511
39.03285 -122.45101
39.02551 -122.44341
39.02405 -122.43931
39.02173 -122.43761
39.02179 -122.42841
39.02067 -122.42591
39.02080 -122.41871
39.01930 -122.41161
39.01734 -122.41031
39.01450 -122.41161
39.01195 -122.40931
39.00997 -122.41131
39.00797 -122.40921
39.00668 -122.40901
39.00466 -122.41251
39.00267 -122.41111
38.99837 -122.41221
38.99737 -122.41571
38.99451 -122.41461
38.98923 -122.41931
38.97828 -122.41691
38.97142 -122.40701
38.96939 -122.40681
38.96824 -122.40931
38.96640 -122.40811
38.96303 -122.40931
38.95588 -122.40181
38.95658 -122.39741
38.95582 -122.39441
38.94214 -122.37611
38.93968 -122.37261
38.93901 -122.36771
38.93574 -122.36381
38.92879 -122.35001
38.92698 -122.34121
38.92405 -122.33981
38.92392 -122.24711
38.92542 -122.20961
38.92570 -122.15281
38.92549 -122.00111
38.92460 -121.83511
38.91884 -121.82931
38.91811 -121.82041
38.91571 -121.81371
38.91513 -121.80511
38.91277 -121.80421
38.91036 -121.80711
38.91152 -121.81511
38.90801 -121.80991
38.90589 -121.80141
38.90654 -121.79231
38.90532 -121.79121
38.90317 -121.79111
38.90086 -121.79371
38.90190 -121.80371
38.89819 -121.80311
38.88948 -121.80731
38.88497 -121.81631
38.88175 -121.81721
38.87718 -121.81501
38.87491 -121.81231
38.87238 -121.80971
38.87055 -121.80391
38.86468 -121.80191
38.86706 -121.79611
38.86304 -121.79221
38.86461 -121.78871
38.86402 -121.78651
38.86126 -121.78431
38.85641 -121.78431
38.86128 -121.77741
38.86162 -121.77091
38.86428 -121.76551
38.86275 -121.75821
38.86832 -121.75981
38.87105 -121.75111
38.87146 -121.74831
38.86465 -121.74521
38.86101 -121.73781
38.85921 -121.73011
38.85325 -121.72831
38.85179 -121.72361
38.84688 -121.72901
38.84460 -121.72891
38.84139 -121.72641
38.83942 -121.73021
38.83556 -121.73121
38.82625 -121.72401
38.81726 -121.72461
38.80293 -121.72291
38.80092 -121.70961
38.80290 -121.70191
38.80250 -121.69931
38.79642 -121.69561
38.79552 -121.69081
38.79023 -121.69331
38.78655 -121.69111
38.78373 -121.69111
38.78146 -121.68821
38.77764 -121.68621
38.77491 -121.68631
38.76933 -121.69261
38.76758 -121.69281
38.76382 -121.68781
38.76368 -121.68111
38.76045 -121.67721
38.75930 -121.67001
38.75032 -121.67741
38.74682 -121.67681
38.74344 -121.67431
38.74317 -121.67251
38.74460 -121.67021
38.74750 -121.66841
38.74991 -121.66871
38.75272 -121.66921
38.75508 -121.66681
38.75578 -121.66481
38.75490 -121.65861
38.76047 -121.65971
38.76552 -121.66481
38.76803 -121.66451
38.76912 -121.65871
38.76655 -121.65771
38.76452 -121.65391
38.76662 -121.64161
38.76769 -121.63941
38.76921 -121.64031
38.77114 -121.64641
38.77319 -121.64921
38.77447 -121.64681
38.77299 -121.64081
38.76753 -121.63671
38.76728 -121.63481
38.77572 -121.63211
38.77852 -121.62831
38.78257 -121.63161
38.78426 -121.62991
38.78532 -121.62611
38.78031 -121.60621
38.77398 -121.59931
38.76433 -121.59341
38.75894 -121.59271
38.75270 -121.59391
38.74245 -121.60061
38.73622 -121.60321
38.73636 -121.50971
38.73465 -121.48431
38.71159 -121.14581
38.71716 -121.14351
38.71905 -121.14561
38.73138 -121.14861
38.73839 -121.13561
38.74546 -121.13121
38.74991 -121.13011
38.75250 -121.12351
38.75717 -121.12281
38.76005 -121.12401
38.77046 -121.12051
38.77264 -121.11391
38.77534 -121.11091
38.78141 -121.10851
38.78529 -121.10521
38.79168 -121.10661
38.79446 -121.10481
38.79692 -121.10531
38.79798 -121.10131
38.80002 -121.10231
38.80372 -121.09911
38.80670 -121.10101
38.80933 -121.09971
38.81277 -121.10271
38.81444 -121.10771
38.81711 -121.10651
38.81652 -121.10261
38.81822 -121.09851
38.81473 -121.09681
38.81407 -121.09441
38.81635 -121.08501
38.82239 -121.08411
38.82766 -121.09001
38.83324 -121.08731
38.83476 -121.08531
38.83481 -121.08231
38.83922 -121.07601
38.84253 -121.07341
38.84493 -121.06251
38.84696 -121.05831
38.85138 -121.05781
38.85976 -121.06171
38.86350 -121.05841
38.86494 -121.05451
38.86763 -121.05321
38.87491 -121.05611
38.88250 -121.06191
38.89012 -121.04431
38.89521 -121.04821
38.89678 -121.05321
38.89876 -121.05371
38.90017 -121.05321
38.90179 -121.04971
38.90513 -121.04801
38.90695 -121.04401
38.91521 -121.04081
38.91570 -121.03811
38.91276 -121.03391
38.91511 -121.02531
38.91739 -121.02331
38.91822 -121.01881
38.91660 -121.01221
38.91780 -121.00731
38.92028 -121.00521
38.91778 -121.00111
38.91873 -120.99861
38.92137 -120.99661
38.92350 -120.99121
38.92728 -120.99191
38.93030 -120.97481
38.93302 -120.97111
38.93294 -120.96491
38.93918 -120.95781
38.93854 -120.94881
38.93554 -120.94321
38.93583 -120.93841
38.95611 -120.93811
38.96035 -120.94061
38.96292 -120.93981
38.96410 -120.93711
38.96411 -120.93491
38.96215 -120.93271
38.96135 -120.92421
38.95875 -120.91871
38.96010 -120.91857
38.97066 -120.91741
39.00440 -120.91111
39.01404 -120.91261
39.02691 -120.91201
39.02854 -120.91811
39.04669 -120.91991
39.08515 -120.91921
39.11511 -120.91641
39.12488 -120.91631
39.15990 -120.91491
39.18332 -120.91451
39.21512 -120.91311
39.21557 -120.91101
39.24429 -120.91221
39.27058 -120.91161
39.30067 -120.91291
39.32169 -120.91451
39.33547 -120.91461
39.35143 -120.91401
39.35934 -120.91261
39.35917 -120.89511
39.36322 -120.89691
39.37041 -120.89191
39.36978 -120.88851
39.37369 -120.88731
39.37749 -120.88771
39.38160 -120.88541
39.38159 -120.87611
39.38931 -120.87651
39.38891 -120.85761
39.40257 -120.86181
39.40395 -120.88551
39.39865 -120.88581
39.39752 -120.90341
39.37777 -120.90761
39.38223 -120.91321
39.38026 -120.92091
39.37641 -120.92531
39.37940 -120.92501
39.37940 -120.93351
39.37437 -120.93571
39.37421 -120.94101
39.37884 -120.94321
39.37981 -120.94721
39.38797 -120.94831
39.39393 -120.94831
39.39446 -120.96581
39.40055 -120.96621
39.40150 -120.97591
39.40529 -120.97641
39.40578 -120.98521
39.41554 -120.98531
39.41538 -121.00311
39.41483 -121.01101
39.41345 -121.01351
39.41117 -121.01511
39.40512 -121.02661
39.40881 -121.03221
39.40951 -121.03651
39.40333 -121.04141
39.40322 -121.04571
39.40461 -121.04781
39.40840 -121.04981
39.40888 -121.05591
39.40867 -121.06261
39.40592 -121.06701
39.40719 -121.06941
39.40848 -121.07931
39.40792 -121.08211
39.40690 -121.08751
39.40185 -121.09061
39.40107 -121.09641
39.40119 -121.10231
39.39718 -121.10331
39.39340 -121.10661
39.39364 -121.11151
39.39239 -121.11701
39.39263 -121.12071
39.39299 -121.12881
39.38679 -121.13051
39.38761 -121.13661
39.38566 -121.14001
39.38282 -121.15321
39.38170 -121.16631
39.38082 -121.18841
39.38101 -121.24261
39.46657 -121.24341
39.51333 -121.24011
39.51194 -121.26661
39.51162 -121.27821
39.52012 -121.27631
39.51788 -121.30681
39.53175 -121.30801
39.53071 -121.29951
39.55310 -121.29851
39.55320 -121.27831
39.58639 -121.28091
39.62518 -121.28031
39.62659 -121.33901
39.64258 -121.33701
39.64238 -121.35191
39.65683 -121.35631
39.65629 -121.38321
39.65236 -121.38151
39.65175 -121.38991
39.64839 -121.38801
39.64694 -121.39271
39.65350 -121.39191
39.65516 -121.41931
39.65002 -121.42391
39.64997 -121.43141
39.65549 -121.42981
39.65460 -121.44591
39.64748 -121.44751
39.64549 -121.45681
39.65572 -121.45371
39.65691 -121.44581
39.66640 -121.45041
39.66934 -121.47101
39.67428 -121.47101
39.69908 -121.47181
39.72435 -121.47151
39.74686 -121.47161
39.76282 -121.47261
39.79394 -121.47431
39.79348 -121.47141
39.81036 -121.47091
39.82460 -121.47171
39.82552 -121.47061
39.82805 -121.47071
39.85147 -121.47101
39.85308 -121.46991
39.85366 -121.58041
39.89764 -121.58371
39.93198 -121.58281
39.97251 -121.58151
39.97132 -121.64231
39.97280 -121.69841
39.97465 -121.73631
39.97647 -121.80811
40.04442 -121.80581
40.03956 -121.82071
40.02967 -121.82391
40.02783 -121.84311
40.03475 -121.84371
40.03398 -121.85081
40.03180 -121.85211
40.03183 -121.85591
40.02573 -121.85701
40.02443 -121.87021
40.04414 -121.87241
40.04269 -121.86131
40.05420 -121.85921
40.05710 -121.84361
40.04270 -121.84441
40.04490 -121.82771
40.05675 -121.82561
40.05593 -121.84111
40.06320 -121.84351
40.06407 -121.85371
40.07134 -121.85541
40.07177 -121.83281
40.07966 -121.82201
40.08481 -121.81851
40.08312 -121.80641
40.09673 -121.80821
40.09845 -121.77271
40.14231 -121.76841
40.14621 -121.80061
40.15830 -121.80121
40.15750 -121.81801
40.14450 -121.82241
40.14954 -121.91331
40.31723 -121.91001
40.31391 -121.81811
40.32637 -121.81871
40.32673 -121.80431
40.36957 -121.80351
40.41895 -121.80361
40.41957 -121.82291
40.44954 -121.82411
40.49595 -121.82141
40.49829 -121.80771
40.52712 -121.80711
40.58465 -121.80641
40.61405 -121.80631
40.67365 -121.80401
40.67767 -121.80381
40.71993 -121.80391
40.76208 -121.80151
40.76212 -121.91641
40.81265 -121.91601
40.84618 -121.91651
40.93645 -121.91271
40.95896 -121.91381
