CA_Climate_Zone_16_Central
34.49425 -117.99531
34.49586 -118.03221
34.49436 -118.08091
34.46140 -118.08191
34.46115 -118.15181
34.44784 -118.15081
34.44724 -118.18581
34.42303 -118.18441
34.41786 -118.20551
34.41799 -118.25561
34.43291 -118.25611
34.43249 -118.27301
34.43172 -118.29051
34.43183 -118.29341
34.43216 -118.30181
34.43313 -118.30661
34.43737 -118.30791
34.43679 -118.31771
34.43680 -118.32661
34.43373 -118.33321
34.43401 -118.33901
34.42752 -118.34341
34.42471 -118.34841
34.42732 -118.36071
34.42891 -118.37151
34.42484 -118.37561
34.41943 -118.37601
34.41822 -118.39981
34.37642 -118.39951
34.37452 -118.48471
34.32900 -118.48741
34.33025 -118.40031
34.29019 -118.39871
34.28812 -118.36241
34.27455 -118.36371
34.27221 -118.35821
34.27115 -118.35101
34.27081 -118.32211
34.27306 -118.31711
34.27542 -118.31151
34.27650 -118.30791
34.27501 -118.30721
34.27156 -118.30801
34.26945 -118.30191
34.27350 -118.29891
34.27542 -118.29241
34.27256 -118.29141
34.26567 -118.29141
34.26202 -118.28901
34.26206 -118.28601
34.26046 -118.28541
34.25753 -118.28081
34.25646 -118.27401
34.25438 -118.27491
34.25362 -118.27141
34.25400 -118.26801
34.25323 -118.26551
34.24700 -118.26751
34.24853 -118.22431
34.23373 -118.22341
34.22959 -118.18331
34.22546 -118.18291
34.22350 -118.19381
34.22072 -118.18521
34.21965 -118.18911
34.20736 -118.18991
34.20685 -118.18341
34.19915 -118.18381
34.19804 -118.17001
34.20426 -118.16851
34.20469 -118.15061
34.20181 -118.11911
34.18814 -118.11951
34.18662 -118.08881
34.17515 -118.08811
34.17441 -118.03581
34.17390 -117.98071
34.15749 -117.98151
34.16013 -117.90571
34.16106 -117.82261
34.14708 -117.82031
34.14864 -117.75331
34.16002 -117.74981
34.15912 -117.68381
34.15913 -117.67991
34.15917 -117.66111
34.16216 -117.64251
34.16380 -117.63831
34.16165 -117.63241
34.17326 -117.62981
34.17522 -117.61101
34.17247 -117.60951
34.17354 -117.60351
34.17232 -117.59771
34.17062 -117.59361
34.16868 -117.59161
34.17191 -117.58971
34.17432 -117.58931
34.17273 -117.58711
34.16930 -117.58551
34.17057 -117.58291
34.17436 -117.58311
34.17397 -117.57241
34.17521 -117.55661
34.17310 -117.52471
34.17458 -117.50641
34.17466 -117.49041
34.17069 -117.48171
34.17027 -117.47481
34.17339 -117.47001
34.17429 -117.45151
34.18053 -117.44251
34.19483 -117.45031
34.19407 -117.44331
34.18779 -117.43561
34.18924 -117.42091
34.20248 -117.41131
34.21597 -117.42041
34.22282 -117.42681
34.23108 -117.42781
34.23820 -117.42531
34.24144 -117.42071
34.23848 -117.41591
34.23415 -117.40991
34.22655 -117.38951
34.22305 -117.37831
34.21732 -117.37511
34.21080 -117.37191
34.20782 -117.37141
34.20362 -117.36171
34.20343 -117.35161
34.20351 -117.33171
34.19662 -117.33391
34.19296 -117.33431
34.18998 -117.33071
34.18925 -117.31271
34.18318 -117.31261
34.16887 -117.27301
34.15816 -117.25261
34.15328 -117.23931
34.15274 -117.22811
34.14632 -117.22811
34.14476 -117.21331
34.14594 -117.20351
34.14159 -117.20131
34.14058 -117.19181
34.14758 -117.18971
34.14635 -117.17881
34.13913 -117.17771
34.13858 -117.16961
34.13698 -117.16901
34.13090 -117.16891
34.13091 -117.16421
34.12599 -117.16261
34.12902 -117.14291
34.10572 -117.14221
34.10130 -117.13201
34.10659 -117.12541
34.09938 -117.12131
34.10043 -117.11271
34.10183 -117.10371
34.08600 -117.10531
34.08488 -117.03691
34.07203 -117.03821
34.07209 -117.00511
34.05925 -117.00441
34.05790 -116.98871
34.05171 -116.98731
34.05011 -116.98331
34.05264 -116.97901
34.05241 -116.97741
34.05093 -116.96591
34.05300 -116.96401
34.05312 -116.96051
34.04429 -116.96051
34.04361 -116.95041
34.04398 -116.93261
33.95882 -116.93341
33.95868 -116.93341
33.95892 -116.92901
33.96144 -116.92711
33.96294 -116.92351
33.95708 -116.92451
33.95652 -116.91491
33.97200 -116.91491
33.97396 -116.90271
33.97155 -116.89811
33.95860 -116.89771
33.95803 -116.88331
33.96308 -116.88351
33.97260 -116.88141
33.97363 -116.87951
33.99656 -116.88041
34.01616 -116.88051
34.01605 -116.86221
34.00023 -116.86361
33.99817 -116.86181
33.99703 -116.85621
33.99703 -116.84931
33.99852 -116.84751
34.00001 -116.84361
34.01549 -116.84391
34.01629 -116.82851
34.00071 -116.82811
34.00071 -116.81001
34.01457 -116.81001
34.01606 -116.77801
33.97388 -116.77511
33.97213 -116.71991
34.03093 -116.72191
34.11494 -116.72081
34.11575 -116.73531
34.12814 -116.73861
34.13040 -116.70601
34.14450 -116.70521
34.14310 -116.68671
34.17209 -116.68561
34.17376 -116.65081
34.20333 -116.65241
34.23336 -116.65131
34.23304 -116.66921
34.27441 -116.67101
34.27501 -116.68721
34.28968 -116.68611
34.29041 -116.71751
34.30439 -116.72021
34.30623 -116.72671
34.31001 -116.72781
34.30487 -116.73731
34.31828 -116.73801
34.31911 -116.77361
34.33321 -116.77501
34.33310 -116.78941
34.33654 -116.78881
34.33918 -116.79091
34.33964 -116.79391
34.34067 -116.79601
34.34468 -116.79491
34.35282 -116.79501
34.35328 -116.81141
34.35443 -116.81541
34.35535 -116.81921
34.35478 -116.82481
34.35443 -116.82881
34.35180 -116.83041
34.35054 -116.83691
34.34722 -116.84381
34.34882 -116.86161
34.35112 -116.86851
34.35192 -116.87101
34.35364 -116.87891
34.35146 -116.88311
34.35020 -116.88761
34.35020 -116.89391
34.34722 -116.89571
34.34732 -116.91821
34.34445 -116.92211
34.34549 -116.92481
34.34777 -116.93081
34.34731 -116.93311
34.34823 -116.93521
34.34903 -116.94241
34.34776 -116.95261
34.34878 -116.96301
34.36242 -116.96541
34.36273 -117.00631
34.36277 -117.05831
34.36394 -117.10831
34.35064 -117.10871
34.34748 -117.14051
34.34830 -117.17781
34.34868 -117.20661
34.34868 -117.24411
34.33767 -117.24411
34.33650 -117.25211
34.32228 -117.25041
34.32180 -117.25971
34.30849 -117.26171
34.30702 -117.28851
34.30761 -117.31451
34.30313 -117.31701
34.30308 -117.33031
34.30718 -117.33601
34.30611 -117.39931
34.31425 -117.40071
34.31222 -117.41791
34.31876 -117.41891
34.31883 -117.42731
34.33616 -117.42521
34.33566 -117.43571
34.34976 -117.43641
34.34888 -117.45241
34.36494 -117.45341
34.36375 -117.48501
34.37591 -117.48471
34.37954 -117.51341
34.38001 -117.57341
34.37992 -117.62601
34.38555 -117.62621
34.38603 -117.64091
34.39323 -117.64471
34.39259 -117.65561
34.39809 -117.65661
34.39966 -117.67961
34.42030 -117.68161
34.42313 -117.76861
34.42069 -117.77261
34.42183 -117.77401
34.42457 -117.77571
34.42303 -117.78221
34.42107 -117.78341
34.42038 -117.81331
34.42105 -117.87291
34.42089 -117.89231
34.42107 -117.92551
34.42605 -117.93331
34.42838 -117.94301
34.42987 -117.94311
34.43073 -117.94971
34.43013 -117.95231
34.43101 -117.95701
34.43188 -117.96291
34.43472 -117.96521
34.43414 -117.97911
34.46617 -117.97811
34.46577 -117.99621
34.49425 -117.99531
