CA_Climate_Zone_03_Alameda
37.79722 -122.33070
37.79723 -122.33081
37.79722 -122.33086
37.79701 -122.33093
37.79680 -122.33106
37.79677 -122.33116
37.79677 -122.33145
37.79672 -122.33149
37.79658 -122.33153
37.79654 -122.33157
37.79635 -122.33182
37.79620 -122.33196
37.79606 -122.33199
37.79561 -122.33195
37.79518 -122.33178
37.79495 -122.33156
37.79476 -122.33145
37.79423 -122.33118
37.79399 -122.33110
37.79367 -122.33112
37.79332 -122.33109
37.79238 -122.33095
37.79223 -122.33103
37.79213 -122.33112
37.79200 -122.33118
37.79181 -122.33119
37.78976 -122.33111
37.78942 -122.33111
37.78902 -122.33116
37.78816 -122.33135
37.78700 -122.33158
37.78330 -122.33232
37.78291 -122.33233
37.78222 -122.33242
37.78140 -122.33168
37.78119 -122.32792
37.78118 -122.32786
37.78109 -122.32571
37.78104 -122.32547
37.77983 -122.32320
37.77979 -122.32279
37.77959 -122.31868
37.77954 -122.31811
37.77948 -122.31801
37.77649 -122.31558
37.77632 -122.31251
37.77616 -122.30863
37.77599 -122.30538
37.77586 -122.30220
37.77584 -122.30209
37.77580 -122.30206
37.77573 -122.30206
37.77561 -122.30210
37.77557 -122.30208
37.77556 -122.30203
37.77543 -122.29981
37.77536 -122.29982
37.77426 -122.30120
37.77418 -122.30139
37.77416 -122.30176
37.77440 -122.30597
37.77436 -122.30605
37.77421 -122.30607
37.77418 -122.30605
37.77415 -122.30598
37.77412 -122.30579
37.77406 -122.30389
37.77392 -122.30122
37.77390 -122.30115
37.77378 -122.30105
37.77354 -122.30078
37.77254 -122.30083
37.77249 -122.30085
37.77243 -122.30093
37.77240 -122.30103
37.77238 -122.30143
37.77253 -122.30420
37.77253 -122.30495
37.77233 -122.30499
37.77214 -122.30500
37.77211 -122.30497
37.77207 -122.30359
37.77187 -122.30034
37.77188 -122.30028
37.77202 -122.30026
37.77205 -122.30022
37.77206 -122.29998
37.77203 -122.29958
37.77162 -122.29822
37.77151 -122.29792
37.77116 -122.29671
37.77054 -122.29434
37.76991 -122.29209
37.76979 -122.29175
37.76970 -122.29160
37.76964 -122.29156
37.76946 -122.29150
37.76923 -122.29146
37.76852 -122.29148
37.76845 -122.29146
37.76841 -122.29138
37.76848 -122.29127
37.76860 -122.29120
37.76932 -122.29094
37.76936 -122.29090
37.76939 -122.29083
37.76941 -122.29061
37.76941 -122.29021
37.76944 -122.29005
37.76977 -122.28966
37.76988 -122.28947
37.76987 -122.28930
37.76953 -122.28884
37.76932 -122.28878
37.76918 -122.28871
37.76892 -122.28873
37.76884 -122.28872
37.76875 -122.28856
37.76879 -122.28833
37.76885 -122.28822
37.76974 -122.28710
37.76977 -122.28700
37.76982 -122.28632
37.76977 -122.28562
37.76974 -122.28549
37.76966 -122.28534
37.76918 -122.28465
37.76915 -122.28453
37.76916 -122.28442
37.76925 -122.28420
37.76948 -122.28402
37.76949 -122.28399
37.76942 -122.28392
37.76944 -122.28390
37.76953 -122.28389
37.76964 -122.28392
37.76978 -122.28398
37.76980 -122.28403
37.77000 -122.28401
37.77008 -122.28396
37.77008 -122.28315
37.77010 -122.28313
37.77084 -122.28311
37.77083 -122.28305
37.77088 -122.28301
37.77090 -122.28296
37.77089 -122.28283
37.77096 -122.28229
37.77104 -122.28227
37.77106 -122.28216
37.77113 -122.28207
37.77110 -122.28168
37.77105 -122.28166
37.76903 -122.28166
37.76839 -122.28162
37.76834 -122.28159
37.76829 -122.28142
37.76828 -122.28125
37.76826 -122.28011
37.76823 -122.27997
37.76814 -122.27991
37.76739 -122.27992
37.76705 -122.27999
37.76692 -122.28005
37.76684 -122.28013
37.76671 -122.28033
37.76657 -122.28065
37.76650 -122.28073
37.76643 -122.28076
37.76634 -122.28076
37.76631 -122.28073
37.76625 -122.28056
37.76624 -122.28045
37.76624 -122.28039
37.76630 -122.28026
37.76660 -122.28000
37.76728 -122.27954
37.76784 -122.27884
37.76785 -122.27870
37.76779 -122.27851
37.76782 -122.27846
37.76817 -122.27840
37.76840 -122.27816
37.76848 -122.27803
37.76853 -122.27778
37.76851 -122.27755
37.76839 -122.27703
37.76821 -122.27654
37.76802 -122.27614
37.76781 -122.27588
37.76758 -122.27564
37.76752 -122.27562
37.76748 -122.27563
37.76737 -122.27585
37.76675 -122.27575
37.76649 -122.27575
37.76626 -122.27562
37.76478 -122.27462
37.76417 -122.27408
37.76339 -122.27346
37.76262 -122.27272
37.76221 -122.27224
37.76189 -122.27181
37.76153 -122.27119
37.76126 -122.27065
37.76050 -122.26859
37.75981 -122.26686
37.75946 -122.26571
37.75916 -122.26497
37.75904 -122.26473
37.75906 -122.26442
37.75815 -122.26239
37.75777 -122.26170
37.75769 -122.26135
37.75768 -122.26099
37.75764 -122.26075
37.75740 -122.26006
37.75678 -122.25860
37.75666 -122.25808
37.75653 -122.25771
37.75565 -122.25577
37.75556 -122.25560
37.75548 -122.25533
37.75518 -122.25462
37.75484 -122.25396
37.75473 -122.25366
37.75475 -122.25347
37.75473 -122.25322
37.75459 -122.25267
37.75441 -122.25228
37.75426 -122.25203
37.75419 -122.25172
37.75404 -122.25144
37.75381 -122.25109
37.75362 -122.25064
37.75361 -122.25051
37.75381 -122.25041
37.75383 -122.25033
37.75384 -122.25016
37.75380 -122.25001
37.75275 -122.24713
37.75187 -122.24364
37.75182 -122.24351
37.75159 -122.24335
37.75138 -122.24290
37.75118 -122.24172
37.75115 -122.24110
37.75075 -122.23969
37.75064 -122.23922
37.75031 -122.23811
37.75000 -122.23719
37.74988 -122.23689
37.74987 -122.23672
37.74994 -122.23666
37.75006 -122.23662
37.75009 -122.23657
37.75006 -122.23653
37.74994 -122.23646
37.74992 -122.23641
37.74989 -122.23596
37.74991 -122.23568
37.74995 -122.23562
37.75049 -122.23556
37.75064 -122.23550
37.75087 -122.23531
37.75096 -122.23520
37.75098 -122.23510
37.75097 -122.23502
37.75081 -122.23475
37.75025 -122.23392
37.74997 -122.23362
37.74995 -122.23350
37.74996 -122.23344
37.75083 -122.23229
37.75094 -122.23199
37.75204 -122.23039
37.75414 -122.22741
37.75461 -122.22691
37.75569 -122.22549
37.75577 -122.22542
37.75596 -122.22534
37.75622 -122.22529
37.75706 -122.22506
37.75792 -122.22501
37.75929 -122.22488
37.75946 -122.22470
37.75957 -122.22463
37.75984 -122.22460
37.76025 -122.22458
37.76212 -122.22471
37.76308 -122.22489
37.76375 -122.22515
37.76418 -122.22539
37.76515 -122.22586
37.76561 -122.22622
37.76606 -122.22660
37.76633 -122.22686
37.76700 -122.22770
37.76759 -122.22858
37.76782 -122.22900
37.76859 -122.23060
37.76898 -122.23143
37.76913 -122.23184
37.76936 -122.23252
37.76954 -122.23289
37.77079 -122.23569
37.77121 -122.23653
37.77137 -122.23665
37.77156 -122.23724
37.77188 -122.23806
37.77227 -122.23891
37.77270 -122.23956
37.77308 -122.24030
37.77328 -122.24075
37.77342 -122.24100
37.77391 -122.24167
37.77412 -122.24207
37.77469 -122.24285
37.77512 -122.24379
37.77533 -122.24441
37.77541 -122.24480
37.77541 -122.24497
37.77536 -122.24515
37.77421 -122.24592
37.77421 -122.24601
37.77425 -122.24610
37.77433 -122.24608
37.77531 -122.24537
37.77540 -122.24531
37.77544 -122.24531
37.77548 -122.24533
37.77560 -122.24562
37.77589 -122.24622
37.77592 -122.24634
37.77582 -122.24648
37.77512 -122.24703
37.77509 -122.24708
37.77508 -122.24719
37.77539 -122.24799
37.77552 -122.24818
37.77552 -122.24850
37.77558 -122.24865
37.77563 -122.24871
37.77579 -122.24873
37.77609 -122.24851
37.77612 -122.24851
37.77618 -122.24862
37.77617 -122.24866
37.77601 -122.24873
37.77599 -122.24879
37.77602 -122.24884
37.77617 -122.24880
37.77620 -122.24884
37.77619 -122.24889
37.77603 -122.24898
37.77597 -122.24905
37.77599 -122.24914
37.77603 -122.24920
37.77609 -122.24920
37.77614 -122.24919
37.77630 -122.24905
37.77637 -122.24907
37.77664 -122.25001
37.77682 -122.25031
37.77690 -122.25048
37.77700 -122.25061
37.77713 -122.25069
37.77731 -122.25086
37.77757 -122.25131
37.77763 -122.25130
37.77772 -122.25121
37.77785 -122.25115
37.77796 -122.25114
37.77821 -122.25125
37.77828 -122.25136
37.77815 -122.25149
37.77815 -122.25154
37.77820 -122.25163
37.77819 -122.25187
37.77850 -122.25244
37.77863 -122.25254
37.77870 -122.25277
37.77874 -122.25306
37.77868 -122.25373
37.77859 -122.25425
37.77851 -122.25453
37.77851 -122.25468
37.77863 -122.25493
37.77864 -122.25499
37.77730 -122.25586
37.77723 -122.25593
37.77727 -122.25609
37.77770 -122.25707
37.77800 -122.25783
37.77801 -122.25802
37.77811 -122.25812
37.77819 -122.25814
37.77830 -122.25809
37.77900 -122.25764
37.78097 -122.25623
37.78104 -122.25621
37.78107 -122.25623
37.78110 -122.25628
37.78134 -122.25681
37.78166 -122.25769
37.78169 -122.25797
37.78184 -122.25798
37.78176 -122.25767
37.78181 -122.25762
37.78187 -122.25761
37.78237 -122.25922
37.78235 -122.25930
37.77800 -122.25990
37.77797 -122.25992
37.77797 -122.25997
37.77804 -122.26065
37.77808 -122.26070
37.77843 -122.26080
37.78013 -122.26068
37.78011 -122.26088
37.77967 -122.26091
37.77967 -122.26100
37.77972 -122.26101
37.78051 -122.26091
37.78163 -122.26082
37.78187 -122.26085
37.78255 -122.26103
37.78264 -122.26151
37.78262 -122.26159
37.78241 -122.26175
37.78238 -122.26182
37.78237 -122.26202
37.78239 -122.26213
37.78380 -122.26500
37.78393 -122.26520
37.78399 -122.26533
37.78402 -122.26549
37.78401 -122.26557
37.78395 -122.26564
37.78324 -122.26605
37.78313 -122.26621
37.78307 -122.26704
37.78309 -122.26767
37.78312 -122.26779
37.78327 -122.26807
37.78337 -122.26819
37.78349 -122.26827
37.78362 -122.26832
37.78391 -122.26840
37.78414 -122.26868
37.78431 -122.26873
37.78497 -122.26875
37.78515 -122.26897
37.78541 -122.26900
37.78552 -122.26919
37.78571 -122.26940
37.78579 -122.26962
37.78588 -122.26971
37.78598 -122.26988
37.78603 -122.26991
37.78611 -122.26991
37.78614 -122.26995
37.78616 -122.27038
37.78620 -122.27058
37.78660 -122.27035
37.78664 -122.27037
37.78687 -122.27103
37.78685 -122.27107
37.78648 -122.27131
37.78648 -122.27137
37.78663 -122.27177
37.78750 -122.27127
37.78758 -122.27123
37.78761 -122.27124
37.78763 -122.27132
37.78744 -122.27145
37.78753 -122.27149
37.78758 -122.27172
37.78774 -122.27163
37.78778 -122.27173
37.78759 -122.27187
37.78767 -122.27187
37.78777 -122.27204
37.78781 -122.27208
37.78790 -122.27205
37.78808 -122.27253
37.78805 -122.27260
37.78815 -122.27288
37.78820 -122.27287
37.78824 -122.27297
37.78820 -122.27300
37.78822 -122.27307
37.78829 -122.27327
37.78832 -122.27329
37.78835 -122.27328
37.78839 -122.27337
37.78754 -122.27389
37.78753 -122.27392
37.78754 -122.27394
37.78812 -122.27475
37.78827 -122.27470
37.78867 -122.27449
37.78874 -122.27452
37.78900 -122.27478
37.78937 -122.27456
37.78946 -122.27455
37.78977 -122.27494
37.78990 -122.27516
37.78990 -122.27542
37.79008 -122.27574
37.79046 -122.27573
37.79061 -122.27566
37.79070 -122.27570
37.79087 -122.27605
37.79086 -122.27609
37.79076 -122.27616
37.79075 -122.27621
37.79100 -122.27670
37.79142 -122.27778
37.79156 -122.27840
37.79159 -122.27841
37.79175 -122.27838
37.79180 -122.27839
37.79213 -122.28057
37.79208 -122.28612
37.79207 -122.28615
37.79202 -122.28619
37.79199 -122.28633
37.79139 -122.28685
37.79112 -122.28717
37.79091 -122.28748
37.79087 -122.28750
37.79036 -122.28748
37.79033 -122.28749
37.79032 -122.28754
37.79028 -122.29053
37.79110 -122.29113
37.79108 -122.29136
37.79109 -122.29163
37.79106 -122.29189
37.79098 -122.29214
37.79083 -122.29248
37.79073 -122.29278
37.79067 -122.29307
37.79066 -122.29329
37.79068 -122.29345
37.79075 -122.29363
37.79085 -122.29375
37.79088 -122.29396
37.79088 -122.29413
37.79077 -122.29456
37.79038 -122.29660
37.79035 -122.29708
37.79034 -122.29761
37.79037 -122.29775
37.79035 -122.29827
37.79039 -122.29847
37.79034 -122.29881
37.79027 -122.29896
37.79038 -122.30085
37.79055 -122.30214
37.79059 -122.30219
37.79072 -122.30221
37.79074 -122.30225
37.79095 -122.30393
37.79196 -122.30814
37.79236 -122.31007
37.79350 -122.31518
37.79352 -122.31533
37.79346 -122.31581
37.79349 -122.31603
37.79367 -122.31680
37.79376 -122.31704
37.79401 -122.31750
37.79415 -122.31795
37.79502 -122.32177
37.79506 -122.32205
37.79534 -122.32316
37.79571 -122.32491
37.79601 -122.32618
37.79625 -122.32734
37.79680 -122.32934
37.79722 -122.33070
