Newport_Bay
33.799573 -117.792511
33.799540 -117.792144
33.799759 -117.791587
33.799931 -117.791214
33.799871 -117.790725
33.799658 -117.790299
33.799474 -117.790090
33.799189 -117.789822
33.798947 -117.789641
33.798880 -117.789512
33.798818 -117.789323
33.798796 -117.789280
33.798792 -117.789243
33.798784 -117.788822
33.798675 -117.788487
33.798513 -117.788063
33.798275 -117.787671
33.798242 -117.787274
33.798191 -117.786953
33.798183 -117.786907
33.798155 -117.786793
33.797992 -117.786740
33.797745 -117.786734
33.797708 -117.786729
33.797154 -117.786630
33.796593 -117.786707
33.796034 -117.786937
33.795576 -117.787103
33.795083 -117.786718
33.794787 -117.786022
33.794421 -117.785633
33.793877 -117.785281
33.793642 -117.785042
33.793380 -117.784743
33.792940 -117.784510
33.792679 -117.784211
33.792341 -117.783975
33.791965 -117.783710
33.791500 -117.783509
33.791164 -117.783334
33.790668 -117.782858
33.790486 -117.782709
33.790202 -117.782564
33.789914 -117.782235
33.789830 -117.781870
33.789822 -117.781472
33.789816 -117.781165
33.789932 -117.780549
33.790126 -117.779992
33.790321 -117.779496
33.790159 -117.779346
33.789682 -117.779089
33.789392 -117.778949
33.788916 -117.778766
33.788546 -117.778727
33.788238 -117.778736
33.788033 -117.778742
33.787700 -117.778530
33.787287 -117.778394
33.787100 -117.778276
33.786892 -117.778135
33.786725 -117.778017
33.786575 -117.777677
33.786406 -117.777460
33.785952 -117.777350
33.785665 -117.777334
33.785171 -117.777298
33.784698 -117.777238
33.784249 -117.777398
33.783515 -117.777640
33.783309 -117.777621
33.783305 -117.777375
33.783215 -117.777009
33.782861 -117.776749
33.782688 -117.776311
33.782294 -117.776101
33.781923 -117.775989
33.781507 -117.775755
33.781156 -117.775642
33.780948 -117.775500
33.780373 -117.775516
33.779754 -117.775312
33.779357 -117.774955
33.778965 -117.774892
33.778081 -117.774819
33.777624 -117.774537
33.776939 -117.774163
33.776848 -117.773699
33.776677 -117.773384
33.776327 -117.773295
33.775969 -117.772863
33.775699 -117.772674
33.776179 -117.772071
33.776513 -117.771300
33.777093 -117.770497
33.777684 -117.769252
33.778127 -117.768797
33.778486 -117.768271
33.778599 -117.767752
33.778960 -117.767299
33.779316 -117.766601
33.779287 -117.766209
33.778992 -117.765824
33.778678 -117.765489
33.778202 -117.765305
33.777973 -117.765140
33.777721 -117.764852
33.777431 -117.764713
33.777342 -117.764396
33.777500 -117.764072
33.777929 -117.763937
33.778131 -117.763808
33.778409 -117.763284
33.778715 -117.763202
33.779041 -117.763070
33.779368 -117.763012
33.779550 -117.762884
33.779691 -117.762732
33.779582 -117.761359
33.779590 -117.760745
33.779678 -117.760005
33.779670 -117.759563
33.779645 -117.759367
33.779495 -117.759052
33.779183 -117.758815
33.778808 -117.758555
33.778594 -117.758094
33.778240 -117.757858
33.778074 -117.757765
33.778000 -117.757152
33.777808 -117.756789
33.777349 -117.756434
33.776995 -117.756149
33.776406 -117.755428
33.776132 -117.755068
33.775942 -117.754827
33.775669 -117.754516
33.775501 -117.754324
33.775310 -117.753985
33.775033 -117.753501
33.774816 -117.752893
33.774500 -117.752485
33.773977 -117.751983
33.773393 -117.751558
33.773123 -117.751369
33.772774 -117.751379
33.772586 -117.751212
33.772292 -117.750901
33.772104 -117.750710
33.771934 -117.750420
33.771762 -117.750056
33.771512 -117.749866
33.771185 -117.749845
33.771090 -117.750051
33.770934 -117.750056
33.770449 -117.749883
33.770148 -117.749754
33.770078 -117.749724
33.769711 -117.749752
33.769429 -117.749844
33.769248 -117.749968
33.769094 -117.750344
33.769045 -117.750465
33.768835 -117.750590
33.768538 -117.750598
33.768066 -117.750374
33.767879 -117.750193
33.767733 -117.749960
33.767184 -117.749451
33.766825 -117.749173
33.766651 -117.748957
33.766561 -117.748723
33.766543 -117.748537
33.766476 -117.748013
33.766455 -117.747675
33.766320 -117.747289
33.765946 -117.746978
33.765201 -117.746525
33.764765 -117.746374
33.764702 -117.746353
33.764344 -117.746297
33.763914 -117.746011
33.763830 -117.745954
33.763546 -117.745894
33.763377 -117.745680
33.763284 -117.745563
33.762930 -117.744827
33.762717 -117.744088
33.762522 -117.743517
33.762230 -117.743068
33.761736 -117.742472
33.761414 -117.741905
33.761363 -117.741856
33.761110 -117.741609
33.760725 -117.741467
33.760471 -117.741492
33.760006 -117.741590
33.759739 -117.741733
33.759699 -117.741741
33.759387 -117.741810
33.759245 -117.741815
33.759074 -117.741752
33.759035 -117.741735
33.758703 -117.741593
33.758505 -117.741598
33.757981 -117.741596
33.757585 -117.741608
33.757106 -117.741723
33.756114 -117.741684
33.755971 -117.741688
33.755406 -117.741704
33.755095 -117.741623
33.755048 -117.741611
33.754994 -117.741597
33.754765 -117.741468
33.754390 -117.741157
33.754389 -117.741095
33.754385 -117.740882
33.754382 -117.740750
33.754500 -117.740273
33.754607 -117.739987
33.754661 -117.739844
33.754808 -117.739366
33.754824 -117.739260
33.754870 -117.738957
33.754790 -117.738485
33.754496 -117.737952
33.754251 -117.737738
33.753864 -117.737478
33.753705 -117.737313
33.753446 -117.737101
33.753203 -117.737006
33.752889 -117.736879
33.752445 -117.736604
33.752111 -117.736207
33.751833 -117.735774
33.751757 -117.735505
33.751849 -117.735147
33.751944 -117.734907
33.752246 -117.734441
33.752669 -117.733667
33.752979 -117.733398
33.753073 -117.733316
33.753589 -117.732912
33.753660 -117.732810
33.753795 -117.732618
33.754305 -117.731909
33.754356 -117.731847
33.754740 -117.731393
33.754792 -117.731137
33.754783 -117.730994
33.754751 -117.730495
33.754600 -117.730025
33.754733 -117.729597
33.754912 -117.729355
33.755062 -117.729046
33.755109 -117.728587
33.755073 -117.728404
33.755030 -117.728183
33.754857 -117.728035
33.754490 -117.728063
33.753880 -117.728046
33.753397 -117.727958
33.753286 -117.727840
33.753180 -117.727728
33.753073 -117.727341
33.752910 -117.726956
33.752575 -117.726491
33.752347 -117.726159
33.752210 -117.725959
33.751892 -117.725613
33.751721 -117.725406
33.751645 -117.725315
33.751665 -117.724891
33.751755 -117.724414
33.751719 -117.724059
33.751526 -117.723590
33.751395 -117.723425
33.751272 -117.723189
33.751115 -117.722891
33.751072 -117.722844
33.750884 -117.722643
33.750964 -117.722421
33.751207 -117.721804
33.751285 -117.721463
33.751263 -117.721074
33.751114 -117.720739
33.750869 -117.720475
33.750813 -117.720448
33.750519 -117.720301
33.750482 -117.720283
33.750392 -117.720031
33.750387 -117.719761
33.750396 -117.719489
33.750334 -117.719254
33.750218 -117.719122
33.750030 -117.718907
33.749968 -117.718638
33.749935 -117.718401
33.749679 -117.717941
33.749523 -117.717651
33.749293 -117.717454
33.748949 -117.717244
33.748808 -117.716989
33.748791 -117.716916
33.748722 -117.716539
33.748712 -117.716048
33.748650 -117.715779
33.748518 -117.715562
33.748331 -117.715398
33.748127 -117.715116
33.747921 -117.714715
33.747797 -117.714194
33.747663 -117.713892
33.747575 -117.713692
33.747408 -117.713105
33.747353 -117.712909
33.747454 -117.712638
33.747450 -117.712452
33.747448 -117.712351
33.747458 -117.712147
33.747366 -117.711794
33.747293 -117.711644
33.747177 -117.711528
33.747106 -117.711530
33.747035 -117.711532
33.746849 -117.711419
33.746763 -117.711251
33.746746 -117.711219
33.746543 -117.711005
33.746239 -117.710720
33.746139 -117.710627
33.746036 -117.710409
33.745921 -117.710311
33.745832 -117.710110
33.745693 -117.709572
33.745544 -117.709187
33.745384 -117.708585
33.745197 -117.708147
33.745056 -117.708034
33.745017 -117.708003
33.744909 -117.707918
33.744754 -117.707922
33.744443 -117.707948
33.744162 -117.708058
33.743837 -117.708100
33.743588 -117.707997
33.743390 -117.707691
33.743210 -117.707530
33.742958 -117.707331
33.742829 -117.707284
33.742701 -117.707220
33.742302 -117.707113
33.742098 -117.707045
33.741974 -117.707003
33.741666 -117.707003
33.741422 -117.707002
33.741145 -117.706960
33.740945 -117.706847
33.740791 -117.706753
33.740750 -117.706751
33.740665 -117.706753
33.740603 -117.706755
33.740565 -117.706770
33.740420 -117.706828
33.740223 -117.706851
33.739684 -117.706833
33.739471 -117.706771
33.739313 -117.706657
33.739336 -117.706436
33.739579 -117.705819
33.739626 -117.705361
33.739672 -117.705298
33.739957 -117.704911
33.740184 -117.704243
33.740524 -117.703573
33.740723 -117.702890
33.740713 -117.702382
33.740687 -117.701806
33.740665 -117.701451
33.740575 -117.701183
33.740498 -117.700897
33.740241 -117.700786
33.739987 -117.700793
33.739777 -117.700952
33.739583 -117.701127
33.739493 -117.701139
33.739407 -117.701151
33.739258 -117.701170
33.739098 -117.701233
33.738837 -117.701335
33.738807 -117.701341
33.738456 -117.701414
33.738201 -117.701421
33.738127 -117.701365
33.737985 -117.701258
33.737726 -117.701045
33.737352 -117.700898
33.737327 -117.700888
33.737242 -117.700866
33.737028 -117.700812
33.736699 -117.700635
33.736553 -117.700453
33.736338 -117.700324
33.736053 -117.700230
33.735483 -117.700027
33.735208 -117.699730
33.734774 -117.699302
33.734585 -117.699053
33.734508 -117.698751
33.734460 -117.698447
33.734384 -117.698195
33.734356 -117.698184
33.734184 -117.698116
33.733960 -117.698108
33.733660 -117.698098
33.733486 -117.698173
33.733407 -117.698207
33.733210 -117.698280
33.733001 -117.698456
33.732494 -117.698572
33.732371 -117.698796
33.732163 -117.699022
33.731897 -117.699148
33.731767 -117.699152
33.731529 -117.699159
33.731344 -117.699097
33.731215 -117.698961
33.731141 -117.698882
33.730840 -117.698705
33.730781 -117.698669
33.730695 -117.698617
33.730625 -117.698576
33.730542 -117.698663
33.730334 -117.698906
33.729945 -117.699256
33.729852 -117.699360
33.729682 -117.699551
33.729471 -117.699612
33.729134 -117.699774
33.728990 -117.699643
33.728927 -117.699340
33.728934 -117.699045
33.728935 -117.699001
33.728866 -117.698868
33.728787 -117.698717
33.728583 -117.698435
33.728297 -117.698257
33.728168 -117.698210
33.728047 -117.698169
33.727940 -117.698132
33.727839 -117.698033
33.727694 -117.697191
33.727618 -117.696939
33.727628 -117.696684
33.727712 -117.695954
33.727775 -117.695579
33.727693 -117.695023
33.727571 -117.694603
33.727423 -117.694269
33.727301 -117.693882
33.727339 -117.693627
33.727470 -117.693132
33.727677 -117.692838
33.727826 -117.692529
33.727945 -117.692085
33.727951 -117.691696
33.727917 -117.691426
33.727850 -117.691307
33.727814 -117.691242
33.727535 -117.691164
33.727487 -117.691150
33.726944 -117.690946
33.726341 -117.690523
33.726180 -117.690274
33.726131 -117.689920
33.726139 -117.689648
33.726246 -117.689340
33.726403 -117.688692
33.726423 -117.688285
33.726258 -117.687833
33.726096 -117.687516
33.725804 -117.687118
33.725385 -117.686707
33.725211 -117.686475
33.724839 -117.686282
33.724751 -117.686205
33.724651 -117.686118
33.724464 -117.685971
33.724026 -117.686018
33.723468 -117.686126
33.722997 -117.686217
33.722513 -117.686113
33.722439 -117.686053
33.722312 -117.685950
33.722050 -117.685809
33.721982 -117.685773
33.721697 -117.685680
33.721411 -117.685553
33.721392 -117.685316
33.721417 -117.685129
33.721456 -117.684942
33.721539 -117.684244
33.721368 -117.684113
33.720631 -117.684083
33.720150 -117.684097
33.719752 -117.684041
33.719384 -117.684052
33.719000 -117.683945
33.718812 -117.683764
33.718763 -117.683696
33.718681 -117.683581
33.718335 -117.683287
33.718094 -117.683243
33.717785 -117.683388
33.717706 -117.683409
33.717377 -117.683501
33.717149 -117.683457
33.717062 -117.683341
33.717100 -117.683103
33.717121 -117.682747
33.717057 -117.682410
33.716780 -117.682011
33.716504 -117.681698
33.716219 -117.681571
33.715720 -117.681399
33.715491 -117.681287
33.715062 -117.681080
33.714705 -117.680954
33.714532 -117.680790
33.714442 -117.680556
33.714394 -117.680303
33.714245 -117.679935
33.713972 -117.679706
33.713282 -117.679218
33.713050 -117.678937
33.713017 -117.678735
33.713018 -117.678091
33.713055 -117.677836
33.713264 -117.677627
33.713571 -117.677449
33.713852 -117.677339
33.714275 -117.677225
33.714622 -117.676893
33.714743 -117.676601
33.714810 -117.676379
33.715116 -117.676133
33.715343 -117.676127
33.716058 -117.675839
33.716115 -117.675816
33.716296 -117.675658
33.716335 -117.675522
33.716387 -117.675283
33.716383 -117.675072
33.716382 -117.675029
33.716529 -117.674585
33.716566 -117.674330
33.716562 -117.674143
33.716571 -117.673889
33.716694 -117.673682
33.716968 -117.673251
33.717224 -117.672600
33.717543 -117.672252
33.718042 -117.671865
33.718291 -117.671468
33.718453 -117.671090
33.718616 -117.670730
33.718640 -117.670526
33.718591 -117.670223
33.718488 -117.670039
33.718098 -117.669644
33.717896 -117.669447
33.717821 -117.669263
33.717893 -117.668617
33.717900 -117.668296
33.717982 -117.668124
33.718148 -117.667950
33.718689 -117.667648
33.718931 -117.667469
33.719197 -117.667326
33.719465 -117.667250
33.719663 -117.667244
33.719760 -117.667140
33.719914 -117.667051
33.720155 -117.667094
33.720496 -117.666978
33.720591 -117.666946
33.720789 -117.666940
33.720999 -117.666816
33.721134 -117.666507
33.721101 -117.666271
33.720955 -117.666038
33.720853 -117.665939
33.720622 -117.665709
33.720616 -117.665421
33.720681 -117.665131
33.720590 -117.664846
33.720582 -117.664440
33.720622 -117.664337
33.720775 -117.664214
33.721014 -117.664089
33.721096 -117.663985
33.721164 -117.663813
33.721159 -117.663593
33.721067 -117.663257
33.720933 -117.662939
33.720789 -117.662825
33.720759 -117.662707
33.720852 -117.662247
33.721066 -117.662051
33.721084 -117.661562
33.721053 -117.661300
33.720948 -117.661226
33.720807 -117.661231
33.720549 -117.661315
33.720312 -117.661152
33.720103 -117.661019
33.719908 -117.660957
33.719881 -117.660948
33.719752 -117.660967
33.719446 -117.661147
33.719411 -117.661167
33.719164 -117.661310
33.718830 -117.661397
33.718518 -117.661313
33.718145 -117.661100
33.717879 -117.661085
33.717593 -117.661046
33.717329 -117.660760
33.717090 -117.660458
33.716917 -117.660216
33.716831 -117.660211
33.716735 -117.660205
33.716609 -117.660296
33.716531 -117.660351
33.716451 -117.660229
33.716115 -117.659636
33.715927 -117.659301
33.715661 -117.658937
33.715395 -117.658605
33.715301 -117.658391
33.715191 -117.658116
33.715010 -117.657752
33.714881 -117.657491
33.714777 -117.657378
33.714616 -117.657204
33.714365 -117.656933
33.714205 -117.656737
33.714032 -117.656464
33.714014 -117.656232
33.714047 -117.656006
33.713857 -117.655836
33.713712 -117.655732
33.713643 -117.655693
33.713477 -117.655600
33.713338 -117.655604
33.712947 -117.655615
33.712715 -117.655653
33.712512 -117.655876
33.712434 -117.655847
33.712365 -117.655633
33.712321 -117.655386
33.712156 -117.654927
33.712034 -117.654637
33.712026 -117.654576
33.712003 -117.654406
33.711933 -117.654129
33.711829 -117.654132
33.711689 -117.654214
33.711462 -117.654514
33.711420 -117.654545
33.711105 -117.654772
33.710733 -117.654907
33.710231 -117.655015
33.709879 -117.654902
33.709705 -117.654628
33.709465 -117.654295
33.709235 -117.654018
33.709109 -117.653950
33.708968 -117.654127
33.708920 -117.654187
33.708689 -117.654303
33.708568 -117.654340
33.708471 -117.654371
33.708201 -117.654456
33.707842 -117.654606
33.707655 -117.654758
33.707625 -117.654783
33.707500 -117.654972
33.707293 -117.654994
33.706905 -117.654990
33.706683 -117.654888
33.706215 -117.654763
33.706094 -117.654580
33.706013 -117.654382
33.706075 -117.654272
33.706137 -117.654131
33.706183 -117.653851
33.706177 -117.653588
33.706108 -117.653358
33.706111 -117.652894
33.706065 -117.652555
33.706085 -117.652260
33.706158 -117.652026
33.706098 -117.651626
33.706066 -117.651317
33.706047 -117.651055
33.706056 -117.650853
33.706131 -117.650727
33.706320 -117.650474
33.706239 -117.650322
33.706113 -117.649846
33.706110 -117.649707
33.706156 -117.649442
33.706215 -117.649162
33.706215 -117.648559
33.706245 -117.648109
33.706108 -117.647727
33.705935 -117.647531
33.705740 -117.647490
33.705508 -117.647512
33.705326 -117.647471
33.705284 -117.647302
33.705279 -117.647055
33.705209 -117.646794
33.705142 -117.646688
33.705009 -117.646522
33.704941 -117.646369
33.704884 -117.646108
33.704952 -117.645672
33.704864 -117.645165
33.704925 -117.644977
33.705088 -117.644725
33.705173 -117.644459
33.705156 -117.644243
33.704984 -117.644093
33.704868 -117.644097
33.704739 -117.644132
33.704466 -117.644047
33.704308 -117.643943
33.704134 -117.643639
33.703972 -117.643319
33.703823 -117.643014
33.703702 -117.642770
33.703683 -117.642368
33.703640 -117.641517
33.703321 -117.640801
33.703205 -117.640580
33.703174 -117.640140
33.703143 -117.639660
33.703061 -117.639340
33.702980 -117.639000
33.702966 -117.638890
33.702942 -117.638825
33.702921 -117.638527
33.702916 -117.638478
33.702904 -117.638271
33.702859 -117.638050
33.702788 -117.637798
33.702559 -117.637285
33.702467 -117.637077
33.702212 -117.636910
33.701949 -117.636781
33.701678 -117.636830
33.701542 -117.636820
33.701415 -117.636661
33.701293 -117.636523
33.701125 -117.636372
33.700931 -117.636270
33.700738 -117.636275
33.700171 -117.636230
33.700126 -117.636226
33.699967 -117.636217
33.699816 -117.636005
33.699699 -117.635819
33.699525 -117.635635
33.699400 -117.635625
33.699230 -117.635630
33.699027 -117.635650
33.698903 -117.635680
33.698767 -117.635671
33.698651 -117.635525
33.698481 -117.635517
33.698252 -117.635415
33.697921 -117.635276
33.697672 -117.635270
33.697444 -117.635209
33.697351 -117.635077
33.697300 -117.634835
33.697222 -117.634620
33.697036 -117.634396
33.696966 -117.634344
33.696794 -117.634310
33.696658 -117.634139
33.696502 -117.633962
33.696231 -117.633811
33.695755 -117.633771
33.695495 -117.633778
33.695412 -117.633605
33.695316 -117.633364
33.695087 -117.633222
33.694903 -117.633092
33.694756 -117.633097
33.694552 -117.633103
33.694427 -117.633079
33.694323 -117.632974
33.694217 -117.632761
33.694088 -117.632534
33.693925 -117.632323
33.693780 -117.632171
33.693734 -117.632166
33.693691 -117.632167
33.693614 -117.632170
33.693470 -117.632228
33.693324 -117.632313
33.693223 -117.632330
33.693096 -117.632226
33.692935 -117.632095
33.692807 -117.631950
33.692770 -117.631789
33.692731 -117.631573
33.692667 -117.631196
33.692605 -117.630954
33.692523 -117.630808
33.692420 -117.630743
33.692180 -117.630656
33.691973 -117.630526
33.691880 -117.630394
33.691787 -117.630275
33.691659 -117.630102
33.691566 -117.629983
33.691389 -117.629919
33.691360 -117.629910
33.691258 -117.629888
33.691177 -117.629820
33.691056 -117.629720
33.690920 -117.629581
33.690845 -117.629524
33.690798 -117.629519
33.690470 -117.629570
33.690043 -117.629704
33.689781 -117.629631
33.689689 -117.629566
33.689341 -117.629184
33.689099 -117.628961
33.688693 -117.628499
33.688528 -117.628193
33.688353 -117.627954
33.688054 -117.627733
33.687655 -117.627623
33.687337 -117.627579
33.687224 -117.627582
33.687145 -117.627584
33.686968 -117.627806
33.686624 -117.628128
33.686458 -117.628309
33.686431 -117.628634
33.686397 -117.629163
33.686390 -117.629224
33.686340 -117.629680
33.686220 -117.629900
33.686019 -117.630055
33.685945 -117.630108
33.685841 -117.630182
33.685834 -117.630412
33.685849 -117.630574
33.685934 -117.630883
33.685940 -117.631153
33.685949 -117.631565
33.685862 -117.631765
33.685696 -117.631946
33.685382 -117.632063
33.685157 -117.632124
33.684929 -117.632206
33.684662 -117.632302
33.684415 -117.632417
33.684182 -117.632627
33.684069 -117.632712
33.683329 -117.633269
33.683152 -117.633477
33.682707 -117.633829
33.682211 -117.633965
33.682022 -117.634063
33.681763 -117.634195
33.681589 -117.634389
33.681476 -117.634515
33.681185 -117.634686
33.680950 -117.634776
33.680880 -117.634803
33.680803 -117.634833
33.680603 -117.634849
33.680532 -117.634855
33.680469 -117.634871
33.680239 -117.634931
33.680088 -117.634944
33.680013 -117.634951
33.679461 -117.635103
33.679273 -117.635312
33.679143 -117.635613
33.679029 -117.636090
33.678931 -117.636851
33.678903 -117.636943
33.678815 -117.637234
33.678549 -117.637526
33.678271 -117.637778
33.677992 -117.637935
33.677905 -117.637978
33.677756 -117.638050
33.677546 -117.638273
33.677470 -117.638424
33.677360 -117.638705
33.677277 -117.638972
33.677147 -117.639233
33.676959 -117.639468
33.676636 -117.639735
33.676402 -117.639891
33.676133 -117.640021
33.676053 -117.640030
33.675828 -117.640057
33.675470 -117.640284
33.675229 -117.640657
33.675132 -117.640890
33.675057 -117.641181
33.675073 -117.641227
33.675168 -117.641367
33.675183 -117.641450
33.675213 -117.641619
33.675220 -117.641775
33.675209 -117.641875
33.675162 -117.642350
33.674989 -117.642735
33.674758 -117.643053
33.674448 -117.643373
33.674274 -117.643701
33.673965 -117.644118
33.673894 -117.644183
33.673745 -117.644440
33.673107 -117.645030
33.672789 -117.645232
33.672473 -117.645575
33.672323 -117.645738
33.672116 -117.646124
33.672119 -117.646286
33.672162 -117.646391
33.672180 -117.646432
33.672205 -117.646466
33.672387 -117.646781
33.672553 -117.646950
33.672611 -117.647056
33.672607 -117.647170
33.672603 -117.647259
33.672483 -117.647453
33.671946 -117.647793
33.671394 -117.648185
33.671213 -117.648478
33.671120 -117.648900
33.671095 -117.649004
33.671068 -117.649119
33.670970 -117.649297
33.670725 -117.649334
33.670485 -117.649407
33.670319 -117.649574
33.670166 -117.649849
33.670070 -117.650150
33.670079 -117.650569
33.670095 -117.650785
33.670179 -117.651026
33.670234 -117.651228
33.670253 -117.651295
33.670339 -117.651644
33.670312 -117.651956
33.670247 -117.652093
33.670093 -117.652328
33.669907 -117.652631
33.669644 -117.653058
33.669546 -117.653144
33.669499 -117.653185
33.669379 -117.653405
33.669383 -117.653567
33.669412 -117.653891
33.669466 -117.654295
33.669426 -117.654540
33.669355 -117.654663
33.669283 -117.654788
33.669161 -117.654913
33.668939 -117.655096
33.668481 -117.655421
33.668282 -117.655462
33.668256 -117.655468
33.668122 -117.655572
33.668034 -117.655704
33.667900 -117.655790
33.667803 -117.655836
33.667597 -117.655934
33.667197 -117.656284
33.666851 -117.656538
33.666663 -117.656719
33.666627 -117.656877
33.666611 -117.656951
33.666413 -117.657227
33.666123 -117.657439
33.665868 -117.657447
33.665840 -117.657447
33.665581 -117.657536
33.665460 -117.657702
33.665463 -117.657824
33.665508 -117.657975
33.665604 -117.658118
33.665575 -117.658321
33.665343 -117.658633
33.665154 -117.658787
33.664862 -117.658918
33.664254 -117.659057
33.663466 -117.659311
33.663049 -117.659391
33.662823 -117.659397
33.661928 -117.659585
33.661485 -117.659843
33.661159 -117.660001
33.660959 -117.660156
33.660839 -117.660390
33.660844 -117.660633
33.660898 -117.661037
33.660936 -117.661266
33.661020 -117.661494
33.661170 -117.661803
33.661248 -117.662153
33.661233 -117.662637
33.661221 -117.662773
33.661307 -117.663032
33.661326 -117.663136
33.661342 -117.663365
33.661569 -117.663927
33.661541 -117.664753
33.661552 -117.664841
33.661581 -117.665063
33.661428 -117.665352
33.661122 -117.665546
33.661071 -117.665579
33.660691 -117.666020
33.660614 -117.666109
33.660485 -117.666259
33.660140 -117.666581
33.659908 -117.666872
33.659636 -117.667398
33.659560 -117.667545
33.659262 -117.667919
33.658951 -117.668199
33.658706 -117.668423
33.658464 -117.668754
33.658087 -117.669144
33.657291 -117.669586
33.656355 -117.670251
33.655312 -117.670762
33.654308 -117.670940
33.654012 -117.670841
33.653682 -117.670668
33.653645 -117.670648
33.653362 -117.670643
33.653015 -117.670816
33.652667 -117.671171
33.652533 -117.671307
33.652482 -117.671359
33.652262 -117.671636
33.652224 -117.671989
33.652324 -117.672460
33.652630 -117.673019
33.652746 -117.673191
33.653074 -117.673709
33.653159 -117.673978
33.653233 -117.674273
33.653148 -117.675192
33.653057 -117.675631
33.653028 -117.675689
33.652981 -117.675782
33.652751 -117.676181
33.652756 -117.676425
33.652868 -117.676895
33.652946 -117.677145
33.652926 -117.677502
33.652762 -117.677832
33.652496 -117.678070
33.652030 -117.678543
33.651783 -117.678659
33.651467 -117.678695
33.650820 -117.678633
33.650410 -117.678537
33.650022 -117.678386
33.649893 -117.678132
33.649747 -117.677650
33.649561 -117.677425
33.649327 -117.677214
33.649284 -117.677176
33.649153 -117.677129
33.648547 -117.677103
33.648180 -117.676897
33.647757 -117.676693
33.647621 -117.676684
33.647383 -117.676704
33.646942 -117.676717
33.646615 -117.676754
33.646191 -117.676817
33.645792 -117.676694
33.645500 -117.676359
33.645207 -117.676332
33.644373 -117.676519
33.644000 -117.676530
33.643813 -117.676626
33.643776 -117.676645
33.643530 -117.676787
33.643235 -117.676782
33.643109 -117.676691
33.642980 -117.676479
33.642894 -117.676170
33.642791 -117.676092
33.642425 -117.675940
33.641955 -117.675629
33.641812 -117.675605
33.641546 -117.675560
33.641175 -117.675693
33.640936 -117.676200
33.640539 -117.676713
33.640203 -117.676898
33.639917 -117.677299
33.639800 -117.677695
33.639799 -117.678168
33.639809 -117.678695
33.639840 -117.679060
33.639747 -117.679476
33.639606 -117.679797
33.639372 -117.679993
33.639094 -117.680040
33.638001 -117.680429
33.636611 -117.681041
33.635901 -117.681353
33.634989 -117.682164
33.633820 -117.683700
33.633492 -117.684251
33.633246 -117.684961
33.633235 -117.685557
33.633160 -117.686290
33.632967 -117.686850
33.632297 -117.687830
33.631885 -117.688297
33.631599 -117.688621
33.630304 -117.689247
33.628885 -117.689787
33.628686 -117.689862
33.627637 -117.690596
33.626161 -117.692060
33.625414 -117.692676
33.625113 -117.693072
33.624940 -117.693299
33.624550 -117.694135
33.624423 -117.694577
33.623841 -117.696604
33.623712 -117.696881
33.623375 -117.697602
33.621989 -117.699274
33.621342 -117.701191
33.620906 -117.702056
33.620430 -117.702597
33.619860 -117.702979
33.619358 -117.703345
33.618904 -117.703832
33.618572 -117.704233
33.618323 -117.704782
33.617018 -117.707457
33.615822 -117.709869
33.614537 -117.711840
33.613221 -117.713433
33.610340 -117.715964
33.609046 -117.717206
33.608430 -117.717941
33.608082 -117.718358
33.607851 -117.718633
33.607112 -117.719839
33.605860 -117.721214
33.605427 -117.721687
33.605351 -117.722433
33.605166 -117.723359
33.604576 -117.724134
33.604299 -117.724328
33.604075 -117.724383
33.603417 -117.724520
33.602821 -117.724643
33.602366 -117.724798
33.601705 -117.725079
33.601329 -117.725197
33.601040 -117.725193
33.600660 -117.725133
33.600269 -117.724989
33.600237 -117.725007
33.600200 -117.725027
33.600193 -117.725158
33.600204 -117.725254
33.600253 -117.725691
33.600295 -117.726056
33.600343 -117.726470
33.600271 -117.727059
33.599933 -117.727721
33.599679 -117.728066
33.599482 -117.728383
33.599297 -117.729349
33.599317 -117.729768
33.599084 -117.730573
33.599005 -117.731184
33.598892 -117.731689
33.598655 -117.732042
33.598340 -117.732342
33.597993 -117.732516
33.597694 -117.732835
33.597650 -117.733674
33.597431 -117.734209
33.597407 -117.734501
33.597392 -117.734881
33.597583 -117.735016
33.597632 -117.735075
33.597756 -117.735230
33.597835 -117.735339
33.597940 -117.735486
33.598194 -117.735944
33.598416 -117.736289
33.598499 -117.736390
33.598596 -117.736525
33.598717 -117.736617
33.598959 -117.736753
33.599060 -117.736755
33.599178 -117.736758
33.599506 -117.736678
33.599950 -117.736451
33.600340 -117.736350
33.600413 -117.736322
33.600480 -117.736284
33.600782 -117.736141
33.600878 -117.735996
33.601063 -117.735723
33.601158 -117.735583
33.601448 -117.735199
33.601477 -117.735156
33.601690 -117.734770
33.601788 -117.734696
33.602078 -117.734747
33.602316 -117.734801
33.602556 -117.734722
33.602817 -117.734660
33.603121 -117.734587
33.603516 -117.734397
33.603836 -117.734153
33.604060 -117.734068
33.604308 -117.733996
33.604561 -117.734070
33.604715 -117.734256
33.604749 -117.734493
33.604806 -117.734860
33.604768 -117.735036
33.604752 -117.735112
33.604679 -117.735447
33.604685 -117.735768
33.604718 -117.735922
33.604847 -117.735906
33.605351 -117.735690
33.605925 -117.735483
33.606438 -117.735218
33.606803 -117.735041
33.606913 -117.734957
33.607255 -117.734695
33.607454 -117.734689
33.607724 -117.734741
33.607819 -117.734976
33.608038 -117.735482
33.608183 -117.735775
33.608426 -117.735959
33.608612 -117.736275
33.608659 -117.736619
33.608646 -117.737000
33.608602 -117.737275
33.608483 -117.737679
33.608315 -117.737866
33.608181 -117.738144
33.608196 -117.738405
33.608345 -117.738889
33.608431 -117.739208
33.608717 -117.739557
33.608926 -117.740039
33.609005 -117.740335
33.609023 -117.740405
33.608951 -117.740752
33.608697 -117.741021
33.608381 -117.741159
33.608034 -117.741276
33.607815 -117.741282
33.607586 -117.741358
33.607447 -117.741401
33.606981 -117.741461
33.606735 -117.741610
33.606529 -117.741747
33.606463 -117.741952
33.606419 -117.742262
33.606397 -117.742481
33.606321 -117.742748
33.606255 -117.742964
33.606286 -117.743022
33.606344 -117.743065
33.606393 -117.743119
33.606493 -117.743222
33.606789 -117.743323
33.606909 -117.743348
33.607103 -117.743510
33.607318 -117.744064
33.607348 -117.744366
33.607413 -117.745114
33.607591 -117.745550
33.607759 -117.745961
33.608025 -117.746311
33.608253 -117.746733
33.608267 -117.746947
33.608286 -117.747422
33.608283 -117.747756
33.608268 -117.747994
33.608154 -117.748295
33.607980 -117.748562
33.607796 -117.748805
33.607670 -117.748987
33.607515 -117.749120
33.607418 -117.749339
33.607415 -117.749408
33.607397 -117.749816
33.607375 -117.750209
33.607331 -117.750520
33.607157 -117.750787
33.606873 -117.751021
33.606708 -117.751228
33.606694 -117.751256
33.606622 -117.751409
33.606624 -117.751516
33.606666 -117.751658
33.606779 -117.751833
33.607031 -117.751933
33.607202 -117.752035
33.607246 -117.752148
33.607276 -117.752224
33.607278 -117.752340
33.607281 -117.752473
33.607315 -117.752710
33.607347 -117.752829
33.607520 -117.753011
33.607804 -117.753264
33.607978 -117.753462
33.607981 -117.753640
33.607956 -117.753891
33.607910 -117.754059
33.607894 -117.754273
33.607852 -117.754667
33.607885 -117.755086
33.607892 -117.755178
33.607969 -117.755595
33.608049 -117.756031
33.608135 -117.756361
33.608230 -117.756644
33.608235 -117.756894
33.608202 -117.757252
33.608032 -117.757709
33.608020 -117.757751
33.607948 -117.758009
33.607779 -117.758502
33.607558 -117.758937
33.607143 -117.759648
33.606845 -117.760159
33.606495 -117.760621
33.606280 -117.760817
33.606055 -117.761050
33.605953 -117.761102
33.605907 -117.761126
33.605780 -117.761272
33.605716 -117.761524
33.605702 -117.761833
33.605785 -117.762022
33.605868 -117.762174
33.605881 -117.762201
33.605972 -117.762397
33.606085 -117.762573
33.606238 -117.762747
33.606254 -117.763032
33.606251 -117.763413
33.606401 -117.764707
33.606418 -117.765028
33.606439 -117.765611
33.606393 -117.766278
33.606408 -117.766564
33.606397 -117.767028
33.606402 -117.767254
33.606437 -117.767539
33.606511 -117.767751
33.606526 -117.768012
33.606532 -117.768298
33.606535 -117.768451
33.606536 -117.768488
33.606472 -117.768775
33.606460 -117.769204
33.606464 -117.769406
33.606519 -117.769655
33.606584 -117.769927
33.606619 -117.770188
33.606692 -117.770364
33.606812 -117.770373
33.607179 -117.770291
33.607457 -117.770235
33.607763 -117.770096
33.607953 -117.770079
33.608152 -117.770109
33.608489 -117.770016
33.608716 -117.769913
33.608796 -117.769876
33.608961 -117.769822
33.609063 -117.769833
33.609115 -117.769891
33.609187 -117.769996
33.609240 -117.770150
33.609279 -117.770281
33.609304 -117.770362
33.609399 -117.770633
33.609423 -117.770835
33.609498 -117.771106
33.609551 -117.771283
33.609614 -117.771472
33.609738 -117.771659
33.609847 -117.771868
33.610007 -117.772175
33.610112 -117.772458
33.610151 -117.772909
33.610296 -117.773179
33.610308 -117.773286
33.610342 -117.773475
33.610480 -117.773924
33.610476 -117.774209
33.610429 -117.774353
33.610182 -117.774479
33.609917 -117.774689
33.609495 -117.775022
33.609133 -117.775366
33.608884 -117.775373
33.608614 -117.775309
33.608464 -117.775229
33.608402 -117.775196
33.608131 -117.775120
33.607773 -117.775154
33.607726 -117.775165
33.607660 -117.775209
33.607356 -117.775431
33.607159 -117.775544
33.607030 -117.775583
33.606931 -117.775586
33.606521 -117.775536
33.606385 -117.775534
33.606052 -117.775574
33.605882 -117.775698
33.605748 -117.775796
33.605263 -117.775976
33.604965 -117.776021
33.604695 -117.775969
33.604417 -117.775888
33.604174 -117.775817
33.603804 -117.775791
33.603555 -117.775798
33.602887 -117.775874
33.602571 -117.775909
33.602501 -117.775911
33.602455 -117.775912
33.602101 -117.776054
33.601834 -117.776077
33.601830 -117.776267
33.601785 -117.776502
33.601643 -117.776887
33.601661 -117.777291
33.601727 -117.777644
33.601875 -117.778059
33.601909 -117.778111
33.602122 -117.778445
33.602176 -117.778646
33.602212 -117.778866
33.602266 -117.779190
33.602478 -117.779815
33.602630 -117.780430
33.602718 -117.780880
33.602920 -117.781505
33.602990 -117.781659
33.603107 -117.781916
33.603108 -117.782452
33.603078 -117.782964
33.603060 -117.783069
33.603015 -117.783335
33.603046 -117.783905
33.603182 -117.784238
33.603504 -117.784898
33.603595 -117.785219
33.603600 -117.785489
33.603665 -117.785772
33.603788 -117.785935
33.603906 -117.786076
33.604174 -117.786510
33.604229 -117.786758
33.604225 -117.787068
33.604229 -117.787306
33.604367 -117.787719
33.604399 -117.787888
33.604431 -117.788260
33.604664 -117.789023
33.604676 -117.789269
33.604579 -117.789879
33.604426 -117.790252
33.604330 -117.790397
33.604055 -117.791269
33.603995 -117.791624
33.604024 -117.792108
33.603974 -117.792626
33.603763 -117.793024
33.603479 -117.793282
33.603366 -117.793321
33.603251 -117.793360
33.603004 -117.793462
33.602798 -117.793658
33.602613 -117.793854
33.602589 -117.794140
33.602734 -117.794433
33.602916 -117.794583
33.602978 -117.794712
33.602996 -117.795081
33.603005 -117.795556
33.603000 -117.795818
33.603003 -117.795973
33.603068 -117.796084
33.603096 -117.796125
33.603114 -117.796161
33.603126 -117.796193
33.603122 -117.796434
33.603194 -117.796580
33.603278 -117.796620
33.603364 -117.796617
33.603419 -117.796628
33.603575 -117.796659
33.603995 -117.796755
33.604227 -117.796903
33.604297 -117.796943
33.604973 -117.797335
33.605602 -117.797912
33.606031 -117.798436
33.606088 -117.798502
33.606560 -117.799390
33.606647 -117.799527
33.606642 -117.799621
33.606543 -117.799659
33.606364 -117.799777
33.606317 -117.799809
33.606153 -117.800122
33.606097 -117.800421
33.606040 -117.800722
33.605766 -117.801405
33.605636 -117.801708
33.605623 -117.801742
33.605590 -117.801806
33.605279 -117.802519
33.605086 -117.802986
33.605064 -117.803052
33.605001 -117.803238
33.605044 -117.803404
33.605224 -117.803697
33.605274 -117.803795
33.605314 -117.803876
33.605339 -117.803938
33.605363 -117.804070
33.605370 -117.804385
33.605472 -117.804743
33.605477 -117.804795
33.605465 -117.804870
33.605338 -117.804835
33.604998 -117.804772
33.604777 -117.804683
33.604413 -117.804431
33.604229 -117.804210
33.603975 -117.803932
33.603744 -117.803855
33.603061 -117.803820
33.602905 -117.803824
33.602862 -117.803826
33.602396 -117.803981
33.602109 -117.804073
33.601871 -117.804162
33.601577 -117.804409
33.601360 -117.804486
33.600814 -117.804608
33.600487 -117.804701
33.600140 -117.804794
33.599433 -117.804825
33.598899 -117.804767
33.598823 -117.804759
33.598723 -117.804733
33.598403 -117.804651
33.598062 -117.804554
33.597936 -117.804542
33.597762 -117.804526
33.597168 -117.804374
33.596963 -117.804406
33.596773 -117.804411
33.596495 -117.804466
33.596022 -117.804741
33.595605 -117.804824
33.594979 -117.804924
33.594356 -117.805129
33.594187 -117.805184
33.594075 -117.805242
33.593822 -117.805373
33.593242 -117.805782
33.592371 -117.806103
33.592064 -117.806219
33.591690 -117.806327
33.591609 -117.806350
33.590971 -117.806380
33.590380 -117.806706
33.589825 -117.806899
33.589182 -117.807155
33.588818 -117.807391
33.588446 -117.807711
33.588070 -117.808150
33.587983 -117.808271
33.587985 -117.808380
33.587893 -117.808761
33.587723 -117.809254
33.587554 -117.809818
33.587385 -117.810358
33.587095 -117.810782
33.586827 -117.811063
33.586557 -117.811345
33.586541 -117.811386
33.586396 -117.811766
33.586192 -117.812021
33.585754 -117.812069
33.585525 -117.812063
33.585334 -117.811997
33.585230 -117.811912
33.585081 -117.811790
33.584682 -117.811753
33.584282 -117.811717
33.583925 -117.811810
33.583668 -117.811888
33.583331 -117.811993
33.582943 -117.812039
33.582665 -117.812071
33.582133 -117.812418
33.581601 -117.812754
33.581496 -117.812971
33.581332 -117.813262
33.581082 -117.813629
33.581017 -117.813724
33.580769 -117.813918
33.580654 -117.814007
33.580290 -117.814279
33.580154 -117.814420
33.579831 -117.814756
33.579564 -117.814858
33.579146 -117.814870
33.578214 -117.814935
33.578041 -117.814948
33.577783 -117.815002
33.577594 -117.815055
33.577351 -117.815336
33.576984 -117.815464
33.576817 -117.815600
33.576650 -117.815688
33.576594 -117.815822
33.576535 -117.815965
33.576348 -117.816089
33.576249 -117.816115
33.576010 -117.816086
33.575572 -117.816158
33.575226 -117.816274
33.574897 -117.816260
33.574527 -117.816210
33.574264 -117.816042
33.574069 -117.815699
33.573833 -117.815397
33.573564 -117.815368
33.573368 -117.815552
33.573069 -117.815658
33.572744 -117.815736
33.572415 -117.815733
33.572211 -117.815679
33.571884 -117.815593
33.571148 -117.815447
33.570388 -117.815277
33.570070 -117.815322
33.569801 -117.815459
33.569576 -117.815573
33.569092 -117.815917
33.568772 -117.816238
33.568456 -117.816401
33.568300 -117.816596
33.568017 -117.816901
33.567755 -117.817253
33.567511 -117.817557
33.567240 -117.817981
33.567024 -117.818514
33.566879 -117.818871
33.566832 -117.818942
33.566579 -117.819320
33.566307 -117.819731
33.565975 -117.820074
33.565912 -117.820420
33.565928 -117.820753
33.565914 -117.821039
33.565799 -117.821256
33.565771 -117.821264
33.565650 -117.821296
33.565481 -117.821324
33.565271 -117.821290
33.564668 -117.821191
33.564117 -117.821168
33.563684 -117.821248
33.563483 -117.821328
33.563051 -117.821750
33.562911 -117.821886
33.562534 -117.822144
33.562428 -117.822173
33.561963 -117.822302
33.561703 -117.822318
33.561660 -117.822320
33.560219 -117.822247
33.512410 -117.856279
33.512929 -117.857118
33.513461 -117.857946
33.514005 -117.858763
33.514561 -117.859569
33.515129 -117.860363
33.515708 -117.861145
33.516298 -117.861914
33.516900 -117.862672
33.517512 -117.863416
33.518136 -117.864148
33.518770 -117.864867
33.519414 -117.865573
33.520069 -117.866265
33.520733 -117.866943
33.521408 -117.867607
33.522091 -117.868257
33.522785 -117.868893
33.523487 -117.869514
33.524199 -117.870121
33.524890 -117.870689
33.525141 -117.871090
33.525673 -117.871919
33.526217 -117.872736
33.526773 -117.873542
33.527340 -117.874336
33.527919 -117.875118
33.528510 -117.875888
33.529111 -117.876645
33.529724 -117.877390
33.530347 -117.878122
33.530981 -117.878841
33.531625 -117.879546
33.532280 -117.880238
33.532944 -117.880917
33.533619 -117.881581
33.534303 -117.882231
33.534996 -117.882867
33.535102 -117.882962
33.535159 -117.883116
33.535521 -117.884066
33.535897 -117.885008
33.536287 -117.885943
33.536691 -117.886869
33.537108 -117.887786
33.537538 -117.888695
33.537981 -117.889595
33.538438 -117.890485
33.538473 -117.890551
33.538702 -117.891120
33.539092 -117.892054
33.539490 -117.892969
33.539498 -117.893013
33.539702 -117.894028
33.539921 -117.895039
33.540155 -117.896045
33.540403 -117.897046
33.540666 -117.898042
33.540943 -117.899032
33.541235 -117.900016
33.541541 -117.900994
33.541861 -117.901966
33.542195 -117.902930
33.542544 -117.903888
33.542906 -117.904838
33.543282 -117.905780
33.543672 -117.906715
33.544076 -117.907641
33.544493 -117.908559
33.544923 -117.909468
33.545366 -117.910367
33.545823 -117.911258
33.546292 -117.912139
33.546775 -117.913009
33.547270 -117.913870
33.547777 -117.914720
33.548297 -117.915560
33.548829 -117.916389
33.549373 -117.917206
33.549929 -117.918012
33.550496 -117.918806
33.551075 -117.919588
33.551666 -117.920358
33.552267 -117.921116
33.552873 -117.921853
33.552976 -117.922214
33.553261 -117.923177
33.553272 -117.923241
33.553446 -117.924264
33.553589 -117.925042
33.553742 -117.925862
33.553770 -117.926007
33.553825 -117.926292
33.553870 -117.926524
33.553915 -117.926758
33.554119 -117.927773
33.554286 -117.928555
33.554419 -117.929158
33.554545 -117.929711
33.554565 -117.929799
33.554688 -117.930359
33.554922 -117.931366
33.555170 -117.932367
33.555188 -117.932439
33.555274 -117.933205
33.555403 -117.934238
33.555548 -117.935268
33.555707 -117.936294
33.555881 -117.937318
33.555957 -117.937738
33.556097 -117.938486
33.556207 -117.939043
33.556288 -117.939470
33.556492 -117.940485
33.556711 -117.941496
33.556945 -117.942502
33.557193 -117.943504
33.557456 -117.944500
33.557733 -117.945490
33.558024 -117.946474
33.558330 -117.947453
33.558651 -117.948424
33.558893 -117.949128
33.559053 -117.949585
33.559402 -117.950543
33.559594 -117.951054
33.559840 -117.951697
33.560027 -117.952182
33.560109 -117.952392
33.560237 -117.952717
33.560547 -117.953490
33.560936 -117.954425
33.561340 -117.955351
33.561343 -117.955358
33.561493 -117.955698
33.561910 -117.956616
33.562273 -117.957384
33.562485 -117.957828
33.562928 -117.958728
33.563327 -117.959507
33.563556 -117.959950
33.564026 -117.960831
33.564508 -117.961702
33.565003 -117.962563
33.565510 -117.963413
33.566030 -117.964253
33.566046 -117.964278
33.566274 -117.964642
33.566346 -117.964757
33.566445 -117.964914
33.566977 -117.965742
33.567521 -117.966560
33.567998 -117.967253
33.568248 -117.967613
33.568815 -117.968407
33.569191 -117.968918
33.569459 -117.969276
33.570049 -117.970046
33.570547 -117.970675
33.570865 -117.971073
33.571478 -117.971819
33.572101 -117.972551
33.572437 -117.972935
33.572489 -117.972996
33.573123 -117.973715
33.573768 -117.974421
33.573948 -117.974614
33.574513 -117.975210
33.574765 -117.975471
33.575188 -117.975902
33.575518 -117.976240
33.575980 -117.976709
33.576654 -117.977374
33.577338 -117.978024
33.577801 -117.978452
33.577933 -117.978589
33.578597 -117.979268
33.579272 -117.979932
33.579810 -117.980446
33.580002 -117.980627
33.580695 -117.981263
33.580812 -117.981368
33.581100 -117.982119
33.581476 -117.983062
33.581866 -117.983997
33.582269 -117.984923
33.582686 -117.985841
33.583116 -117.986751
33.583481 -117.987492
33.583616 -117.987786
33.584046 -117.988695
33.584490 -117.989595
33.584946 -117.990486
33.585416 -117.991367
33.585898 -117.992238
33.629551 -117.959433
33.628720 -117.957344
33.628870 -117.957103
33.629078 -117.956721
33.629128 -117.956528
33.629292 -117.955894
33.629070 -117.954701
33.629002 -117.954006
33.628798 -117.952423
33.628790 -117.951360
33.628854 -117.950071
33.628464 -117.949162
33.627265 -117.948484
33.626349 -117.948272
33.625618 -117.948002
33.625155 -117.947536
33.625070 -117.947451
33.624977 -117.946922
33.625037 -117.946288
33.625197 -117.945650
33.625418 -117.945200
33.625545 -117.945060
33.625758 -117.944986
33.625915 -117.944965
33.626410 -117.944593
33.626632 -117.944228
33.627035 -117.943516
33.627212 -117.943015
33.627246 -117.942535
33.627223 -117.942074
33.627289 -117.941764
33.627385 -117.941539
33.627625 -117.941345
33.627837 -117.941185
33.628020 -117.940976
33.628015 -117.940736
33.627809 -117.940434
33.627576 -117.940183
33.627330 -117.939300
33.626817 -117.937842
33.626510 -117.936591
33.626390 -117.936147
33.626444 -117.935762
33.626521 -117.935354
33.626677 -117.935198
33.626730 -117.935145
33.626949 -117.935117
33.627055 -117.935103
33.627544 -117.935311
33.627697 -117.935374
33.627952 -117.935619
33.629284 -117.936906
33.629573 -117.937254
33.629789 -117.937401
33.630114 -117.937375
33.630867 -117.937018
33.631124 -117.936908
33.631330 -117.936799
33.631701 -117.936623
33.631847 -117.936515
33.632103 -117.936373
33.632614 -117.936104
33.633156 -117.935987
33.634170 -117.935925
33.635257 -117.935932
33.635355 -117.935933
33.637435 -117.935946
33.638430 -117.935618
33.639802 -117.934826
33.640409 -117.934476
33.641174 -117.933603
33.641746 -117.932729
33.641870 -117.932305
33.641885 -117.932036
33.641895 -117.931845
33.641903 -117.931475
33.641900 -117.931433
33.641773 -117.930780
33.641683 -117.930283
33.641679 -117.930220
33.641457 -117.927788
33.641644 -117.926395
33.641837 -117.923005
33.641578 -117.922375
33.640894 -117.921641
33.640314 -117.921170
33.639731 -117.920516
33.639429 -117.920235
33.639029 -117.920001
33.638915 -117.919863
33.639953 -117.918507
33.640173 -117.918268
33.640627 -117.917774
33.642907 -117.916309
33.645368 -117.914893
33.647224 -117.913037
33.648939 -117.911531
33.651035 -117.909467
33.652075 -117.908492
33.652354 -117.908281
33.652916 -117.908040
33.655859 -117.907963
33.656778 -117.908139
33.657597 -117.908165
33.660662 -117.908084
33.661062 -117.908254
33.661617 -117.908669
33.662220 -117.909601
33.664446 -117.911484
33.665159 -117.911956
33.666495 -117.912640
33.670084 -117.913518
33.671395 -117.913484
33.673526 -117.913752
33.674893 -117.914311
33.676030 -117.914659
33.677613 -117.914618
33.677800 -117.914565
33.677856 -117.914349
33.677802 -117.890972
33.677697 -117.890688
33.677474 -117.890479
33.677132 -117.890345
33.676867 -117.890066
33.676440 -117.889600
33.676131 -117.889084
33.676120 -117.888536
33.675948 -117.887848
33.676010 -117.886916
33.676177 -117.886220
33.676172 -117.885934
33.675920 -117.885297
33.675946 -117.884947
33.675952 -117.884866
33.676444 -117.884495
33.676785 -117.884332
33.677077 -117.884192
33.678191 -117.884000
33.679141 -117.883569
33.685387 -117.883546
33.695067 -117.883573
33.695927 -117.883670
33.696667 -117.883769
33.697493 -117.884177
33.698423 -117.884820
33.699176 -117.885611
33.701341 -117.887725
33.702372 -117.888437
33.702975 -117.888660
33.703937 -117.888873
33.704420 -117.889075
33.704927 -117.889562
33.705358 -117.890195
33.705868 -117.890778
33.706291 -117.890982
33.706672 -117.891067
33.711002 -117.891047
33.714865 -117.891133
33.715381 -117.890952
33.716073 -117.890624
33.716472 -117.890613
33.721819 -117.890542
33.723262 -117.890862
33.723363 -117.890931
33.723407 -117.891168
33.723436 -117.893793
33.723479 -117.893959
33.723620 -117.894027
33.723799 -117.894022
33.727302 -117.894024
33.734044 -117.893893
33.734493 -117.893857
33.734926 -117.893535
33.735501 -117.893377
33.737570 -117.891937
33.738929 -117.890970
33.741436 -117.889494
33.742640 -117.888794
33.743850 -117.888380
33.745342 -117.888149
33.746393 -117.887786
33.746876 -117.887487
33.747916 -117.886504
33.748421 -117.885750
33.749527 -117.885172
33.750385 -117.885149
33.750862 -117.884928
33.752519 -117.884017
33.755160 -117.882251
33.755353 -117.882053
33.755887 -117.881160
33.756617 -117.879784
33.757545 -117.878923
33.758290 -117.878361
33.758991 -117.877460
33.759267 -117.877091
33.759695 -117.876718
33.760743 -117.876215
33.761565 -117.875719
33.761898 -117.875409
33.762504 -117.874793
33.763594 -117.873307
33.763905 -117.872579
33.764110 -117.872099
33.764241 -117.870567
33.764691 -117.869050
33.765347 -117.867862
33.766398 -117.866401
33.767821 -117.864619
33.770366 -117.862043
33.771913 -117.860855
33.772877 -117.858182
33.773197 -117.857333
33.773454 -117.856140
33.773786 -117.855701
33.774555 -117.855409
33.774962 -117.855130
33.775493 -117.854597
33.775925 -117.853396
33.776187 -117.852167
33.776168 -117.851213
33.775928 -117.850734
33.775497 -117.849971
33.775359 -117.849285
33.775404 -117.848924
33.775537 -117.847871
33.775981 -117.847001
33.776712 -117.846399
33.776849 -117.845537
33.776828 -117.844404
33.776443 -117.843036
33.775477 -117.840284
33.775422 -117.836558
33.775572 -117.834000
33.775642 -117.833706
33.775758 -117.833222
33.776040 -117.832197
33.776317 -117.831872
33.776971 -117.830950
33.777017 -117.830904
33.777639 -117.830864
33.777677 -117.830861
33.779129 -117.830733
33.779600 -117.830675
33.779884 -117.830735
33.780318 -117.830700
33.780694 -117.830600
33.780706 -117.830260
33.780724 -117.829242
33.780902 -117.828627
33.781221 -117.828247
33.783207 -117.827211
33.785856 -117.826654
33.786977 -117.826199
33.787603 -117.825528
33.789183 -117.823830
33.789752 -117.822803
33.791156 -117.819914
33.791275 -117.819700
33.791389 -117.819046
33.791699 -117.818472
33.792780 -117.816988
33.793245 -117.816349
33.793978 -117.815365
33.796860 -117.811727
33.798717 -117.809147
33.800028 -117.806751
33.800587 -117.805634
33.801334 -117.804140
33.802265 -117.801999
33.802930 -117.799284
33.803124 -117.798726
33.803115 -117.798298
33.802846 -117.797631
33.802634 -117.797238
33.802572 -117.796688
33.802461 -117.796232
33.802295 -117.795592
33.802109 -117.795230
33.801987 -117.794825
33.801919 -117.794477
33.801860 -117.794177
33.801842 -117.794086
33.801648 -117.793820
33.801460 -117.793848
33.801291 -117.793873
33.800854 -117.793885
33.800365 -117.793746
33.799868 -117.793208
33.799573 -117.792511
