Santa_Barbara_Channel_Islands
34.110226 -120.319691
34.109635 -120.318916
34.109033 -120.318154
34.108606 -120.317632
34.108560 -120.317401
34.108341 -120.316384
34.108107 -120.315371
34.107858 -120.314363
34.107595 -120.313361
34.107318 -120.312365
34.107026 -120.311374
34.106719 -120.310390
34.106399 -120.309412
34.106064 -120.308441
34.105715 -120.307477
34.105353 -120.306521
34.104976 -120.305573
34.104586 -120.304632
34.104182 -120.303700
34.103765 -120.302777
34.103334 -120.301862
34.102890 -120.300957
34.102433 -120.300061
34.101963 -120.299175
34.101480 -120.298299
34.100985 -120.297433
34.100477 -120.296578
34.099957 -120.295733
34.099424 -120.294900
34.098880 -120.294078
34.098324 -120.293267
34.097756 -120.292468
34.097176 -120.291682
34.096585 -120.290907
34.095983 -120.290145
34.095370 -120.289396
34.094747 -120.288660
34.094112 -120.287937
34.093467 -120.287227
34.092812 -120.286531
34.092147 -120.285849
34.091473 -120.285181
34.090788 -120.284527
34.090094 -120.283888
34.089391 -120.283264
34.088680 -120.282654
34.087959 -120.282059
34.087230 -120.281480
34.086492 -120.280916
34.085746 -120.280367
34.085317 -120.280061
34.084581 -120.279519
34.083827 -120.278986
34.083066 -120.278469
34.082298 -120.277969
34.081522 -120.277484
34.080739 -120.277016
34.079950 -120.276564
34.079154 -120.276129
34.078353 -120.275710
34.077545 -120.275309
34.076731 -120.274924
34.075912 -120.274557
34.075818 -120.274517
34.075711 -120.274382
34.075098 -120.273633
34.074474 -120.272897
34.073840 -120.272174
34.073609 -120.271917
34.073259 -120.271521
34.072614 -120.270812
34.071959 -120.270116
34.071294 -120.269434
34.070619 -120.268766
34.070232 -120.268394
34.070178 -120.268341
34.069959 -120.268129
34.069844 -120.268004
34.069189 -120.267309
34.068524 -120.266627
34.067849 -120.265959
34.067165 -120.265305
34.066471 -120.264666
34.065768 -120.264042
34.065056 -120.263432
34.064335 -120.262838
34.064309 -120.262817
34.064306 -120.262814
34.063683 -120.262078
34.063048 -120.261355
34.062403 -120.260646
34.061748 -120.259950
34.061083 -120.259268
34.060409 -120.258600
34.059724 -120.257947
34.059030 -120.257308
34.058327 -120.256684
34.057761 -120.256198
34.057877 -120.255755
34.057955 -120.255451
34.058204 -120.254444
34.058437 -120.253432
34.058656 -120.252415
34.058861 -120.251394
34.059050 -120.250368
34.059224 -120.249339
34.059384 -120.248306
34.059528 -120.247270
34.059657 -120.246232
34.059771 -120.245190
34.059871 -120.244147
34.059954 -120.243101
34.060023 -120.242054
34.060076 -120.241005
34.060115 -120.239956
34.060137 -120.238906
34.060140 -120.238750
34.060225 -120.238235
34.060384 -120.237203
34.060528 -120.236167
34.060658 -120.235128
34.060772 -120.234087
34.060789 -120.233922
34.060810 -120.233718
34.060909 -120.232674
34.060993 -120.231629
34.061061 -120.230582
34.061115 -120.229533
34.061153 -120.228484
34.061176 -120.227434
34.061183 -120.226384
34.061176 -120.225333
34.061153 -120.224283
34.061115 -120.223234
34.061077 -120.222470
34.061078 -120.222136
34.061070 -120.221086
34.061047 -120.220036
34.061009 -120.218987
34.060956 -120.217938
34.060887 -120.216891
34.060803 -120.215846
34.060704 -120.214802
34.060590 -120.213761
34.060461 -120.212722
34.060370 -120.212056
34.060254 -120.211231
34.060094 -120.210198
34.059920 -120.209169
34.059731 -120.208144
34.059526 -120.207122
34.059307 -120.206105
34.059128 -120.205322
34.059034 -120.204780
34.058845 -120.203754
34.058641 -120.202733
34.058422 -120.201716
34.058188 -120.200704
34.057949 -120.199737
34.057811 -120.199054
34.057592 -120.198037
34.057524 -120.197733
34.057525 -120.197709
34.057578 -120.196661
34.057591 -120.196365
34.057593 -120.196353
34.057752 -120.195321
34.057896 -120.194285
34.058026 -120.193246
34.058103 -120.192556
34.058275 -120.192371
34.058920 -120.191662
34.059554 -120.190939
34.060178 -120.190203
34.060791 -120.189455
34.061393 -120.188693
34.061984 -120.187919
34.062555 -120.187144
34.062666 -120.186991
34.063234 -120.186193
34.063790 -120.185382
34.064335 -120.184560
34.064867 -120.183727
34.065388 -120.182883
34.065895 -120.182028
34.066391 -120.181163
34.066874 -120.180287
34.067344 -120.179401
34.067801 -120.178506
34.068244 -120.177601
34.068675 -120.176687
34.069092 -120.175764
34.069496 -120.174832
34.069887 -120.173892
34.070263 -120.172944
34.070502 -120.172320
34.070655 -120.171910
34.071004 -120.170947
34.071339 -120.169976
34.071374 -120.169872
34.071413 -120.169756
34.071734 -120.168779
34.072040 -120.167795
34.072332 -120.166805
34.072609 -120.165808
34.072777 -120.165177
34.072943 -120.164538
34.073191 -120.163530
34.073425 -120.162518
34.073644 -120.161501
34.073848 -120.160480
34.074038 -120.159454
34.074212 -120.158425
34.074272 -120.158051
34.074470 -120.157290
34.074718 -120.156283
34.074952 -120.155271
34.075171 -120.154254
34.075375 -120.153232
34.075565 -120.152207
34.075739 -120.151177
34.075898 -120.150144
34.076043 -120.149108
34.076172 -120.148069
34.076286 -120.147028
34.076385 -120.145984
34.076469 -120.144938
34.076538 -120.143891
34.076555 -120.143581
34.076624 -120.142711
34.076628 -120.142658
34.076703 -120.141712
34.076771 -120.140664
34.076825 -120.139616
34.076863 -120.138566
34.076886 -120.137516
34.076893 -120.136466
34.076886 -120.135415
34.076863 -120.134365
34.076825 -120.133315
34.076771 -120.132267
34.076703 -120.131219
34.076619 -120.130174
34.076520 -120.129130
34.076406 -120.128088
34.076276 -120.127049
34.076132 -120.126013
34.075973 -120.124980
34.075798 -120.123951
34.075609 -120.122925
34.075405 -120.121904
34.075186 -120.120886
34.074952 -120.119874
34.074704 -120.118867
34.074441 -120.117865
34.074163 -120.116869
34.074025 -120.116395
34.074009 -120.116109
34.073941 -120.115062
34.073857 -120.114016
34.073758 -120.112973
34.073644 -120.111931
34.073514 -120.110892
34.073370 -120.109856
34.073211 -120.108823
34.073036 -120.107794
34.072847 -120.106768
34.072643 -120.105747
34.072424 -120.104730
34.072190 -120.103717
34.072165 -120.103615
34.072328 -120.103318
34.072798 -120.102433
34.073255 -120.101537
34.073699 -120.100632
34.074129 -120.099718
34.074314 -120.099309
34.074882 -120.098511
34.075439 -120.097700
34.075983 -120.096878
34.076515 -120.096045
34.077036 -120.095201
34.077544 -120.094346
34.077958 -120.093624
34.078106 -120.093362
34.078589 -120.092486
34.079059 -120.091600
34.079516 -120.090704
34.079959 -120.089799
34.080390 -120.088885
34.080807 -120.087962
34.080859 -120.087844
34.080986 -120.087584
34.081417 -120.086670
34.081834 -120.085747
34.082238 -120.084815
34.082628 -120.083875
34.083005 -120.082927
34.083367 -120.081971
34.083716 -120.081007
34.084051 -120.080037
34.084372 -120.079059
34.084678 -120.078075
34.084970 -120.077085
34.085247 -120.076089
34.085510 -120.075087
34.085759 -120.074079
34.085993 -120.073067
34.086212 -120.072050
34.086416 -120.071028
34.086570 -120.070201
34.086725 -120.069353
34.086866 -120.068521
34.086978 -120.067909
34.087152 -120.066879
34.087311 -120.065846
34.087456 -120.064810
34.087585 -120.063771
34.087699 -120.062729
34.087798 -120.061685
34.087882 -120.060639
34.087951 -120.059592
34.088004 -120.058543
34.088042 -120.057494
34.088065 -120.056443
34.088073 -120.055393
34.088073 -120.055305
34.088074 -120.054878
34.088066 -120.053827
34.088043 -120.052777
34.088005 -120.051727
34.087966 -120.050947
34.087983 -120.050685
34.088036 -120.049636
34.088074 -120.048586
34.088097 -120.047536
34.088105 -120.046485
34.088097 -120.045435
34.088074 -120.044384
34.088036 -120.043335
34.087983 -120.042286
34.087914 -120.041238
34.087830 -120.040192
34.087731 -120.039148
34.087617 -120.038107
34.087488 -120.037068
34.087343 -120.036031
34.087184 -120.034998
34.087010 -120.033969
34.086820 -120.032943
34.086616 -120.031921
34.086397 -120.030904
34.086163 -120.029892
34.085915 -120.028884
34.085652 -120.027882
34.085374 -120.026886
34.085082 -120.025896
34.084776 -120.024912
34.084456 -120.023934
34.084121 -120.022964
34.083934 -120.022443
34.083853 -120.022201
34.083519 -120.021230
34.083170 -120.020267
34.082807 -120.019311
34.082431 -120.018363
34.082040 -120.017422
34.081637 -120.016491
34.081219 -120.015567
34.080817 -120.014713
34.080538 -120.014097
34.080108 -120.013183
34.079664 -120.012278
34.079207 -120.011382
34.078737 -120.010497
34.078254 -120.009621
34.077759 -120.008755
34.077251 -120.007900
34.076731 -120.007056
34.076198 -120.006222
34.075654 -120.005401
34.075097 -120.004590
34.074529 -120.003792
34.073950 -120.003005
34.073359 -120.002231
34.072757 -120.001469
34.072144 -120.000720
34.071520 -119.999984
34.071216 -119.999634
34.070698 -119.999046
34.070053 -119.998336
34.069398 -119.997640
34.068733 -119.996959
34.068058 -119.996291
34.067374 -119.995637
34.066680 -119.994998
34.065977 -119.994374
34.065265 -119.993764
34.064544 -119.993170
34.063815 -119.992590
34.063078 -119.992026
34.062858 -119.991863
34.062227 -119.991400
34.061474 -119.990868
34.060713 -119.990351
34.060670 -119.990323
34.061280 -119.990304
34.062153 -119.990259
34.063026 -119.990195
34.063897 -119.990113
34.064768 -119.990013
34.065636 -119.989895
34.066231 -119.989803
34.066755 -119.989719
34.067620 -119.989564
34.068482 -119.989391
34.069342 -119.989200
34.070199 -119.988991
34.071052 -119.988765
34.071902 -119.988520
34.072749 -119.988258
34.073592 -119.987977
34.074430 -119.987680
34.075264 -119.987364
34.076093 -119.987031
34.076917 -119.986681
34.077736 -119.986314
34.078285 -119.986055
34.078320 -119.986040
34.079139 -119.985672
34.079952 -119.985288
34.080760 -119.984886
34.081562 -119.984468
34.082358 -119.984033
34.083147 -119.983581
34.083930 -119.983113
34.084705 -119.982628
34.085474 -119.982127
34.086235 -119.981610
34.086988 -119.981077
34.087734 -119.980529
34.088471 -119.979965
34.089201 -119.979385
34.089921 -119.978791
34.090129 -119.978612
34.090281 -119.978529
34.091070 -119.978077
34.091853 -119.977609
34.092628 -119.977124
34.093008 -119.976880
34.093484 -119.976686
34.094308 -119.976336
34.095127 -119.975969
34.095940 -119.975584
34.096544 -119.975286
34.096822 -119.975145
34.097624 -119.974727
34.098420 -119.974291
34.098777 -119.974089
34.099358 -119.973770
34.100147 -119.973318
34.100930 -119.972849
34.101705 -119.972365
34.102474 -119.971864
34.103235 -119.971347
34.103988 -119.970814
34.104734 -119.970265
34.105471 -119.969701
34.106201 -119.969121
34.106921 -119.968526
34.107633 -119.967917
34.108336 -119.967292
34.109030 -119.966652
34.109714 -119.965999
34.110389 -119.965330
34.111054 -119.964648
34.111709 -119.963952
34.112354 -119.963242
34.112988 -119.962519
34.113310 -119.962143
34.113687 -119.961695
34.114300 -119.960945
34.114677 -119.960471
34.114942 -119.960133
34.115533 -119.959358
34.116112 -119.958571
34.116680 -119.957772
34.117236 -119.956962
34.117781 -119.956139
34.118313 -119.955306
34.118834 -119.954461
34.119341 -119.953605
34.119837 -119.952739
34.120320 -119.951863
34.120789 -119.950977
34.121246 -119.950081
34.121690 -119.949175
34.122121 -119.948261
34.122538 -119.947337
34.122942 -119.946405
34.123333 -119.945464
34.123709 -119.944515
34.124072 -119.943559
34.124421 -119.942595
34.124755 -119.941624
34.125076 -119.940646
34.125382 -119.939662
34.125674 -119.938671
34.125952 -119.937674
34.126215 -119.936672
34.126463 -119.935664
34.126697 -119.934651
34.126916 -119.933633
34.127120 -119.932611
34.127309 -119.931585
34.127484 -119.930555
34.127643 -119.929521
34.127788 -119.928484
34.127917 -119.927445
34.128031 -119.926403
34.128130 -119.925358
34.128214 -119.924312
34.128282 -119.923264
34.128336 -119.922215
34.128374 -119.921164
34.128397 -119.920113
34.128405 -119.919062
34.128397 -119.918011
34.128396 -119.917932
34.128393 -119.917758
34.128371 -119.916707
34.128332 -119.915657
34.128279 -119.914607
34.128210 -119.913560
34.128127 -119.912513
34.128027 -119.911469
34.127913 -119.910427
34.127784 -119.909387
34.127640 -119.908350
34.127480 -119.907317
34.127344 -119.906503
34.127272 -119.905767
34.127158 -119.904725
34.127029 -119.903685
34.126885 -119.902648
34.126725 -119.901615
34.126551 -119.900585
34.126361 -119.899559
34.126157 -119.898536
34.125938 -119.897519
34.125746 -119.896679
34.125671 -119.896362
34.125618 -119.896142
34.125467 -119.895450
34.125233 -119.894437
34.124985 -119.893429
34.124969 -119.893366
34.124952 -119.892686
34.124914 -119.891635
34.124908 -119.891520
34.124948 -119.891157
34.125047 -119.890112
34.125131 -119.889066
34.125200 -119.888018
34.125253 -119.886969
34.125291 -119.885919
34.125314 -119.884868
34.125322 -119.883817
34.125314 -119.882765
34.125291 -119.881715
34.125253 -119.880664
34.125200 -119.879615
34.125131 -119.878567
34.125047 -119.877521
34.124948 -119.876477
34.124834 -119.875434
34.124705 -119.874395
34.124560 -119.873358
34.124401 -119.872325
34.124261 -119.871499
34.124251 -119.871342
34.124167 -119.870296
34.124068 -119.869251
34.123954 -119.868209
34.123825 -119.867170
34.123680 -119.866133
34.123521 -119.865099
34.123347 -119.864069
34.123157 -119.863043
34.122953 -119.862021
34.122888 -119.861713
34.122697 -119.860829
34.122463 -119.859816
34.122215 -119.858808
34.121952 -119.857806
34.121850 -119.857432
34.121798 -119.856657
34.121714 -119.855611
34.121615 -119.854567
34.121501 -119.853524
34.121408 -119.852772
34.121397 -119.852637
34.121298 -119.851593
34.121184 -119.850551
34.121054 -119.849511
34.120935 -119.848643
34.120872 -119.848155
34.120728 -119.847118
34.120568 -119.846085
34.120394 -119.845055
34.120204 -119.844029
34.120000 -119.843007
34.119781 -119.841989
34.119547 -119.840976
34.119299 -119.839968
34.119036 -119.838966
34.118758 -119.837969
34.118467 -119.836979
34.118160 -119.835994
34.117840 -119.835016
34.117505 -119.834045
34.117161 -119.833095
34.116955 -119.832361
34.116663 -119.831370
34.116357 -119.830386
34.116036 -119.829408
34.115702 -119.828437
34.115353 -119.827473
34.114990 -119.826517
34.114915 -119.826324
34.114540 -119.825380
34.114150 -119.824440
34.113746 -119.823507
34.113567 -119.823106
34.113346 -119.822150
34.113120 -119.821231
34.112958 -119.820581
34.112695 -119.819579
34.112417 -119.818582
34.112125 -119.817592
34.111819 -119.816607
34.111498 -119.815629
34.111164 -119.814659
34.110815 -119.813695
34.110542 -119.812971
34.110379 -119.812527
34.110016 -119.811571
34.109967 -119.811444
34.109915 -119.811311
34.109539 -119.810362
34.109148 -119.809422
34.108745 -119.808490
34.108327 -119.807566
34.107897 -119.806652
34.107453 -119.805746
34.107313 -119.805468
34.107360 -119.804725
34.107413 -119.803676
34.107451 -119.802626
34.107474 -119.801576
34.107482 -119.800525
34.107474 -119.799474
34.107451 -119.798423
34.107413 -119.797373
34.107381 -119.796705
34.107413 -119.796345
34.107497 -119.795299
34.107566 -119.794252
34.107619 -119.793203
34.107653 -119.792315
34.107715 -119.791347
34.107769 -119.790298
34.107807 -119.789248
34.107826 -119.788437
34.107845 -119.787520
34.107853 -119.786469
34.107845 -119.785418
34.107822 -119.784367
34.107784 -119.783317
34.107731 -119.782268
34.107662 -119.781221
34.107604 -119.780476
34.107599 -119.780412
34.107515 -119.779366
34.107484 -119.779016
34.107557 -119.778576
34.107716 -119.777542
34.107861 -119.776506
34.107990 -119.775467
34.108104 -119.774425
34.108203 -119.773380
34.108287 -119.772334
34.108355 -119.771287
34.108409 -119.770238
34.108447 -119.769188
34.108470 -119.768137
34.108477 -119.767238
34.108518 -119.766862
34.108616 -119.765959
34.108715 -119.764915
34.108799 -119.763869
34.108868 -119.762821
34.108921 -119.761772
34.108959 -119.760722
34.108982 -119.759671
34.108988 -119.759116
34.108991 -119.758515
34.108992 -119.758218
34.108984 -119.757167
34.108962 -119.756116
34.108923 -119.755066
34.108870 -119.754017
34.108801 -119.752969
34.108718 -119.751923
34.108618 -119.750879
34.108504 -119.749837
34.108375 -119.748798
34.108231 -119.747761
34.108071 -119.746728
34.107897 -119.745698
34.107708 -119.744672
34.107503 -119.743650
34.107284 -119.742633
34.107051 -119.741620
34.106802 -119.740612
34.106539 -119.739610
34.106262 -119.738614
34.105970 -119.737623
34.105663 -119.736639
34.105343 -119.735661
34.105008 -119.734690
34.104659 -119.733727
34.104297 -119.732770
34.104274 -119.732711
34.104261 -119.732679
34.103884 -119.731730
34.103494 -119.730790
34.103090 -119.729858
34.102673 -119.728935
34.102242 -119.728020
34.101798 -119.727115
34.101661 -119.726841
34.101233 -119.726003
34.100763 -119.725117
34.100280 -119.724241
34.099785 -119.723375
34.099277 -119.722520
34.098756 -119.721675
34.098545 -119.721340
34.098443 -119.721161
34.098354 -119.720537
34.098194 -119.719504
34.098020 -119.718474
34.097831 -119.717448
34.097627 -119.716427
34.097408 -119.715409
34.097341 -119.715112
34.097250 -119.714536
34.097075 -119.713507
34.096886 -119.712481
34.096682 -119.711459
34.096463 -119.710442
34.096229 -119.709429
34.096058 -119.708728
34.095951 -119.708302
34.095688 -119.707300
34.095410 -119.706303
34.095409 -119.706297
34.095258 -119.705651
34.095009 -119.704644
34.094746 -119.703641
34.094469 -119.702645
34.094177 -119.701655
34.093870 -119.700670
34.093550 -119.699693
34.093215 -119.698722
34.092866 -119.697759
34.092504 -119.696803
34.092127 -119.695854
34.091737 -119.694914
34.091333 -119.693982
34.091130 -119.693528
34.090899 -119.692702
34.090607 -119.691711
34.090300 -119.690727
34.089980 -119.689749
34.089645 -119.688779
34.089296 -119.687815
34.088933 -119.686859
34.088557 -119.685911
34.088167 -119.684971
34.088072 -119.684749
34.087686 -119.683858
34.087268 -119.682935
34.086838 -119.682021
34.086394 -119.681116
34.085937 -119.680220
34.085467 -119.679334
34.084984 -119.678458
34.084489 -119.677592
34.083981 -119.676737
34.083825 -119.676482
34.083328 -119.675676
34.082796 -119.674843
34.082252 -119.674021
34.081695 -119.673210
34.081127 -119.672412
34.080635 -119.671742
34.080405 -119.671421
34.079825 -119.670635
34.079234 -119.669860
34.078999 -119.669559
34.078525 -119.668962
34.078447 -119.668865
34.078407 -119.668796
34.077899 -119.667941
34.077378 -119.667096
34.076846 -119.666263
34.076302 -119.665441
34.075745 -119.664631
34.075177 -119.663832
34.074598 -119.663046
34.074007 -119.662271
34.073405 -119.661510
34.072792 -119.660761
34.072247 -119.660117
34.071953 -119.659772
34.071318 -119.659050
34.070674 -119.658340
34.070019 -119.657644
34.069914 -119.657536
34.069940 -119.656830
34.070348 -119.656478
34.070382 -119.656448
34.070498 -119.656348
34.071201 -119.655723
34.071894 -119.655084
34.072579 -119.654431
34.073254 -119.653763
34.073919 -119.653081
34.074574 -119.652385
34.075218 -119.651676
34.075853 -119.650953
34.076477 -119.650217
34.077090 -119.649468
34.077692 -119.648706
34.078282 -119.647932
34.078862 -119.647145
34.079430 -119.646347
34.079986 -119.645536
34.080531 -119.644714
34.081063 -119.643881
34.081583 -119.643037
34.082091 -119.642181
34.082587 -119.641316
34.083069 -119.640440
34.083539 -119.639554
34.083996 -119.638658
34.084440 -119.637753
34.084465 -119.637701
34.084650 -119.637472
34.085253 -119.636710
34.085843 -119.635936
34.086423 -119.635149
34.086991 -119.634350
34.087547 -119.633540
34.088092 -119.632718
34.088624 -119.631885
34.089144 -119.631040
34.089652 -119.630185
34.090148 -119.629319
34.090630 -119.628443
34.091100 -119.627557
34.091557 -119.626661
34.092001 -119.625756
34.092432 -119.624842
34.092450 -119.624803
34.092476 -119.624747
34.092644 -119.624380
34.092973 -119.623879
34.093505 -119.623046
34.094025 -119.622201
34.094533 -119.621346
34.095029 -119.620480
34.095512 -119.619604
34.095981 -119.618718
34.096438 -119.617823
34.096882 -119.616917
34.097313 -119.616003
34.097730 -119.615079
34.098134 -119.614148
34.098525 -119.613207
34.098901 -119.612259
34.099264 -119.611303
34.099613 -119.610339
34.099947 -119.609368
34.100268 -119.608391
34.100574 -119.607406
34.100866 -119.606416
34.101144 -119.605419
34.101407 -119.604417
34.101655 -119.603410
34.101889 -119.602397
34.102108 -119.601380
34.102312 -119.600358
34.102501 -119.599332
34.102676 -119.598302
34.102835 -119.597269
34.102980 -119.596232
34.103053 -119.595657
34.103089 -119.595386
34.103219 -119.594347
34.103333 -119.593305
34.103432 -119.592261
34.103516 -119.591215
34.103584 -119.590167
34.103638 -119.589118
34.103676 -119.588068
34.103699 -119.587018
34.103706 -119.585967
34.103699 -119.584916
34.103676 -119.583865
34.103659 -119.583341
34.103781 -119.582838
34.104014 -119.581825
34.104233 -119.580808
34.104438 -119.579786
34.104627 -119.578760
34.104801 -119.577730
34.104961 -119.576697
34.105105 -119.575661
34.105234 -119.574621
34.105348 -119.573579
34.105447 -119.572535
34.105531 -119.571489
34.105559 -119.571087
34.105633 -119.570396
34.105732 -119.569352
34.105816 -119.568306
34.105885 -119.567258
34.105938 -119.566209
34.105976 -119.565160
34.105999 -119.564109
34.106005 -119.563630
34.106010 -119.562786
34.106002 -119.561735
34.105979 -119.560685
34.105941 -119.559635
34.105888 -119.558586
34.105819 -119.557538
34.105735 -119.556492
34.105636 -119.555448
34.105522 -119.554406
34.105393 -119.553367
34.105248 -119.552330
34.105089 -119.551297
34.104914 -119.550267
34.104725 -119.549241
34.104521 -119.548219
34.104302 -119.547202
34.104068 -119.546189
34.103820 -119.545182
34.103557 -119.544179
34.103279 -119.543183
34.102987 -119.542192
34.102681 -119.541208
34.102360 -119.540230
34.102318 -119.540104
34.102290 -119.540020
34.101955 -119.539049
34.101606 -119.538086
34.101243 -119.537129
34.100867 -119.536181
34.100476 -119.535241
34.100073 -119.534309
34.099655 -119.533385
34.099225 -119.532471
34.098848 -119.531700
34.098828 -119.531658
34.098384 -119.530753
34.098346 -119.530678
34.098309 -119.530604
34.097852 -119.529708
34.097382 -119.528822
34.096900 -119.527946
34.096404 -119.527081
34.095896 -119.526225
34.095376 -119.525381
34.094844 -119.524547
34.094477 -119.523991
34.094235 -119.523294
34.093887 -119.522331
34.093524 -119.521375
34.093147 -119.520426
34.092757 -119.519486
34.092353 -119.518554
34.091936 -119.517631
34.091505 -119.516717
34.091061 -119.515811
34.091036 -119.515761
34.090842 -119.515371
34.090385 -119.514475
34.089915 -119.513589
34.089856 -119.513479
34.089785 -119.513235
34.089530 -119.512266
34.089308 -119.511463
34.089216 -119.511141
34.088924 -119.510151
34.088618 -119.509167
34.088298 -119.508189
34.087963 -119.507219
34.087614 -119.506255
34.087251 -119.505299
34.086875 -119.504351
34.086719 -119.503970
34.086714 -119.503957
34.086337 -119.503009
34.085947 -119.502069
34.085543 -119.501137
34.085126 -119.500214
34.084695 -119.499299
34.084251 -119.498394
34.083794 -119.497499
34.083324 -119.496613
34.082841 -119.495737
34.082346 -119.494871
34.081838 -119.494016
34.081318 -119.493172
34.080785 -119.492338
34.080588 -119.492037
34.080321 -119.491592
34.079801 -119.490747
34.079269 -119.489914
34.078724 -119.489092
34.078168 -119.488282
34.077600 -119.487483
34.077020 -119.486696
34.076626 -119.486177
34.076326 -119.485786
34.075723 -119.485025
34.075111 -119.484276
34.074487 -119.483540
34.073852 -119.482817
34.073505 -119.482431
34.073093 -119.481982
34.072883 -119.481755
34.072723 -119.481525
34.072155 -119.480726
34.071575 -119.479940
34.070984 -119.479166
34.070382 -119.478404
34.069769 -119.477655
34.069145 -119.476919
34.068511 -119.476196
34.067866 -119.475487
34.067211 -119.474791
34.066546 -119.474109
34.065871 -119.473441
34.065187 -119.472788
34.064493 -119.472149
34.063790 -119.471524
34.063078 -119.470915
34.062358 -119.470320
34.061628 -119.469741
34.060891 -119.469177
34.060145 -119.468629
34.060077 -119.468581
34.060149 -119.468382
34.060484 -119.467412
34.060804 -119.466435
34.061111 -119.465451
34.061403 -119.464461
34.061680 -119.463465
34.061943 -119.462463
34.062192 -119.461456
34.062425 -119.460444
34.062644 -119.459427
34.062848 -119.458406
34.063038 -119.457380
34.063212 -119.456351
34.063354 -119.455438
34.063626 -119.454607
34.063932 -119.453623
34.064224 -119.452633
34.064501 -119.451637
34.064764 -119.450635
34.065013 -119.449628
34.065247 -119.448616
34.065466 -119.447599
34.065670 -119.446577
34.065859 -119.445552
34.066033 -119.444523
34.066193 -119.443490
34.066337 -119.442454
34.066467 -119.441415
34.066581 -119.440373
34.066680 -119.439330
34.066764 -119.438284
34.066832 -119.437237
34.066886 -119.436188
34.066924 -119.435139
34.066947 -119.434089
34.066954 -119.433038
34.066947 -119.431988
34.066924 -119.430938
34.066886 -119.429888
34.066832 -119.428840
34.066764 -119.427793
34.066680 -119.426747
34.066581 -119.425703
34.066467 -119.424662
34.066337 -119.423623
34.066193 -119.422587
34.066033 -119.421554
34.065938 -119.420978
34.065935 -119.420790
34.065912 -119.419740
34.065874 -119.418690
34.065821 -119.417642
34.065752 -119.416595
34.065668 -119.415549
34.065569 -119.414505
34.065455 -119.413464
34.065326 -119.412425
34.065182 -119.411389
34.065022 -119.410356
34.064848 -119.409327
34.064658 -119.408301
34.064454 -119.407280
34.064235 -119.406263
34.064001 -119.405251
34.063753 -119.404244
34.063490 -119.403242
34.063212 -119.402246
34.062920 -119.401256
34.062614 -119.400272
34.062294 -119.399295
34.061959 -119.398325
34.061715 -119.397645
34.062014 -119.396853
34.062363 -119.395890
34.062697 -119.394920
34.063018 -119.393943
34.063324 -119.392959
34.063616 -119.391969
34.063894 -119.390973
34.064157 -119.389971
34.064405 -119.388964
34.064639 -119.387952
34.064858 -119.386935
34.065062 -119.385913
34.065251 -119.384888
34.065426 -119.383859
34.065585 -119.382826
34.065730 -119.381790
34.065859 -119.380751
34.065959 -119.379841
34.065974 -119.379770
34.066179 -119.378748
34.066368 -119.377723
34.066542 -119.376693
34.066702 -119.375660
34.066846 -119.374624
34.066975 -119.373586
34.067089 -119.372544
34.067188 -119.371500
34.067272 -119.370455
34.067327 -119.369646
34.067341 -119.369448
34.067410 -119.368401
34.067463 -119.367353
34.067502 -119.366303
34.067524 -119.365253
34.067532 -119.364203
34.067524 -119.363152
34.067502 -119.362102
34.067463 -119.361053
34.067410 -119.360004
34.067351 -119.359086
34.067343 -119.358945
34.067324 -119.358631
34.067330 -119.358262
34.067338 -119.357211
34.067330 -119.356161
34.067327 -119.355977
34.067320 -119.355185
34.067297 -119.354135
34.067281 -119.353641
34.067253 -119.352909
34.067199 -119.351860
34.067131 -119.350813
34.067047 -119.349768
34.066948 -119.348724
34.066834 -119.347682
34.066704 -119.346644
34.066560 -119.345608
34.066401 -119.344575
34.066226 -119.343545
34.066037 -119.342520
34.065833 -119.341499
34.065614 -119.340482
34.065380 -119.339469
34.065131 -119.338462
34.064868 -119.337461
34.064591 -119.336464
34.064299 -119.335474
34.063993 -119.334491
34.063672 -119.333513
34.063337 -119.332543
34.062988 -119.331580
34.062626 -119.330624
34.062249 -119.329676
34.061859 -119.328736
34.061455 -119.327805
34.061038 -119.326882
34.060607 -119.325968
34.060163 -119.325063
34.059706 -119.324167
34.059236 -119.323282
34.058753 -119.322406
34.058258 -119.321541
34.057750 -119.320686
34.057230 -119.319842
34.056697 -119.319009
34.056153 -119.318187
34.055597 -119.317377
34.055054 -119.316614
34.055043 -119.316598
34.054475 -119.315800
34.053896 -119.315014
34.053305 -119.314240
34.052703 -119.313478
34.052090 -119.312729
34.051466 -119.311993
34.050832 -119.311271
34.050187 -119.310562
34.049532 -119.309866
34.048867 -119.309184
34.048192 -119.308517
34.047508 -119.307863
34.046814 -119.307224
34.046111 -119.306600
34.045399 -119.305991
34.044678 -119.305396
34.043949 -119.304817
34.043212 -119.304253
34.042466 -119.303705
34.041713 -119.303172
34.040952 -119.302656
34.040183 -119.302155
34.039407 -119.301671
34.038625 -119.301203
34.037836 -119.300751
34.037040 -119.300316
34.036238 -119.299898
34.035430 -119.299497
34.034617 -119.299112
34.033798 -119.298745
34.032973 -119.298395
34.032144 -119.298062
34.031310 -119.297747
34.030472 -119.297450
34.029630 -119.297170
34.028783 -119.296907
34.027933 -119.296663
34.027079 -119.296436
34.026223 -119.296227
34.025363 -119.296037
34.024501 -119.295864
34.023636 -119.295709
34.022769 -119.295573
34.021900 -119.295455
34.021030 -119.295355
34.020159 -119.295273
34.019286 -119.295209
34.018413 -119.295164
34.017539 -119.295137
34.016665 -119.295129
34.015790 -119.295139
34.014917 -119.295167
34.014043 -119.295213
34.013171 -119.295278
34.012299 -119.295361
34.011429 -119.295462
34.010561 -119.295581
34.009694 -119.295719
34.008829 -119.295875
34.007967 -119.296049
34.007108 -119.296241
34.006251 -119.296450
34.005398 -119.296678
34.004548 -119.296924
34.003702 -119.297187
34.002859 -119.297468
34.002021 -119.297767
34.001188 -119.298083
34.000359 -119.298417
33.999535 -119.298768
33.998959 -119.299027
33.998791 -119.299098
33.997973 -119.299466
33.997160 -119.299851
33.996352 -119.300254
33.995551 -119.300673
33.994755 -119.301108
33.993966 -119.301561
33.993184 -119.302030
33.992409 -119.302515
33.991641 -119.303016
33.990880 -119.303533
33.990127 -119.304066
33.989382 -119.304615
33.988645 -119.305179
33.987916 -119.305759
33.987196 -119.306354
33.986485 -119.306964
33.985782 -119.307588
33.985089 -119.308228
33.984405 -119.308881
33.983731 -119.309549
33.983066 -119.310231
33.982412 -119.310927
33.981767 -119.311636
33.981133 -119.312359
33.980510 -119.313095
33.979898 -119.313843
33.979296 -119.314605
33.978706 -119.315379
33.978127 -119.316165
33.977559 -119.316963
33.977004 -119.317773
33.976460 -119.318595
33.975928 -119.319427
33.975408 -119.320271
33.974900 -119.321126
33.974406 -119.321991
33.973923 -119.322866
33.973454 -119.323751
33.972997 -119.324646
33.972554 -119.325550
33.972123 -119.326463
33.971707 -119.327386
33.971303 -119.328316
33.970913 -119.329256
33.970537 -119.330203
33.970175 -119.331158
33.969826 -119.332120
33.969492 -119.333090
33.969172 -119.334066
33.968866 -119.335049
33.968716 -119.335550
33.968459 -119.336264
33.968124 -119.337234
33.967804 -119.338210
33.967498 -119.339193
33.967207 -119.340182
33.967198 -119.340212
33.967151 -119.340358
33.966845 -119.341341
33.966554 -119.342330
33.966276 -119.343325
33.966014 -119.344326
33.965765 -119.345332
33.965692 -119.345643
33.965653 -119.345785
33.965391 -119.346785
33.965143 -119.347791
33.964909 -119.348802
33.964770 -119.349441
33.964626 -119.349653
33.964082 -119.350474
33.963550 -119.351307
33.963031 -119.352150
33.962523 -119.353005
33.962028 -119.353869
33.961546 -119.354745
33.961077 -119.355630
33.960620 -119.356524
33.960177 -119.357428
33.959746 -119.358342
33.959329 -119.359264
33.958926 -119.360195
33.958780 -119.360541
33.958497 -119.361228
33.958120 -119.362175
33.958049 -119.362360
33.957801 -119.362936
33.957411 -119.363875
33.957035 -119.364822
33.956673 -119.365777
33.956324 -119.366739
33.955990 -119.367709
33.955670 -119.368685
33.955364 -119.369668
33.955072 -119.370657
33.954795 -119.371651
33.954532 -119.372652
33.954284 -119.373658
33.954050 -119.374669
33.953832 -119.375685
33.953628 -119.376705
33.953439 -119.377729
33.953264 -119.378757
33.953105 -119.379788
33.952961 -119.380823
33.952832 -119.381861
33.952718 -119.382901
33.952619 -119.383943
33.952535 -119.384987
33.952467 -119.386033
33.952413 -119.387080
33.952375 -119.388128
33.952352 -119.389177
33.952345 -119.390226
33.952352 -119.391275
33.952370 -119.392155
33.952378 -119.392449
33.952416 -119.393497
33.952442 -119.394038
33.952445 -119.394140
33.952483 -119.395188
33.952536 -119.396235
33.952569 -119.396758
33.952586 -119.397485
33.952624 -119.398533
33.952678 -119.399580
33.952746 -119.400626
33.952830 -119.401671
33.952929 -119.402713
33.953043 -119.403753
33.953172 -119.404790
33.953316 -119.405825
33.953358 -119.406102
33.953399 -119.406424
33.953543 -119.407459
33.953703 -119.408490
33.953877 -119.409518
33.954066 -119.410542
33.954270 -119.411563
33.954409 -119.412218
33.954294 -119.413057
33.954165 -119.414094
33.954051 -119.415134
33.953952 -119.416177
33.953868 -119.417221
33.953799 -119.418267
33.953746 -119.419314
33.953708 -119.420362
33.953685 -119.421411
33.953677 -119.422460
33.953685 -119.423509
33.953708 -119.424557
33.953746 -119.425605
33.953799 -119.426652
33.953868 -119.427698
33.953952 -119.428743
33.954051 -119.429785
33.954165 -119.430825
33.954294 -119.431862
33.954438 -119.432897
33.954597 -119.433929
33.954771 -119.434957
33.954960 -119.435981
33.955025 -119.436313
33.955203 -119.437200
33.955422 -119.438215
33.955656 -119.439226
33.955904 -119.440232
33.956166 -119.441233
33.956444 -119.442228
33.956735 -119.443217
33.957041 -119.444200
33.957362 -119.445176
33.957696 -119.446145
33.958044 -119.447107
33.958407 -119.448062
33.958783 -119.449009
33.959173 -119.449948
33.959576 -119.450879
33.959993 -119.451801
33.960423 -119.452714
33.960867 -119.453618
33.961323 -119.454513
33.961793 -119.455398
33.962275 -119.456273
33.962770 -119.457138
33.962908 -119.457373
33.963151 -119.458195
33.963457 -119.459178
33.963778 -119.460154
33.964112 -119.461124
33.964460 -119.462086
33.964823 -119.463041
33.965199 -119.463988
33.965236 -119.464079
33.965306 -119.464252
33.965696 -119.465191
33.966099 -119.466122
33.966516 -119.467044
33.966947 -119.467958
33.967390 -119.468862
33.967847 -119.469757
33.968316 -119.470642
33.968676 -119.471299
33.968875 -119.471773
33.969279 -119.472704
33.969696 -119.473626
33.970126 -119.474539
33.970569 -119.475444
33.971026 -119.476338
33.971495 -119.477223
33.971978 -119.478099
33.972473 -119.478964
33.972980 -119.479818
33.973500 -119.480662
33.974032 -119.481494
33.974576 -119.482316
33.975132 -119.483126
33.975699 -119.483924
33.976278 -119.484710
33.976549 -119.485068
33.976939 -119.485577
33.977541 -119.486338
33.978153 -119.487087
33.978167 -119.487104
33.978498 -119.487506
33.979122 -119.488241
33.979755 -119.488964
33.980400 -119.489673
33.981054 -119.490369
33.981719 -119.491051
33.982393 -119.491719
33.983077 -119.492372
33.983310 -119.492588
33.983242 -119.492627
33.982460 -119.493096
33.981685 -119.493581
33.980917 -119.494082
33.980156 -119.494599
33.979403 -119.495132
33.978658 -119.495681
33.977921 -119.496245
33.977192 -119.496825
33.976472 -119.497420
33.975760 -119.498029
33.975058 -119.498654
33.974365 -119.499293
33.973681 -119.499947
33.973006 -119.500614
33.972342 -119.501296
33.971687 -119.501992
33.971043 -119.502701
33.970409 -119.503424
33.969786 -119.504159
33.969173 -119.504908
33.969016 -119.505105
33.968789 -119.505288
33.968069 -119.505882
33.967358 -119.506492
33.966655 -119.507116
33.965962 -119.507756
33.965278 -119.508409
33.964604 -119.509077
33.963939 -119.509759
33.963285 -119.510454
33.962640 -119.511163
33.962006 -119.511886
33.961383 -119.512621
33.960771 -119.513370
33.960169 -119.514131
33.959579 -119.514905
33.959000 -119.515691
33.958432 -119.516489
33.957876 -119.517299
33.957332 -119.518120
33.956801 -119.518953
33.956281 -119.519796
33.955773 -119.520651
33.955278 -119.521515
33.954796 -119.522390
33.954327 -119.523275
33.953870 -119.524170
33.953427 -119.525074
33.952996 -119.525987
33.952579 -119.526909
33.952176 -119.527840
33.951786 -119.528779
33.951410 -119.529726
33.951048 -119.530680
33.950699 -119.531643
33.950365 -119.532612
33.950045 -119.533588
33.949739 -119.534571
33.949447 -119.535559
33.949170 -119.536554
33.948907 -119.537555
33.948659 -119.538561
33.948537 -119.539079
33.948254 -119.539943
33.947948 -119.540926
33.947657 -119.541915
33.947380 -119.542910
33.947117 -119.543910
33.946869 -119.544916
33.946635 -119.545927
33.946416 -119.546943
33.946212 -119.547963
33.946023 -119.548987
33.945849 -119.550015
33.945690 -119.551046
33.945546 -119.552081
33.945417 -119.553118
33.945303 -119.554158
33.945204 -119.555200
33.945120 -119.556244
33.945051 -119.557290
33.944998 -119.558337
33.944960 -119.559385
33.944937 -119.560434
33.944929 -119.561483
33.944931 -119.561713
33.944547 -119.562563
33.944143 -119.563494
33.943753 -119.564433
33.943377 -119.565380
33.943015 -119.566334
33.942666 -119.567296
33.942332 -119.568265
33.942012 -119.569241
33.941706 -119.570224
33.941414 -119.571213
33.941137 -119.572208
33.940874 -119.573208
33.940626 -119.574214
33.940392 -119.575225
33.940174 -119.576240
33.939970 -119.577260
33.939781 -119.578284
33.939606 -119.579312
33.939524 -119.579834
33.939411 -119.580572
33.939267 -119.581607
33.939138 -119.582644
33.939024 -119.583684
33.938925 -119.584726
33.938841 -119.585770
33.938773 -119.586816
33.938720 -119.587863
33.938681 -119.588911
33.938659 -119.589959
33.938658 -119.589991
33.938566 -119.590661
33.938437 -119.591699
33.938323 -119.592739
33.938224 -119.593781
33.938141 -119.594825
33.938072 -119.595871
33.938019 -119.596917
33.938009 -119.597160
33.938001 -119.597203
33.937827 -119.598231
33.937668 -119.599262
33.937523 -119.600297
33.937394 -119.601334
33.937280 -119.602374
33.937181 -119.603416
33.937097 -119.604460
33.937029 -119.605506
33.936976 -119.606553
33.936937 -119.607600
33.936915 -119.608649
33.936907 -119.609698
33.936915 -119.610746
33.936937 -119.611795
33.936973 -119.612777
33.936971 -119.613307
33.936978 -119.614355
33.937001 -119.615404
33.937039 -119.616452
33.937093 -119.617499
33.937123 -119.617989
33.937004 -119.618595
33.936815 -119.619619
33.936641 -119.620646
33.936481 -119.621678
33.936337 -119.622712
33.936208 -119.623749
33.936094 -119.624789
33.935995 -119.625831
33.935911 -119.626875
33.935843 -119.627921
33.935789 -119.628968
33.935751 -119.630016
33.935748 -119.630166
33.935627 -119.631140
33.935513 -119.632180
33.935414 -119.633222
33.935330 -119.634266
33.935261 -119.635312
33.935208 -119.636359
33.935170 -119.637407
33.935147 -119.638455
33.935139 -119.639504
33.935147 -119.640553
33.935170 -119.641601
33.935208 -119.642649
33.935261 -119.643696
33.935267 -119.643776
33.935120 -119.644064
33.934676 -119.644968
33.934246 -119.645881
33.933829 -119.646803
33.933425 -119.647733
33.933036 -119.648672
33.932659 -119.649619
33.932297 -119.650573
33.931949 -119.651535
33.931614 -119.652504
33.931294 -119.653480
33.930988 -119.654463
33.930696 -119.655451
33.930489 -119.656190
33.930176 -119.656945
33.929800 -119.657892
33.929539 -119.658579
33.929473 -119.658707
33.929030 -119.659611
33.928600 -119.660524
33.928183 -119.661445
33.927779 -119.662376
33.927389 -119.663314
33.927281 -119.663583
33.927018 -119.664193
33.926665 -119.665041
33.926509 -119.665298
33.926001 -119.666152
33.925506 -119.667017
33.925024 -119.667891
33.924555 -119.668776
33.924098 -119.669670
33.923655 -119.670574
33.923224 -119.671487
33.922807 -119.672409
33.922404 -119.673339
33.922014 -119.674278
33.921638 -119.675224
33.921276 -119.676179
33.920927 -119.677140
33.920593 -119.678109
33.920308 -119.678975
33.920218 -119.679255
33.919912 -119.680237
33.919779 -119.680681
33.919462 -119.681239
33.918979 -119.682113
33.918510 -119.682998
33.918053 -119.683892
33.917610 -119.684796
33.917180 -119.685708
33.916763 -119.686630
33.916359 -119.687560
33.915969 -119.688499
33.915593 -119.689446
33.915231 -119.690400
33.914882 -119.691361
33.914548 -119.692330
33.914228 -119.693306
33.913922 -119.694288
33.913901 -119.694359
33.913862 -119.694486
33.913687 -119.695071
33.913626 -119.695278
33.913466 -119.695687
33.913103 -119.696641
33.912755 -119.697603
33.912421 -119.698572
33.912100 -119.699547
33.911794 -119.700529
33.911503 -119.701518
33.911225 -119.702512
33.910963 -119.703512
33.910715 -119.704518
33.910481 -119.705528
33.910262 -119.706543
33.910123 -119.707230
33.909989 -119.707908
33.909800 -119.708932
33.909626 -119.709959
33.909467 -119.710990
33.909323 -119.712024
33.909193 -119.713061
33.909079 -119.714101
33.908980 -119.715143
33.908897 -119.716186
33.908828 -119.717232
33.908775 -119.718278
33.908737 -119.719326
33.908714 -119.720374
33.908706 -119.721422
33.908714 -119.722471
33.908737 -119.723519
33.908775 -119.724566
33.908828 -119.725613
33.908897 -119.726658
33.908980 -119.727702
33.909079 -119.728744
33.909193 -119.729783
33.909323 -119.730820
33.909467 -119.731854
33.909626 -119.732885
33.909800 -119.733913
33.909989 -119.734937
33.910193 -119.735956
33.910412 -119.736971
33.910646 -119.737982
33.910894 -119.738987
33.911156 -119.739987
33.911247 -119.740319
33.911035 -119.741182
33.910802 -119.742192
33.910788 -119.742255
33.910560 -119.743243
33.910341 -119.744259
33.910137 -119.745278
33.909948 -119.746302
33.909773 -119.747329
33.909614 -119.748360
33.909470 -119.749394
33.909341 -119.750431
33.909227 -119.751471
33.909128 -119.752513
33.909044 -119.753556
33.908976 -119.754602
33.908922 -119.755648
33.908884 -119.756696
33.908861 -119.757744
33.908854 -119.758792
33.908861 -119.759841
33.908884 -119.760889
33.908922 -119.761937
33.908976 -119.762983
33.909025 -119.763752
33.909056 -119.764208
33.909140 -119.765251
33.909239 -119.766293
33.909295 -119.766817
33.909310 -119.767089
33.909378 -119.768134
33.909462 -119.769178
33.909561 -119.770220
33.909675 -119.771259
33.909804 -119.772296
33.909948 -119.773331
33.909954 -119.773366
33.909981 -119.773552
33.910140 -119.774583
33.910314 -119.775611
33.910373 -119.775937
33.910246 -119.776955
33.910132 -119.777995
33.910077 -119.778554
33.909975 -119.779226
33.909831 -119.780260
33.909702 -119.781297
33.909588 -119.782336
33.909489 -119.783378
33.909405 -119.784422
33.909337 -119.785467
33.909283 -119.786514
33.909245 -119.787561
33.909222 -119.788609
33.909216 -119.789242
33.908744 -119.790098
33.908274 -119.790983
33.907818 -119.791877
33.907374 -119.792780
33.906944 -119.793693
33.906527 -119.794615
33.906123 -119.795545
33.906006 -119.795824
33.905864 -119.796128
33.905447 -119.797050
33.905044 -119.797980
33.904654 -119.798919
33.904278 -119.799865
33.903915 -119.800819
33.903567 -119.801781
33.903233 -119.802749
33.902912 -119.803725
33.902606 -119.804707
33.902315 -119.805696
33.902037 -119.806690
33.901902 -119.807199
33.901740 -119.807821
33.901492 -119.808827
33.901258 -119.809837
33.901040 -119.810852
33.900836 -119.811871
33.900647 -119.812895
33.900472 -119.813922
33.900313 -119.814953
33.900169 -119.815987
33.900040 -119.817024
33.899926 -119.818064
33.899827 -119.819105
33.899743 -119.820149
33.899675 -119.821194
33.899621 -119.822240
33.899583 -119.823288
33.899560 -119.824336
33.899553 -119.825384
33.899553 -119.825541
33.899553 -119.825665
33.899560 -119.826714
33.899583 -119.827762
33.899621 -119.828809
33.899675 -119.829855
33.899743 -119.830901
33.899827 -119.831944
33.899926 -119.832986
33.900040 -119.834025
33.900169 -119.835062
33.900313 -119.836096
33.900472 -119.837127
33.900647 -119.838155
33.900675 -119.838313
33.900682 -119.838356
33.900872 -119.839379
33.901076 -119.840399
33.901294 -119.841414
33.901528 -119.842424
33.901776 -119.843429
33.902039 -119.844429
33.902316 -119.845424
33.902608 -119.846412
33.902914 -119.847394
33.903234 -119.848370
33.903568 -119.849338
33.903917 -119.850300
33.904279 -119.851254
33.904655 -119.852201
33.905045 -119.853139
33.905448 -119.854069
33.905865 -119.854991
33.906284 -119.855878
33.906330 -119.855975
33.906774 -119.856879
33.907230 -119.857773
33.907700 -119.858657
33.908182 -119.859532
33.908677 -119.860396
33.909184 -119.861250
33.909704 -119.862093
33.910236 -119.862925
33.910780 -119.863746
33.911336 -119.864555
33.911903 -119.865353
33.912482 -119.866138
33.913073 -119.866912
33.913674 -119.867673
33.914287 -119.868421
33.914910 -119.869156
33.915544 -119.869878
33.915660 -119.870008
33.916264 -119.870672
33.916919 -119.871367
33.917194 -119.871653
33.917339 -119.871995
33.917594 -119.872588
33.917824 -119.873114
33.918241 -119.874035
33.918671 -119.874948
33.919114 -119.875852
33.919571 -119.876746
33.920041 -119.877631
33.920523 -119.878505
33.921018 -119.879370
33.921525 -119.880224
33.922045 -119.881067
33.922577 -119.881899
33.923121 -119.882720
33.923677 -119.883529
33.924244 -119.884327
33.924570 -119.884772
33.924944 -119.885277
33.925240 -119.885668
33.925582 -119.886181
33.926138 -119.886990
33.926705 -119.887788
33.927284 -119.888573
33.927874 -119.889347
33.928476 -119.890108
33.929088 -119.890856
33.929712 -119.891592
33.930346 -119.892314
33.930990 -119.893023
33.931644 -119.893718
33.932309 -119.894400
33.932983 -119.895067
33.933131 -119.895210
33.933214 -119.895470
33.933534 -119.896446
33.933868 -119.897415
33.934217 -119.898377
33.934579 -119.899331
33.934888 -119.900112
33.934997 -119.900381
33.935386 -119.901320
33.935790 -119.902250
33.936207 -119.903172
33.936637 -119.904085
33.937081 -119.904989
33.937537 -119.905883
33.938007 -119.906768
33.938119 -119.906972
33.938023 -119.906981
33.937932 -119.906990
33.937062 -119.907091
33.936193 -119.907210
33.935327 -119.907348
33.934462 -119.907503
33.933600 -119.907677
33.932740 -119.907869
33.931884 -119.908079
33.931030 -119.908306
33.930180 -119.908552
33.929334 -119.908815
33.928492 -119.909096
33.927654 -119.909394
33.926820 -119.909710
33.925991 -119.910043
33.925167 -119.910394
33.924349 -119.910762
33.923536 -119.911146
33.922728 -119.911548
33.921927 -119.911967
33.921131 -119.912402
33.920342 -119.912854
33.920093 -119.913001
33.919483 -119.913369
33.918707 -119.913853
33.917939 -119.914354
33.917179 -119.914871
33.916426 -119.915404
33.915681 -119.915952
33.914943 -119.916516
33.914215 -119.917095
33.913494 -119.917689
33.912783 -119.918299
33.912081 -119.918923
33.911387 -119.919561
33.910703 -119.920214
33.910057 -119.920854
33.909988 -119.920923
33.909323 -119.921604
33.908669 -119.922300
33.908025 -119.923008
33.907391 -119.923730
33.906767 -119.924466
33.906155 -119.925214
33.905553 -119.925974
33.904963 -119.926748
33.904384 -119.927533
33.903816 -119.928331
33.903261 -119.929140
33.902717 -119.929961
33.902185 -119.930793
33.901665 -119.931636
33.901158 -119.932489
33.900663 -119.933354
33.900180 -119.934228
33.899711 -119.935113
33.899254 -119.936007
33.898811 -119.936910
33.898381 -119.937823
33.897964 -119.938744
33.897560 -119.939674
33.897170 -119.940613
33.896794 -119.941559
33.896432 -119.942513
33.896083 -119.943474
33.895749 -119.944443
33.895429 -119.945419
33.895123 -119.946401
33.894831 -119.947389
33.894554 -119.948383
33.894291 -119.949383
33.894043 -119.950388
33.893809 -119.951398
33.893591 -119.952413
33.893387 -119.953433
33.893198 -119.954456
33.893023 -119.955484
33.892864 -119.956514
33.892767 -119.957202
33.892622 -119.958140
33.892478 -119.959174
33.892349 -119.960211
33.892235 -119.961250
33.892136 -119.962292
33.892105 -119.962655
33.892020 -119.963562
33.891936 -119.964606
33.891868 -119.965651
33.891814 -119.966697
33.891776 -119.967744
33.891753 -119.968792
33.891750 -119.969007
33.891688 -119.969969
33.891635 -119.971015
33.891596 -119.972062
33.891574 -119.973110
33.891567 -119.973741
33.891565 -119.974350
33.891572 -119.975398
33.891595 -119.976446
33.891633 -119.977493
33.891687 -119.978539
33.891755 -119.979584
33.891837 -119.980612
33.891523 -119.981444
33.891483 -119.981550
33.891142 -119.982493
33.890807 -119.983462
33.890487 -119.984437
33.890181 -119.985419
33.889889 -119.986407
33.889612 -119.987402
33.889349 -119.988401
33.889111 -119.989366
33.888983 -119.989554
33.888439 -119.990375
33.887908 -119.991207
33.887388 -119.992050
33.886880 -119.992903
33.886385 -119.993767
33.885903 -119.994642
33.885434 -119.995526
33.884977 -119.996420
33.884534 -119.997323
33.884402 -119.997599
33.884219 -119.997921
33.883737 -119.998796
33.883267 -119.999680
33.882811 -120.000574
33.882367 -120.001477
33.881937 -120.002390
33.881520 -120.003311
33.881444 -120.003484
33.881373 -120.003560
33.880729 -120.004269
33.880095 -120.004991
33.879471 -120.005726
33.878859 -120.006473
33.878257 -120.007234
33.877667 -120.008007
33.877088 -120.008792
33.876520 -120.009590
33.875965 -120.010399
33.875477 -120.011133
33.875354 -120.011308
33.874798 -120.012117
33.874794 -120.012123
33.874634 -120.012359
33.874090 -120.013180
33.873558 -120.014012
33.873038 -120.014854
33.872531 -120.015708
33.872036 -120.016572
33.871553 -120.017446
33.871084 -120.018330
33.870627 -120.019224
33.870184 -120.020127
33.869754 -120.021039
33.869337 -120.021960
33.868933 -120.022890
33.868543 -120.023828
33.868167 -120.024774
33.867805 -120.025728
33.867456 -120.026689
33.867122 -120.027657
33.866802 -120.028633
33.866496 -120.029614
33.866204 -120.030602
33.865927 -120.031596
33.865664 -120.032596
33.865416 -120.033600
33.865182 -120.034610
33.864964 -120.035625
33.864760 -120.036644
33.864571 -120.037667
33.864396 -120.038694
33.864237 -120.039725
33.864093 -120.040758
33.863964 -120.041795
33.863850 -120.042834
33.863751 -120.043875
33.863667 -120.044918
33.863599 -120.045963
33.863545 -120.047009
33.863507 -120.048056
33.863484 -120.049103
33.863479 -120.049633
33.863430 -120.050088
33.863332 -120.051130
33.863308 -120.051407
33.863292 -120.051563
33.863266 -120.051814
33.863197 -120.051999
33.862849 -120.052960
33.862514 -120.053929
33.862194 -120.054904
33.861888 -120.055885
33.861597 -120.056873
33.861319 -120.057867
33.861057 -120.058867
33.860808 -120.059871
33.860575 -120.060881
33.860356 -120.061896
33.860152 -120.062915
33.859966 -120.063924
33.859893 -120.064329
33.859718 -120.065356
33.859559 -120.066386
33.859415 -120.067420
33.859340 -120.068003
33.858770 -120.068751
33.858191 -120.069536
33.857623 -120.070333
33.857067 -120.071142
33.856523 -120.071962
33.855991 -120.072794
33.855472 -120.073636
33.854964 -120.074490
33.854469 -120.075353
33.853987 -120.076227
33.853731 -120.076705
33.853304 -120.077509
33.852848 -120.078403
33.852404 -120.079306
33.851974 -120.080218
33.851601 -120.081040
33.851496 -120.081256
33.851066 -120.082169
33.850649 -120.083089
33.850246 -120.084019
33.849856 -120.084957
33.849480 -120.085903
33.849117 -120.086856
33.848769 -120.087817
33.848435 -120.088785
33.848114 -120.089760
33.847808 -120.090742
33.847517 -120.091729
33.847240 -120.092723
33.846977 -120.093722
33.846729 -120.094727
33.846495 -120.095737
33.846276 -120.096751
33.846135 -120.097448
33.845906 -120.098322
33.845658 -120.099327
33.845425 -120.100336
33.845206 -120.101351
33.845002 -120.102370
33.844813 -120.103393
33.844638 -120.104419
33.844479 -120.105449
33.844335 -120.106483
33.844206 -120.107519
33.844092 -120.108558
33.843993 -120.109599
33.843909 -120.110642
33.843841 -120.111686
33.843787 -120.112732
33.843749 -120.113779
33.843726 -120.114826
33.843719 -120.115874
33.843726 -120.116921
33.843749 -120.117969
33.843787 -120.119015
33.843841 -120.120061
33.843909 -120.121106
33.843993 -120.122149
33.844010 -120.122342
33.844027 -120.122757
33.844080 -120.123803
33.844149 -120.124847
33.844233 -120.125890
33.844332 -120.126931
33.844446 -120.127970
33.844575 -120.129006
33.844719 -120.130039
33.844878 -120.131069
33.845052 -120.132096
33.845242 -120.133119
33.845446 -120.134138
33.845664 -120.135152
33.845898 -120.136162
33.846146 -120.137167
33.846409 -120.138166
33.846686 -120.139160
33.846978 -120.140147
33.847284 -120.141129
33.847604 -120.142104
33.847938 -120.143072
33.848287 -120.144033
33.848649 -120.144986
33.849025 -120.145932
33.849335 -120.146680
33.849519 -120.147161
33.849896 -120.148106
33.850285 -120.149044
33.850689 -120.149974
33.851106 -120.150895
33.851536 -120.151807
33.851980 -120.152710
33.852436 -120.153603
33.852651 -120.154011
33.852977 -120.154622
33.853459 -120.155496
33.853954 -120.156360
33.854462 -120.157213
33.854838 -120.157826
33.855023 -120.158415
33.855344 -120.159390
33.855678 -120.160358
33.856026 -120.161319
33.856389 -120.162273
33.856765 -120.163219
33.857155 -120.164157
33.857558 -120.165086
33.857975 -120.166007
33.858405 -120.166920
33.858849 -120.167823
33.859305 -120.168716
33.859775 -120.169600
33.860257 -120.170474
33.860752 -120.171338
33.861260 -120.172191
33.861779 -120.173034
33.862311 -120.173866
33.862855 -120.174686
33.863287 -120.175317
33.863639 -120.175976
33.864121 -120.176850
33.864616 -120.177714
33.864837 -120.178090
33.864855 -120.178140
33.865203 -120.179101
33.865566 -120.180055
33.865942 -120.181001
33.866332 -120.181939
33.866735 -120.182869
33.867152 -120.183790
33.867582 -120.184702
33.868026 -120.185605
33.868259 -120.186065
33.868378 -120.186485
33.868669 -120.187473
33.868975 -120.188454
33.869296 -120.189430
33.869630 -120.190398
33.869978 -120.191359
33.870341 -120.192313
33.870717 -120.193259
33.871107 -120.194197
33.871510 -120.195127
33.871927 -120.196048
33.872357 -120.196960
33.872801 -120.197863
33.873257 -120.198757
33.873727 -120.199641
33.874209 -120.200516
33.874704 -120.201380
33.875029 -120.201930
33.875255 -120.202306
33.875775 -120.203148
33.876307 -120.203980
33.876780 -120.204695
33.877076 -120.205438
33.877466 -120.206376
33.877870 -120.207306
33.878287 -120.208227
33.878717 -120.209140
33.879160 -120.210043
33.879617 -120.210937
33.880086 -120.211821
33.880569 -120.212695
33.881064 -120.213559
33.881571 -120.214413
33.882091 -120.215255
33.882623 -120.216087
33.883167 -120.216908
33.883722 -120.217717
33.884290 -120.218514
33.884869 -120.219299
33.885459 -120.220073
33.886061 -120.220833
33.886673 -120.221581
33.887297 -120.222316
33.887931 -120.223038
33.888575 -120.223747
33.889229 -120.224442
33.889894 -120.225123
33.890568 -120.225790
33.890759 -120.225974
33.890859 -120.226072
33.891543 -120.226725
33.892236 -120.227363
33.892939 -120.227987
33.893650 -120.228596
33.894370 -120.229190
33.895099 -120.229769
33.895836 -120.230333
33.896581 -120.230881
33.897334 -120.231414
33.898095 -120.231931
33.898863 -120.232431
33.899638 -120.232916
33.900420 -120.233384
33.901209 -120.233836
33.902005 -120.234271
33.902092 -120.234318
33.902336 -120.234468
33.902442 -120.234533
33.902582 -120.234977
33.902903 -120.235953
33.903237 -120.236922
33.903585 -120.237883
33.903948 -120.238837
33.904324 -120.239784
33.904714 -120.240722
33.905117 -120.241652
33.905534 -120.242574
33.905747 -120.243030
33.905993 -120.243548
33.906437 -120.244452
33.906893 -120.245346
33.907363 -120.246230
33.907450 -120.246391
33.907912 -120.247261
33.908394 -120.248135
33.908889 -120.248999
33.909397 -120.249853
33.909916 -120.250696
33.910448 -120.251528
33.910992 -120.252349
33.911548 -120.253158
33.912116 -120.253956
33.912695 -120.254742
33.913285 -120.255515
33.913886 -120.256276
33.914499 -120.257024
33.915122 -120.257759
33.915756 -120.258481
33.916400 -120.259190
33.917055 -120.259885
33.917719 -120.260567
33.918394 -120.261234
33.919078 -120.261887
33.919771 -120.262526
33.920473 -120.263150
33.921185 -120.263760
33.921905 -120.264354
33.922634 -120.264933
33.923371 -120.265497
33.924116 -120.266045
33.924869 -120.266578
33.925630 -120.267095
33.926398 -120.267596
33.927173 -120.268081
33.927955 -120.268549
33.928744 -120.269001
33.929539 -120.269436
33.930341 -120.269855
33.931148 -120.270257
33.931962 -120.270642
33.932780 -120.271010
33.933604 -120.271360
33.933683 -120.271393
33.933826 -120.271452
33.934655 -120.271786
33.935488 -120.272102
33.936326 -120.272400
33.937169 -120.272681
33.938015 -120.272944
33.938865 -120.273190
33.939718 -120.273417
33.940575 -120.273627
33.941434 -120.273819
33.942296 -120.273992
33.943161 -120.274148
33.944028 -120.274285
33.944896 -120.274405
33.945766 -120.274506
33.946638 -120.274589
33.947510 -120.274654
33.948384 -120.274700
33.949258 -120.274728
33.949657 -120.274735
33.950361 -120.274741
33.951235 -120.274733
33.952109 -120.274706
33.952429 -120.274691
33.952490 -120.274792
33.953009 -120.275636
33.953541 -120.276468
33.954085 -120.277290
33.954105 -120.277319
33.954422 -120.277962
33.954879 -120.278856
33.955329 -120.279706
33.955419 -120.279873
33.955901 -120.280748
33.956396 -120.281613
33.956904 -120.282467
33.957423 -120.283310
33.957955 -120.284143
33.958499 -120.284964
33.959055 -120.285774
33.959623 -120.286572
33.960202 -120.287358
33.960792 -120.288132
33.961394 -120.288893
33.962006 -120.289642
33.962629 -120.290377
33.962929 -120.290722
33.963417 -120.291276
33.963618 -120.291497
33.963878 -120.291816
33.964502 -120.292552
33.965136 -120.293274
33.965173 -120.293315
33.965698 -120.293957
33.966321 -120.294693
33.966955 -120.295415
33.967599 -120.296124
33.968254 -120.296820
33.968918 -120.297502
33.969593 -120.298169
33.970068 -120.298624
33.970049 -120.298726
33.969875 -120.299754
33.969716 -120.300786
33.969572 -120.301821
33.969442 -120.302858
33.969328 -120.303899
33.969230 -120.304941
33.969146 -120.305986
33.969077 -120.307032
33.969070 -120.307166
33.968979 -120.307831
33.968850 -120.308869
33.968735 -120.309909
33.968637 -120.310951
33.968553 -120.311996
33.968484 -120.313042
33.968431 -120.314089
33.968393 -120.315137
33.968370 -120.316186
33.968362 -120.317235
33.968370 -120.318285
33.968370 -120.318310
33.968374 -120.318612
33.968397 -120.319661
33.968435 -120.320709
33.968488 -120.321756
33.968557 -120.322802
33.968641 -120.323847
33.968740 -120.324889
33.968808 -120.325528
33.968841 -120.326408
33.968894 -120.327455
33.968963 -120.328501
33.969046 -120.329546
33.969049 -120.329577
33.969054 -120.329659
33.969122 -120.330705
33.969200 -120.331682
33.968945 -120.332328
33.968583 -120.333283
33.968235 -120.334245
33.967900 -120.335214
33.967580 -120.336191
33.967274 -120.337174
33.966982 -120.338163
33.966705 -120.339158
33.966443 -120.340159
33.966194 -120.341165
33.966023 -120.341901
33.965958 -120.342153
33.965710 -120.343159
33.965477 -120.344170
33.965258 -120.345186
33.965054 -120.346206
33.964865 -120.347230
33.964691 -120.348258
33.964531 -120.349290
33.964387 -120.350325
33.964258 -120.351362
33.964144 -120.352403
33.964045 -120.353445
33.963961 -120.354489
33.963893 -120.355535
33.963839 -120.356583
33.963801 -120.357631
33.963778 -120.358680
33.963771 -120.359729
33.963778 -120.360778
33.963786 -120.361187
33.963786 -120.361189
33.963808 -120.362238
33.963847 -120.363286
33.963900 -120.364333
33.963968 -120.365379
33.964052 -120.366424
33.964151 -120.367466
33.964265 -120.368506
33.964394 -120.369544
33.964538 -120.370579
33.964698 -120.371611
33.964872 -120.372639
33.965061 -120.373663
33.965265 -120.374683
33.965416 -120.375394
33.965419 -120.375413
33.965594 -120.376441
33.965783 -120.377466
33.965987 -120.378486
33.966205 -120.379502
33.966439 -120.380513
33.966687 -120.381519
33.966950 -120.382520
33.967227 -120.383515
33.967402 -120.384116
33.967631 -120.384887
33.967937 -120.385870
33.968011 -120.386100
33.968051 -120.386226
33.968058 -120.386246
33.968103 -120.386416
33.968381 -120.387411
33.968672 -120.388400
33.968978 -120.389383
33.969298 -120.390359
33.969633 -120.391328
33.969835 -120.391893
33.969850 -120.391939
33.970110 -120.392736
33.970232 -120.393102
33.970566 -120.394072
33.970915 -120.395034
33.971277 -120.395989
33.971653 -120.396936
33.972043 -120.397875
33.972321 -120.398519
33.972657 -120.399448
33.973019 -120.400403
33.973395 -120.401350
33.973785 -120.402289
33.974189 -120.403220
33.974606 -120.404142
33.975036 -120.405056
33.975479 -120.405960
33.975936 -120.406855
33.976405 -120.407740
33.976679 -120.408241
33.976596 -120.408665
33.976407 -120.409689
33.976233 -120.410717
33.976074 -120.411749
33.975930 -120.412784
33.975800 -120.413822
33.975686 -120.414862
33.975588 -120.415905
33.975504 -120.416949
33.975435 -120.417995
33.975382 -120.419043
33.975344 -120.420091
33.975321 -120.421140
33.975313 -120.422189
33.975314 -120.422487
33.975294 -120.422821
33.975240 -120.423869
33.975202 -120.424917
33.975179 -120.425966
33.975172 -120.427015
33.975179 -120.428065
33.975202 -120.429113
33.975240 -120.430162
33.975294 -120.431209
33.975362 -120.432255
33.975446 -120.433300
33.975545 -120.434342
33.975659 -120.435383
33.975738 -120.436018
33.975686 -120.436438
33.975572 -120.437478
33.975473 -120.438521
33.975389 -120.439565
33.975320 -120.440611
33.975267 -120.441659
33.975229 -120.442707
33.975206 -120.443756
33.975198 -120.444805
33.975206 -120.445854
33.975229 -120.446903
33.975267 -120.447952
33.975320 -120.448999
33.975389 -120.450045
33.975473 -120.451090
33.975572 -120.452132
33.975686 -120.453173
33.975815 -120.454210
33.975959 -120.455245
33.976118 -120.456277
33.976292 -120.457305
33.976482 -120.458330
33.976686 -120.459350
33.976904 -120.460366
33.977138 -120.461378
33.977386 -120.462384
33.977649 -120.463385
33.977926 -120.464380
33.978218 -120.465369
33.978524 -120.466352
33.978844 -120.467328
33.979178 -120.468298
33.979527 -120.469260
33.979675 -120.469651
33.979843 -120.470331
33.979972 -120.470832
33.980185 -120.471639
33.980462 -120.472634
33.980754 -120.473623
33.981060 -120.474606
33.981380 -120.475583
33.981714 -120.476552
33.982063 -120.477515
33.982425 -120.478470
33.982801 -120.479417
33.983191 -120.480356
33.983595 -120.481287
33.984012 -120.482210
33.984442 -120.483123
33.984885 -120.484028
33.985342 -120.484922
33.985811 -120.485808
33.986294 -120.486683
33.986788 -120.487548
33.987296 -120.488403
33.987816 -120.489247
33.988348 -120.490079
33.988892 -120.490901
33.989447 -120.491711
33.990015 -120.492509
33.990594 -120.493296
33.991184 -120.494070
33.991786 -120.494831
33.992398 -120.495580
33.993021 -120.496316
33.993655 -120.497039
33.994300 -120.497748
33.994954 -120.498444
33.995619 -120.499126
33.996293 -120.499794
33.996977 -120.500448
33.997670 -120.501087
33.998373 -120.501712
33.999084 -120.502322
33.999804 -120.502917
34.000533 -120.503496
34.001270 -120.504061
34.001337 -120.504111
34.001401 -120.504159
34.002146 -120.504708
34.002899 -120.505241
34.003660 -120.505758
34.004428 -120.506260
34.005203 -120.506745
34.005985 -120.507214
34.006774 -120.507666
34.007569 -120.508102
34.008371 -120.508521
34.009178 -120.508923
34.009991 -120.509309
34.010810 -120.509677
34.011634 -120.510028
34.012463 -120.510361
34.013296 -120.510678
34.013641 -120.510801
34.013797 -120.510939
34.014509 -120.511549
34.015229 -120.512144
34.015958 -120.512724
34.016695 -120.513289
34.017440 -120.513838
34.018193 -120.514371
34.018953 -120.514888
34.019722 -120.515390
34.020497 -120.515875
34.021279 -120.516344
34.022068 -120.516797
34.022863 -120.517232
34.023665 -120.517652
34.024472 -120.518054
34.025285 -120.518439
34.026104 -120.518808
34.026928 -120.519159
34.027757 -120.519492
34.028590 -120.519809
34.029428 -120.520107
34.030271 -120.520388
34.031117 -120.520652
34.031967 -120.520898
34.032820 -120.521126
34.033677 -120.521335
34.034536 -120.521527
34.035398 -120.521701
34.036263 -120.521857
34.037130 -120.521995
34.037998 -120.522114
34.038868 -120.522216
34.039740 -120.522299
34.040612 -120.522363
34.041486 -120.522410
34.042359 -120.522438
34.043234 -120.522448
34.044108 -120.522439
34.044982 -120.522412
34.045855 -120.522367
34.046728 -120.522303
34.047599 -120.522222
34.048469 -120.522122
34.049338 -120.522003
34.050205 -120.521867
34.051070 -120.521712
34.051095 -120.521707
34.051143 -120.522413
34.051226 -120.523458
34.051325 -120.524502
34.051439 -120.525543
34.051569 -120.526582
34.051713 -120.527618
34.051872 -120.528651
34.052046 -120.529680
34.052235 -120.530705
34.052439 -120.531726
34.052658 -120.532743
34.052891 -120.533755
34.053140 -120.534762
34.053188 -120.534951
34.053207 -120.535036
34.053440 -120.536048
34.053688 -120.537055
34.053951 -120.538057
34.054228 -120.539053
34.054520 -120.540043
34.054826 -120.541027
34.054933 -120.541358
34.055249 -120.542324
34.055583 -120.543294
34.055932 -120.544257
34.056294 -120.545213
34.056670 -120.546161
34.057060 -120.547101
34.057464 -120.548033
34.057881 -120.548956
34.058311 -120.549871
34.058754 -120.550776
34.059211 -120.551672
34.059680 -120.552558
34.060163 -120.553434
34.060657 -120.554300
34.061165 -120.555155
34.061685 -120.555999
34.062217 -120.556833
34.062760 -120.557655
34.063316 -120.558466
34.063884 -120.559265
34.064463 -120.560052
34.065053 -120.560827
34.065655 -120.561589
34.066267 -120.562339
34.066890 -120.563075
34.067524 -120.563799
34.068169 -120.564509
34.068823 -120.565205
34.069234 -120.565630
34.069782 -120.566191
34.070456 -120.566859
34.071140 -120.567514
34.071833 -120.568154
34.072536 -120.568779
34.073247 -120.569389
34.073967 -120.569985
34.074696 -120.570565
34.075433 -120.571130
34.076178 -120.571679
34.076931 -120.572213
34.077692 -120.572731
34.078460 -120.573232
34.079235 -120.573718
34.080017 -120.574187
34.080806 -120.574640
34.081601 -120.575076
34.082403 -120.575496
34.083210 -120.575898
34.084024 -120.576284
34.084241 -120.576384
34.084933 -120.576694
34.085757 -120.577045
34.086586 -120.577379
34.087419 -120.577696
34.088257 -120.577995
34.089099 -120.578276
34.089946 -120.578540
34.090796 -120.578785
34.091649 -120.579014
34.092506 -120.579224
34.093365 -120.579416
34.094227 -120.579590
34.095092 -120.579746
34.095467 -120.579808
34.096187 -120.579921
34.097056 -120.580040
34.097926 -120.580142
34.098797 -120.580225
34.099670 -120.580289
34.100543 -120.580336
34.101417 -120.580364
34.102291 -120.580374
34.103165 -120.580365
34.104039 -120.580338
34.104912 -120.580293
34.105785 -120.580230
34.106657 -120.580148
34.107527 -120.580048
34.108395 -120.579929
34.109262 -120.579793
34.110127 -120.579638
34.110989 -120.579465
34.111849 -120.579274
34.112706 -120.579065
34.113559 -120.578838
34.114409 -120.578594
34.114742 -120.578493
34.115352 -120.578302
34.116194 -120.578021
34.117033 -120.577723
34.117867 -120.577408
34.118696 -120.577075
34.119520 -120.576725
34.120339 -120.576357
34.121152 -120.575972
34.121960 -120.575571
34.122762 -120.575152
34.123558 -120.574717
34.124347 -120.574265
34.125130 -120.573796
34.125905 -120.573311
34.126674 -120.572810
34.127435 -120.572293
34.128188 -120.571760
34.128934 -120.571211
34.129671 -120.570647
34.130401 -120.570067
34.131121 -120.569472
34.131833 -120.568862
34.132536 -120.568237
34.133230 -120.567597
34.133914 -120.566943
34.134589 -120.566275
34.135254 -120.565593
34.135909 -120.564896
34.136554 -120.564186
34.137188 -120.563463
34.137812 -120.562726
34.138425 -120.561977
34.139027 -120.561215
34.139618 -120.560440
34.140197 -120.559653
34.140765 -120.558853
34.141322 -120.558042
34.141598 -120.557628
34.142023 -120.556984
34.142555 -120.556151
34.143075 -120.555306
34.143583 -120.554450
34.144079 -120.553584
34.144561 -120.552707
34.145031 -120.551820
34.145488 -120.550924
34.145932 -120.550018
34.146363 -120.549103
34.146780 -120.548179
34.147184 -120.547247
34.147574 -120.546306
34.147951 -120.545357
34.148314 -120.544401
34.148662 -120.543436
34.148997 -120.542465
34.149318 -120.541487
34.149624 -120.540502
34.149916 -120.539511
34.150193 -120.538514
34.150457 -120.537511
34.150705 -120.536503
34.150939 -120.535490
34.151158 -120.534472
34.151362 -120.533449
34.151551 -120.532423
34.151586 -120.532222
34.151589 -120.532210
34.151763 -120.531179
34.151922 -120.530145
34.152067 -120.529108
34.152196 -120.528068
34.152310 -120.527026
34.152409 -120.525981
34.152493 -120.524934
34.152562 -120.523886
34.152615 -120.522837
34.152653 -120.521786
34.152676 -120.520735
34.152683 -120.519945
34.152685 -120.519519
34.152677 -120.518468
34.152654 -120.517417
34.152616 -120.516366
34.152562 -120.515317
34.152494 -120.514269
34.152410 -120.513222
34.152311 -120.512177
34.152197 -120.511135
34.152068 -120.510095
34.151923 -120.509058
34.151764 -120.508024
34.151589 -120.506993
34.151400 -120.505967
34.151196 -120.504944
34.150977 -120.503927
34.150743 -120.502913
34.150495 -120.501905
34.150232 -120.500902
34.149954 -120.499905
34.149662 -120.498914
34.149441 -120.498199
34.149318 -120.497810
34.148998 -120.496831
34.148663 -120.495860
34.148314 -120.494896
34.147951 -120.493939
34.147575 -120.492990
34.147185 -120.492049
34.146781 -120.491117
34.146380 -120.490229
34.146141 -120.489657
34.145737 -120.488725
34.145320 -120.487801
34.144889 -120.486886
34.144557 -120.486206
34.144302 -120.485689
34.143845 -120.484793
34.143375 -120.483906
34.142892 -120.483030
34.142397 -120.482164
34.141889 -120.481308
34.141369 -120.480463
34.140836 -120.479629
34.140292 -120.478806
34.139736 -120.477995
34.139168 -120.477196
34.138588 -120.476409
34.137997 -120.475634
34.137395 -120.474872
34.136782 -120.474122
34.136158 -120.473386
34.135741 -120.472908
34.135474 -120.472606
34.134830 -120.471896
34.134175 -120.471200
34.133510 -120.470518
34.132835 -120.469849
34.132150 -120.469195
34.131457 -120.468556
34.130754 -120.467931
34.130042 -120.467321
34.129321 -120.466726
34.128592 -120.466146
34.127854 -120.465582
34.127109 -120.465033
34.126355 -120.464500
34.125594 -120.463983
34.124826 -120.463481
34.124050 -120.462997
34.123268 -120.462528
34.122478 -120.462076
34.121683 -120.461641
34.120881 -120.461222
34.120073 -120.460820
34.119259 -120.460436
34.118440 -120.460068
34.117616 -120.459718
34.116787 -120.459385
34.115953 -120.459069
34.115115 -120.458771
34.114272 -120.458491
34.113426 -120.458228
34.112576 -120.457984
34.111722 -120.457757
34.110865 -120.457548
34.110036 -120.457364
34.110089 -120.457357
34.110958 -120.457239
34.111825 -120.457103
34.112689 -120.456948
34.113552 -120.456775
34.114411 -120.456584
34.115268 -120.456375
34.116122 -120.456148
34.116972 -120.455903
34.117818 -120.455641
34.118661 -120.455360
34.119499 -120.455062
34.120333 -120.454747
34.121162 -120.454414
34.121986 -120.454064
34.122805 -120.453696
34.123619 -120.453311
34.124427 -120.452910
34.125229 -120.452491
34.126024 -120.452056
34.126814 -120.451604
34.127596 -120.451135
34.128372 -120.450650
34.129140 -120.450149
34.129901 -120.449632
34.130655 -120.449099
34.131400 -120.448550
34.132138 -120.447986
34.132867 -120.447406
34.133588 -120.446811
34.134300 -120.446201
34.135003 -120.445576
34.135696 -120.444936
34.136381 -120.444282
34.137056 -120.443614
34.137721 -120.442931
34.138376 -120.442235
34.139020 -120.441525
34.139655 -120.440802
34.140279 -120.440065
34.140892 -120.439316
34.141190 -120.438940
34.141742 -120.438241
34.142333 -120.437466
34.142912 -120.436679
34.143480 -120.435880
34.144037 -120.435069
34.144581 -120.434246
34.145113 -120.433412
34.145634 -120.432567
34.146142 -120.431711
34.146637 -120.430845
34.147120 -120.429968
34.147590 -120.429082
34.148047 -120.428186
34.148491 -120.427280
34.148921 -120.426365
34.149339 -120.425441
34.149742 -120.424508
34.150133 -120.423567
34.150509 -120.422618
34.150872 -120.421662
34.151221 -120.420698
34.151555 -120.419726
34.151876 -120.418748
34.152182 -120.417763
34.152474 -120.416772
34.152752 -120.415775
34.153015 -120.414772
34.153263 -120.413764
34.153497 -120.412751
34.153716 -120.411733
34.153920 -120.410710
34.154110 -120.409684
34.154284 -120.408653
34.154364 -120.408147
34.154471 -120.407441
34.154616 -120.406404
34.154745 -120.405364
34.154859 -120.404321
34.154958 -120.403277
34.155042 -120.402230
34.155110 -120.401182
34.155164 -120.400132
34.155202 -120.399082
34.155225 -120.398030
34.155233 -120.396979
34.155225 -120.395927
34.155202 -120.394876
34.155164 -120.393826
34.155110 -120.392776
34.155042 -120.391728
34.154958 -120.390681
34.154859 -120.389636
34.154745 -120.388594
34.154616 -120.387554
34.154471 -120.386517
34.154312 -120.385483
34.154146 -120.384504
34.154113 -120.384311
34.153923 -120.383284
34.153719 -120.382262
34.153500 -120.381244
34.153266 -120.380231
34.153018 -120.379223
34.152755 -120.378220
34.152477 -120.377223
34.152185 -120.376232
34.151879 -120.375247
34.151558 -120.374268
34.151224 -120.373297
34.150875 -120.372333
34.150512 -120.371376
34.150136 -120.370427
34.149745 -120.369486
34.149342 -120.368554
34.148924 -120.367630
34.148494 -120.366715
34.148270 -120.366254
34.147978 -120.365663
34.147521 -120.364766
34.147051 -120.363880
34.146568 -120.363003
34.146073 -120.362137
34.145565 -120.361281
34.145045 -120.360436
34.144512 -120.359602
34.143968 -120.358780
34.143412 -120.357969
34.142844 -120.357169
34.142264 -120.356382
34.141673 -120.355607
34.141071 -120.354845
34.140458 -120.354095
34.139835 -120.353359
34.139200 -120.352635
34.138555 -120.351925
34.137900 -120.351229
34.137236 -120.350547
34.136561 -120.349878
34.135876 -120.349224
34.135183 -120.348585
34.134480 -120.347960
34.133768 -120.347350
34.133047 -120.346755
34.132318 -120.346175
34.131580 -120.345611
34.130835 -120.345062
34.130442 -120.344782
34.130006 -120.344475
34.129245 -120.343958
34.128476 -120.343457
34.127701 -120.342972
34.126918 -120.342503
34.126129 -120.342051
34.125333 -120.341616
34.124531 -120.341197
34.123723 -120.340796
34.122910 -120.340411
34.122091 -120.340043
34.121267 -120.339693
34.121029 -120.339597
34.120905 -120.339286
34.120515 -120.338345
34.120111 -120.337413
34.119693 -120.336490
34.119263 -120.335575
34.119013 -120.335061
34.118873 -120.334743
34.118456 -120.333819
34.118025 -120.332905
34.117581 -120.331999
34.117282 -120.331409
34.116965 -120.330766
34.116508 -120.329870
34.116038 -120.328984
34.115556 -120.328107
34.115060 -120.327241
34.114951 -120.327055
34.114584 -120.326391
34.114088 -120.325525
34.113580 -120.324670
34.113060 -120.323825
34.112528 -120.322991
34.112398 -120.322793
34.111930 -120.322088
34.111374 -120.321277
34.110806 -120.320478
34.110226 -120.319691
