Seal_Beach
33.841656 -117.861142
33.839604 -117.864331
33.836058 -117.865564
33.835603 -117.865827
33.833543 -117.866528
33.831783 -117.867173
33.830949 -117.867494
33.830349 -117.867683
33.828886 -117.868084
33.828142 -117.868293
33.827027 -117.868684
33.826405 -117.869078
33.825661 -117.869318
33.822546 -117.870471
33.820080 -117.871276
33.820053 -117.871293
33.816286 -117.872529
33.815110 -117.873010
33.813807 -117.874158
33.813246 -117.874721
33.811331 -117.876145
33.809715 -117.878153
33.808757 -117.879594
33.807171 -117.881098
33.806374 -117.881606
33.806248 -117.881648
33.805137 -117.882023
33.803213 -117.882097
33.801132 -117.881836
33.798751 -117.881629
33.797752 -117.881701
33.795117 -117.882088
33.794256 -117.882450
33.793336 -117.882700
33.792621 -117.882832
33.791785 -117.882672
33.788940 -117.882874
33.788089 -117.882991
33.786366 -117.883179
33.784851 -117.883533
33.784363 -117.883725
33.782858 -117.885295
33.778148 -117.887835
33.771712 -117.891287
33.771576 -117.891387
33.770337 -117.892226
33.770135 -117.893067
33.770060 -117.893282
33.770027 -117.894702
33.769992 -117.895980
33.769698 -117.897170
33.769176 -117.897799
33.768594 -117.898406
33.767010 -117.899275
33.765826 -117.900466
33.764304 -117.901476
33.760514 -117.902782
33.758679 -117.903272
33.758449 -117.903333
33.757899 -117.903490
33.756648 -117.904208
33.752601 -117.907864
33.749936 -117.909499
33.749283 -117.910200
33.749290 -117.910601
33.749306 -117.911451
33.749277 -117.912166
33.748909 -117.912939
33.748026 -117.913481
33.746527 -117.913764
33.745512 -117.914035
33.743185 -117.915073
33.741082 -117.915830
33.737682 -117.916406
33.736800 -117.916633
33.734755 -117.917296
33.732014 -117.919211
33.727343 -117.923272
33.726619 -117.923923
33.724034 -117.926023
33.723777 -117.926211
33.722880 -117.926866
33.721495 -117.927670
33.720681 -117.928184
33.720051 -117.928924
33.719754 -117.929667
33.719745 -117.930886
33.719692 -117.935116
33.719739 -117.937207
33.719352 -117.938920
33.719050 -117.940335
33.718663 -117.941974
33.718211 -117.943935
33.717885 -117.945847
33.717786 -117.947912
33.717759 -117.951395
33.717695 -117.954231
33.717635 -117.956694
33.717491 -117.959181
33.717453 -117.961296
33.717523 -117.963113
33.717555 -117.964308
33.717527 -117.965229
33.717358 -117.965550
33.717126 -117.965996
33.716974 -117.966765
33.717011 -117.967338
33.717254 -117.968187
33.717244 -117.969531
33.717048 -117.970648
33.716835 -117.971218
33.716829 -117.971990
33.716615 -117.972759
33.716382 -117.973254
33.716006 -117.973573
33.715793 -117.974052
33.715716 -117.974225
33.715710 -117.975071
33.715692 -117.977236
33.715843 -117.979178
33.715910 -117.981220
33.715875 -117.983036
33.715842 -117.984553
33.715720 -117.985843
33.715419 -117.986418
33.714913 -117.987308
33.714551 -117.987770
33.714142 -117.988195
33.713031 -117.988668
33.712467 -117.988904
33.711920 -117.989028
33.710906 -117.989072
33.710626 -117.989069
33.710236 -117.989083
33.709877 -117.989023
33.709362 -117.989055
33.709128 -117.989052
33.708707 -117.989066
33.708317 -117.989155
33.707549 -117.989631
33.706684 -117.990517
33.706009 -117.991013
33.705335 -117.991435
33.704865 -117.991728
33.704426 -117.992021
33.704143 -117.992223
33.703691 -117.992255
33.703160 -117.992268
33.702505 -117.992298
33.702053 -117.992292
33.701773 -117.992215
33.701508 -117.992100
33.701321 -117.992097
33.700977 -117.992243
33.700460 -117.992535
33.700099 -117.992811
33.699849 -117.992902
33.699459 -117.992860
33.698759 -117.992702
33.698043 -117.992489
33.697763 -117.992336
33.697469 -117.992072
33.697319 -117.991398
33.696969 -117.990275
33.696604 -117.989151
33.696163 -117.987747
33.695855 -117.986838
33.695624 -117.986217
33.695146 -117.986072
33.694702 -117.985983
33.694511 -117.985960
33.694445 -117.985952
33.694140 -117.986005
33.693882 -117.986156
33.693786 -117.986236
33.693470 -117.986501
33.692831 -117.987417
33.692335 -117.988013
33.691744 -117.988678
33.691366 -117.989149
33.691009 -117.989943
33.690722 -117.990709
33.690555 -117.991113
33.690413 -117.991391
33.690315 -117.991922
33.690298 -117.992593
33.690316 -117.993181
33.690371 -117.993644
33.690341 -117.994525
33.690139 -117.994901
33.689821 -117.995107
33.689036 -117.995336
33.688321 -117.995523
33.687537 -117.995570
33.686810 -117.995674
33.686165 -117.995876
33.685801 -117.996124
33.685414 -117.996259
33.684499 -117.996515
33.683795 -117.996828
33.682773 -117.997376
33.682290 -117.997832
33.681910 -117.998444
33.681717 -117.999183
33.681585 -117.999671
33.681442 -117.999949
33.681252 -118.000227
33.681019 -118.000140
33.680822 -117.999984
33.680661 -117.999633
33.680627 -117.999506
33.680164 -117.998801
33.679967 -117.998575
33.679852 -117.998406
33.679644 -117.998054
33.679552 -117.997913
33.679366 -117.997785
33.679261 -117.997685
33.679097 -117.997670
33.678934 -117.997640
33.678759 -117.997582
33.678619 -117.997510
33.678503 -117.997369
33.678314 -117.997341
33.677691 -117.997315
33.675804 -117.997312
33.674697 -117.997243
33.673683 -117.997288
33.673106 -117.997262
33.672688 -117.996884
33.671959 -117.996354
33.671493 -117.996124
33.670994 -117.996044
33.670371 -117.996018
33.669825 -117.996012
33.669075 -117.996134
33.667841 -117.996381
33.667275 -117.996473
33.666444 -117.996404
33.665395 -117.995822
33.664671 -117.995434
33.664321 -117.995319
33.663969 -117.995204
33.663734 -117.994758
33.663685 -117.994083
33.664048 -117.993284
33.664841 -117.991839
33.666132 -117.989487
33.667139 -117.987747
33.667211 -117.987199
33.667118 -117.987041
33.666681 -117.986855
33.666381 -117.986827
33.664714 -117.986764
33.659374 -117.986705
33.655361 -117.986646
33.652708 -117.986634
33.651980 -117.986617
33.651628 -117.986248
33.651424 -117.986036
33.651221 -117.985949
33.650787 -117.985777
33.649917 -117.985319
33.649528 -117.985020
33.649342 -117.984761
33.649084 -117.984276
33.649092 -117.984733
33.649102 -117.985271
33.649095 -117.985431
33.649030 -117.985536
33.648926 -117.985584
33.648801 -117.985565
33.648723 -117.985486
33.648672 -117.985316
33.648673 -117.984321
33.648667 -117.983405
33.648608 -117.981736
33.648552 -117.980204
33.648575 -117.978236
33.648575 -117.976680
33.648566 -117.976176
33.648349 -117.975804
33.648086 -117.975559
33.647788 -117.975464
33.647203 -117.975445
33.646830 -117.975443
33.646570 -117.975392
33.646127 -117.975243
33.645327 -117.974955
33.644592 -117.974573
33.643798 -117.974039
33.642999 -117.973271
33.642372 -117.972486
33.641891 -117.971823
33.641062 -117.970494
33.640508 -117.969467
33.639941 -117.968303
33.639460 -117.967114
33.639141 -117.966413
33.638811 -117.965609
33.638653 -117.965384
33.638293 -117.965039
33.637884 -117.964695
33.637466 -117.964317
33.636889 -117.963666
33.635839 -117.962274
33.633178 -117.958590
33.632834 -117.958118
33.632637 -117.957826
33.632462 -117.957682
33.632326 -117.957582
33.632124 -117.957530
33.631990 -117.957534
33.631829 -117.957595
33.631668 -117.957702
33.631548 -117.957946
33.631386 -117.958545
33.630649 -117.959113
33.630242 -117.959352
33.630003 -117.959370
33.629551 -117.959433
33.585898 -117.992238
33.586031 -117.992473
33.586247 -117.992874
33.586729 -117.993745
33.587224 -117.994606
33.587731 -117.995457
33.588251 -117.996297
33.588783 -117.997126
33.589327 -117.997943
33.589883 -117.998750
33.590451 -117.999544
33.591030 -118.000327
33.591620 -118.001097
33.592222 -118.001855
33.592834 -118.002601
33.593330 -118.003185
33.593620 -118.003536
33.593635 -118.003553
33.593729 -118.003693
33.594013 -118.004108
33.594475 -118.004911
33.594601 -118.005124
33.594984 -118.005841
33.595334 -118.006477
33.595674 -118.007087
33.596169 -118.007948
33.596191 -118.007986
33.596386 -118.008321
33.596578 -118.008647
33.596795 -118.009021
33.596960 -118.009300
33.597159 -118.009644
33.597528 -118.010264
33.597858 -118.010858
33.598353 -118.011719
33.598707 -118.012316
33.599009 -118.012838
33.599517 -118.013689
33.599929 -118.014358
33.600239 -118.014982
33.600695 -118.015873
33.601165 -118.016754
33.601647 -118.017626
33.602142 -118.018487
33.602649 -118.019338
33.602954 -118.019834
33.603162 -118.020178
33.603681 -118.021018
33.603754 -118.021133
33.603857 -118.021316
33.604352 -118.022177
33.604859 -118.023028
33.605379 -118.023868
33.605911 -118.024697
33.605961 -118.024774
33.606065 -118.024947
33.606585 -118.025787
33.607117 -118.026616
33.607661 -118.027434
33.607849 -118.027709
33.608005 -118.027988
33.608310 -118.028522
33.608379 -118.028709
33.608742 -118.029660
33.609118 -118.030603
33.609508 -118.031538
33.609911 -118.032465
33.610328 -118.033384
33.610758 -118.034293
33.611202 -118.035194
33.611659 -118.036085
33.612128 -118.036966
33.612610 -118.037838
33.613105 -118.038699
33.613613 -118.039550
33.614133 -118.040390
33.614664 -118.041219
33.615208 -118.042037
33.615764 -118.042844
33.616332 -118.043639
33.616911 -118.044422
33.617501 -118.045192
33.618103 -118.045951
33.618715 -118.046696
33.619339 -118.047429
33.619973 -118.048149
33.620491 -118.048719
33.620565 -118.048802
33.621210 -118.049508
33.621864 -118.050201
33.622529 -118.050880
33.623203 -118.051545
33.623887 -118.052196
33.624580 -118.052833
33.625283 -118.053455
33.625994 -118.054062
33.626715 -118.054654
33.627443 -118.055231
33.628097 -118.055730
33.628674 -118.056433
33.629297 -118.057166
33.629321 -118.057193
33.629434 -118.057330
33.629448 -118.057349
33.629889 -118.057948
33.630163 -118.058372
33.630707 -118.059190
33.631263 -118.059997
33.631830 -118.060792
33.632409 -118.061575
33.633000 -118.062346
33.633601 -118.063104
33.633977 -118.063564
33.634062 -118.063678
33.634325 -118.064070
33.634881 -118.064877
33.635449 -118.065672
33.636028 -118.066455
33.636618 -118.067226
33.637133 -118.067877
33.637401 -118.068223
33.638002 -118.068982
33.638615 -118.069728
33.639238 -118.070460
33.639872 -118.071180
33.639969 -118.071288
33.640072 -118.071407
33.640706 -118.072127
33.641350 -118.072833
33.642005 -118.073526
33.642254 -118.073785
33.642405 -118.074000
33.642972 -118.074795
33.643551 -118.075578
33.644142 -118.076349
33.644743 -118.077107
33.645356 -118.077853
33.645979 -118.078586
33.646613 -118.079306
33.647257 -118.080013
33.647912 -118.080706
33.648576 -118.081385
33.648672 -118.081481
33.649012 -118.081825
33.649686 -118.082491
33.650370 -118.083142
33.651064 -118.083779
33.651766 -118.084401
33.652466 -118.084998
33.653009 -118.085533
33.653030 -118.085552
33.653675 -118.086235
33.654339 -118.086914
33.655014 -118.087580
33.655095 -118.087658
33.655570 -118.088159
33.656235 -118.088838
33.656909 -118.089504
33.657233 -118.089815
33.657732 -118.090341
33.658397 -118.091021
33.659071 -118.091686
33.659755 -118.092337
33.659975 -118.092542
33.660428 -118.092970
33.661121 -118.093607
33.661823 -118.094229
33.661918 -118.094311
33.662280 -118.094634
33.662648 -118.094969
33.662996 -118.095280
33.663194 -118.095467
33.663888 -118.096104
33.664590 -118.096726
33.664893 -118.096987
33.665091 -118.097168
33.665662 -118.097711
33.665726 -118.097773
33.666410 -118.098424
33.667103 -118.099061
33.667700 -118.099591
33.667991 -118.099896
33.668656 -118.100576
33.669330 -118.101241
33.670014 -118.101893
33.670685 -118.102509
33.670728 -118.102557
33.671372 -118.103264
33.672027 -118.103957
33.672691 -118.104637
33.672729 -118.104675
33.672853 -118.104834
33.673454 -118.105592
33.673613 -118.105788
33.674012 -118.106330
33.674377 -118.106821
33.674968 -118.107592
33.675454 -118.108206
33.675420 -118.108573
33.674819 -118.114864
33.742325 -118.114916
33.742892 -118.114569
33.743519 -118.114184
33.743951 -118.113916
33.745004 -118.113484
33.745186 -118.113355
33.745209 -118.113326
33.745436 -118.112951
33.746121 -118.111688
33.746871 -118.110268
33.747574 -118.108913
33.748131 -118.107578
33.748728 -118.105616
33.748914 -118.104232
33.748781 -118.103461
33.748592 -118.102440
33.748812 -118.101426
33.749082 -118.100652
33.749329 -118.099630
33.749415 -118.099131
33.749463 -118.098610
33.749415 -118.098047
33.749219 -118.097600
33.749047 -118.097446
33.748815 -118.097135
33.748790 -118.096752
33.748986 -118.096047
33.749035 -118.095595
33.748798 -118.094991
33.748619 -118.094593
33.748425 -118.094164
33.748346 -118.093791
33.748303 -118.093586
33.748215 -118.092860
33.748086 -118.091937
33.748096 -118.091417
33.748324 -118.091143
33.749132 -118.090173
33.749526 -118.089681
33.750093 -118.088975
33.750556 -118.088537
33.751170 -118.087956
33.753419 -118.086859
33.754654 -118.086427
33.754913 -118.086057
33.755095 -118.085646
33.755275 -118.085167
33.755714 -118.084344
33.756174 -118.083633
33.757134 -118.082367
33.764480 -118.072659
33.765567 -118.071096
33.768143 -118.071013
33.768396 -118.071005
33.768539 -118.070602
33.768468 -118.064928
33.768458 -118.057699
33.768515 -118.056606
33.768502 -118.055396
33.768513 -118.054014
33.768693 -118.052720
33.769852 -118.052158
33.771059 -118.051684
33.773089 -118.050528
33.773885 -118.050249
33.773926 -118.048291
33.774033 -118.046968
33.774069 -118.045586
33.775006 -118.045626
33.776014 -118.045898
33.778009 -118.046095
33.779064 -118.046424
33.780020 -118.047156
33.780592 -118.047739
33.781094 -118.048091
33.781574 -118.048212
33.782585 -118.048195
33.783098 -118.048084
33.783717 -118.047950
33.785142 -118.047218
33.786447 -118.046514
33.788165 -118.045695
33.789103 -118.045279
33.789682 -118.045113
33.790358 -118.044805
33.791277 -118.044153
33.792054 -118.043091
33.792921 -118.041790
33.794335 -118.039668
33.798674 -118.035218
33.802131 -118.032150
33.805934 -118.029479
33.807572 -118.028834
33.807771 -118.028755
33.809070 -118.028610
33.809732 -118.028432
33.813978 -118.025392
33.815034 -118.024303
33.816867 -118.022269
33.817870 -118.019183
33.818597 -118.016498
33.818964 -118.014839
33.819553 -118.012926
33.820313 -118.009969
33.820514 -118.008619
33.821005 -118.005318
33.821516 -118.003294
33.823454 -117.999719
33.823982 -117.998643
33.824237 -117.997820
33.824553 -117.996798
33.824755 -117.995392
33.824774 -117.994329
33.824943 -117.992681
33.826035 -117.990416
33.826927 -117.988562
33.827269 -117.987604
33.827604 -117.986330
33.827657 -117.983978
33.827637 -117.982871
33.827382 -117.981227
33.827277 -117.980054
33.827240 -117.979649
33.827138 -117.978137
33.827615 -117.976316
33.829536 -117.972945
33.831622 -117.969252
33.833234 -117.965501
33.834132 -117.963560
33.834451 -117.962870
33.834886 -117.961842
33.835325 -117.960022
33.835483 -117.958829
33.835674 -117.957391
33.836205 -117.955433
33.837546 -117.952391
33.837749 -117.951689
33.838763 -117.948175
33.838074 -117.946588
33.838073 -117.945526
33.839031 -117.941115
33.840217 -117.937852
33.840701 -117.935397
33.841379 -117.933255
33.841928 -117.931251
33.842570 -117.929222
33.842581 -117.927770
33.842481 -117.926416
33.841919 -117.923515
33.841662 -117.920831
33.841598 -117.918346
33.841176 -117.916978
33.840635 -117.915695
33.840525 -117.915435
33.840208 -117.914630
33.840056 -117.913530
33.840080 -117.911744
33.840187 -117.910940
33.840290 -117.910166
33.840345 -117.909747
33.840701 -117.908585
33.841220 -117.907288
33.841387 -117.906871
33.841943 -117.905342
33.842080 -117.904570
33.842231 -117.902508
33.842451 -117.899111
33.843481 -117.893613
33.843848 -117.889970
33.844388 -117.886564
33.844398 -117.886491
33.844849 -117.882912
33.845473 -117.879956
33.846079 -117.877045
33.846695 -117.874682
33.846806 -117.873549
33.846716 -117.872326
33.846705 -117.872172
33.846532 -117.871001
33.846144 -117.869452
33.845165 -117.866539
33.843851 -117.863231
33.842527 -117.861749
33.841656 -117.861142
