CA_Climate_Zone_03_Vallejo
38.15482 -122.21021
38.15588 -122.40701
38.15216 -122.40471
38.14294 -122.39890
38.14347 -122.39860
38.14386 -122.39838
38.14398 -122.39835
38.14438 -122.39862
38.14586 -122.39981
38.14780 -122.40149
38.14794 -122.40077
38.14796 -122.39980
38.14733 -122.39921
38.14639 -122.39844
38.14545 -122.39769
38.14409 -122.39667
38.14394 -122.39642
38.14390 -122.39620
38.14394 -122.39562
38.14390 -122.39451
38.14380 -122.39304
38.14360 -122.39187
38.14340 -122.39096
38.14340 -122.39067
38.14332 -122.39039
38.14335 -122.39013
38.14333 -122.39003
38.14324 -122.38990
38.14316 -122.38971
38.14313 -122.38954
38.14307 -122.38939
38.14276 -122.38907
38.14288 -122.38883
38.14287 -122.38849
38.14293 -122.38819
38.14291 -122.38794
38.14272 -122.38756
38.14261 -122.38700
38.14243 -122.38651
38.14214 -122.38552
38.14161 -122.38399
38.14107 -122.38231
38.13945 -122.37755
38.13945 -122.37706
38.13939 -122.37687
38.13931 -122.37678
38.13927 -122.37671
38.13928 -122.37651
38.13924 -122.37642
38.13916 -122.37632
38.13885 -122.37535
38.13861 -122.37501
38.13856 -122.37480
38.13853 -122.37474
38.13836 -122.37458
38.13828 -122.37425
38.13821 -122.37411
38.13815 -122.37385
38.13808 -122.37375
38.13797 -122.37364
38.13791 -122.37352
38.13781 -122.37312
38.13767 -122.37290
38.13753 -122.37221
38.13748 -122.37177
38.13725 -122.37142
38.13715 -122.37095
38.13685 -122.37039
38.13682 -122.37016
38.13685 -122.36982
38.13681 -122.36971
38.13661 -122.36943
38.13640 -122.36884
38.13643 -122.36855
38.13642 -122.36849
38.13607 -122.36801
38.13596 -122.36777
38.13592 -122.36743
38.13590 -122.36734
38.13559 -122.36681
38.13550 -122.36645
38.13534 -122.36638
38.13531 -122.36632
38.13533 -122.36622
38.13546 -122.36609
38.13550 -122.36596
38.13548 -122.36580
38.13529 -122.36568
38.13519 -122.36555
38.13521 -122.36545
38.13529 -122.36535
38.13528 -122.36526
38.13519 -122.36519
38.13503 -122.36515
38.13495 -122.36506
38.13484 -122.36480
38.13458 -122.36434
38.13436 -122.36379
38.13380 -122.36261
38.13372 -122.36230
38.13366 -122.36217
38.13351 -122.36202
38.13327 -122.36165
38.13315 -122.36132
38.13303 -122.36120
38.13291 -122.36099
38.13279 -122.36090
38.13266 -122.36057
38.13252 -122.36043
38.13238 -122.36036
38.13227 -122.36026
38.13219 -122.36003
38.13208 -122.35984
38.13176 -122.35954
38.13172 -122.35944
38.13171 -122.35929
38.13166 -122.35913
38.13158 -122.35908
38.13149 -122.35906
38.13134 -122.35907
38.13110 -122.35914
38.13095 -122.35914
38.13086 -122.35906
38.13084 -122.35902
38.13086 -122.35896
38.13097 -122.35887
38.13097 -122.35881
38.13095 -122.35878
38.13087 -122.35874
38.13060 -122.35869
38.13047 -122.35864
38.13036 -122.35863
38.13010 -122.35866
38.12998 -122.35870
38.12983 -122.35871
38.12962 -122.35885
38.12957 -122.35885
38.12955 -122.35882
38.12950 -122.35868
38.12942 -122.35853
38.12942 -122.35846
38.12985 -122.35800
38.12987 -122.35796
38.12984 -122.35790
38.12962 -122.35784
38.12960 -122.35777
38.12952 -122.35769
38.12951 -122.35762
38.12951 -122.35755
38.12966 -122.35728
38.12966 -122.35698
38.12947 -122.35616
38.12943 -122.35569
38.12915 -122.35452
38.12906 -122.35425
38.12870 -122.35340
38.12821 -122.35169
38.12807 -122.35145
38.12796 -122.35099
38.12780 -122.35050
38.12772 -122.35016
38.12730 -122.34919
38.12685 -122.34787
38.12675 -122.34769
38.12659 -122.34722
38.12647 -122.34663
38.12596 -122.34539
38.12594 -122.34508
38.12558 -122.34430
38.12530 -122.34338
38.12513 -122.34315
38.12500 -122.34265
38.12394 -122.34019
38.12296 -122.33759
38.12239 -122.33616
38.12176 -122.33472
38.12116 -122.33329
38.11985 -122.33049
38.11828 -122.32775
38.11751 -122.32631
38.11681 -122.32485
38.11540 -122.32199
38.11500 -122.32122
38.11233 -122.31637
38.11153 -122.31500
38.11115 -122.31443
38.10983 -122.31212
38.10951 -122.31184
38.10935 -122.31159
38.10915 -122.31121
38.10853 -122.31039
38.10811 -122.30933
38.10754 -122.30842
38.10699 -122.30758
38.10688 -122.30746
38.10664 -122.30726
38.10648 -122.30708
38.10613 -122.30639
38.10602 -122.30624
38.10544 -122.30564
38.10535 -122.30552
38.10509 -122.30505
38.10499 -122.30491
38.10483 -122.30474
38.10325 -122.30278
38.10305 -122.30235
38.10286 -122.30216
38.10235 -122.30144
38.10145 -122.30050
38.09944 -122.29819
38.09903 -122.29762
38.09874 -122.29737
38.09862 -122.29723
38.09835 -122.29670
38.09815 -122.29647
38.09461 -122.29321
38.09309 -122.29193
38.09199 -122.29096
38.09091 -122.28989
38.09078 -122.28979
38.09051 -122.28968
38.09008 -122.28943
38.08942 -122.28892
38.08913 -122.28860
38.08896 -122.28855
38.08866 -122.28851
38.08850 -122.28841
38.08838 -122.28813
38.08828 -122.28799
38.08812 -122.28783
38.08706 -122.28702
38.08674 -122.28672
38.08653 -122.28648
38.08498 -122.28488
38.08486 -122.28474
38.08456 -122.28420
38.08428 -122.28389
38.08347 -122.28311
38.08303 -122.28276
38.08214 -122.28219
38.08183 -122.28193
38.08095 -122.28088
38.08075 -122.28060
38.08051 -122.28042
38.08041 -122.28036
38.08014 -122.28031
38.07966 -122.27989
38.07927 -122.27963
38.07858 -122.27928
38.07849 -122.27913
38.07831 -122.27909
38.07823 -122.27903
38.07802 -122.27882
38.07702 -122.27812
38.07688 -122.27806
38.07676 -122.27805
38.07638 -122.27794
38.07629 -122.27789
38.07623 -122.27782
38.07559 -122.27758
38.07514 -122.27736
38.07411 -122.27693
38.07331 -122.27652
38.07169 -122.27602
38.07069 -122.27576
38.06851 -122.27531
38.06673 -122.27508
38.06652 -122.27503
38.06643 -122.27498
38.06755 -122.26651
38.06759 -122.26619
38.06811 -122.26224
38.06860 -122.25855
38.07067 -122.25621
38.07260 -122.25613
38.07279 -122.25594
38.07292 -122.25555
38.07292 -122.25526
38.07271 -122.25432
38.07277 -122.25385
38.07256 -122.25309
38.07129 -122.25245
38.07106 -122.25255
38.07081 -122.25242
38.07073 -122.25219
38.07042 -122.25202
38.07022 -122.25190
38.07014 -122.25180
38.07007 -122.25169
38.06986 -122.25159
38.06971 -122.25159
38.06959 -122.25163
38.06943 -122.25191
38.06912 -122.25297
38.06902 -122.25291
38.06949 -122.25123
38.07016 -122.25158
38.07028 -122.25151
38.07164 -122.25217
38.07190 -122.25214
38.07209 -122.25193
38.07232 -122.25173
38.07261 -122.25161
38.07290 -122.25158
38.07309 -122.25152
38.07343 -122.25124
38.07376 -122.25056
38.07382 -122.25035
38.07402 -122.25019
38.07412 -122.24999
38.07424 -122.24986
38.07437 -122.24974
38.07453 -122.24962
38.07463 -122.24970
38.07465 -122.24973
38.07474 -122.24968
38.07484 -122.24948
38.07489 -122.24943
38.07493 -122.24943
38.07571 -122.24897
38.07622 -122.24861
38.07657 -122.24826
38.07668 -122.24812
38.07659 -122.24799
38.07551 -122.24719
38.07560 -122.24696
38.07724 -122.24821
38.07937 -122.24411
38.07915 -122.24385
38.07904 -122.24367
38.07886 -122.24337
38.07870 -122.24307
38.07853 -122.24271
38.07838 -122.24228
38.07818 -122.24186
38.07798 -122.24156
38.07786 -122.24139
38.07773 -122.24118
38.07733 -122.24085
38.07692 -122.24044
38.07614 -122.23983
38.07576 -122.23953
38.07548 -122.23938
38.07531 -122.23922
38.07519 -122.23915
38.07509 -122.23910
38.07497 -122.23910
38.07479 -122.23917
38.07466 -122.23935
38.07449 -122.23953
38.07431 -122.23967
38.07415 -122.23972
38.07396 -122.23974
38.07376 -122.23969
38.07352 -122.23952
38.07340 -122.23942
38.07225 -122.24114
38.07217 -122.24121
38.07212 -122.24121
38.07207 -122.24116
38.07208 -122.24110
38.07312 -122.23943
38.07316 -122.23938
38.07304 -122.23915
38.07275 -122.23869
38.07245 -122.23830
38.07180 -122.23781
38.07151 -122.23764
38.07116 -122.23718
38.07105 -122.23691
38.07078 -122.23650
38.07047 -122.23614
38.07006 -122.23573
38.06976 -122.23543
38.06949 -122.23495
38.06932 -122.23448
38.06912 -122.23414
38.06896 -122.23382
38.06881 -122.23329
38.06872 -122.23275
38.06848 -122.23203
38.06819 -122.23149
38.06768 -122.23096
38.06710 -122.23052
38.06673 -122.23026
38.06623 -122.22998
38.06607 -122.22983
38.06596 -122.22971
38.06585 -122.22947
38.06581 -122.22922
38.06580 -122.22895
38.06585 -122.22867
38.06585 -122.22856
38.06576 -122.22842
38.06565 -122.22827
38.06550 -122.22811
38.06536 -122.22788
38.06528 -122.22764
38.06514 -122.22715
38.06508 -122.22701
38.06494 -122.22631
38.06493 -122.22576
38.06490 -122.22478
38.06489 -122.22422
38.06498 -122.22353
38.06505 -122.22310
38.06511 -122.22289
38.06514 -122.22264
38.06517 -122.22233
38.06520 -122.22203
38.06516 -122.22178
38.06507 -122.22148
38.06502 -122.22117
38.06509 -122.22081
38.06532 -122.22040
38.06535 -122.22013
38.06536 -122.21981
38.06541 -122.21976
38.06545 -122.21919
38.06551 -122.21907
38.06850 -122.21961
38.07253 -122.22001
38.07610 -122.22071
38.07747 -122.22211
38.08192 -122.22511
38.08652 -122.22621
38.09105 -122.22391
38.09577 -122.22371
38.10028 -122.22251
38.10640 -122.22141
38.11826 -122.22251
38.12379 -122.22261
38.13037 -122.22231
38.13745 -122.21761
38.14952 -122.21071
38.15482 -122.21021
