Cow_Creek
40.803994 -121.948729
40.803911 -121.947947
40.804020 -121.947289
40.804377 -121.946500
40.804732 -121.945485
40.805176 -121.943659
40.805567 -121.942365
40.805780 -121.940442
40.805660 -121.937792
40.805514 -121.936684
40.805197 -121.935305
40.805115 -121.935049
40.804804 -121.934068
40.804476 -121.933211
40.804077 -121.932253
40.803962 -121.931976
40.803564 -121.931158
40.803175 -121.930533
40.802803 -121.929781
40.802470 -121.929004
40.801765 -121.927500
40.801197 -121.926246
40.800147 -121.924824
40.799303 -121.923454
40.799094 -121.920926
40.798785 -121.919898
40.798460 -121.918815
40.798343 -121.916595
40.798369 -121.915898
40.798389 -121.915382
40.798358 -121.914095
40.798305 -121.912606
40.798237 -121.911496
40.798457 -121.910331
40.798678 -121.909367
40.798825 -121.908733
40.798987 -121.907594
40.798830 -121.905198
40.798819 -121.903961
40.798807 -121.902799
40.798726 -121.902346
40.798527 -121.901541
40.798367 -121.900837
40.798206 -121.900107
40.798006 -121.899252
40.797501 -121.898629
40.796899 -121.897881
40.796549 -121.897407
40.796118 -121.896455
40.796017 -121.895977
40.796246 -121.895821
40.796568 -121.895336
40.796613 -121.895117
40.796843 -121.894018
40.796912 -121.893209
40.796890 -121.892881
40.796696 -121.892657
40.796481 -121.892333
40.795765 -121.891713
40.795494 -121.891389
40.795241 -121.891116
40.794932 -121.890818
40.794427 -121.890271
40.794191 -121.889643
40.794090 -121.889115
40.794159 -121.888280
40.794075 -121.887524
40.793839 -121.886998
40.793644 -121.886673
40.793658 -121.886117
40.793709 -121.885435
40.793736 -121.884272
40.793713 -121.883844
40.793536 -121.883392
40.793415 -121.882813
40.793372 -121.882334
40.793101 -121.882137
40.792714 -121.881739
40.792385 -121.881442
40.792191 -121.881218
40.792144 -121.880385
40.792231 -121.879500
40.792302 -121.878893
40.792583 -121.878206
40.792865 -121.877570
40.793299 -121.876780
40.793677 -121.876193
40.793779 -121.875915
40.793824 -121.875791
40.793540 -121.874716
40.793359 -121.874028
40.793367 -121.873039
40.793147 -121.872525
40.792637 -121.871592
40.791748 -121.870359
40.790825 -121.869315
40.790029 -121.868387
40.789170 -121.866612
40.788553 -121.865781
40.788101 -121.865171
40.787398 -121.864665
40.786208 -121.864155
40.785709 -121.863941
40.784591 -121.863112
40.784085 -121.862626
40.783948 -121.862323
40.783908 -121.861900
40.784067 -121.861638
40.784223 -121.861279
40.784574 -121.860476
40.784976 -121.859527
40.785092 -121.858584
40.785156 -121.857759
40.785260 -121.857132
40.785443 -121.856035
40.786108 -121.854564
40.786513 -121.853945
40.787289 -121.852731
40.788509 -121.851274
40.789675 -121.849771
40.790542 -121.848580
40.790734 -121.848316
40.791460 -121.846550
40.791488 -121.846480
40.791747 -121.845850
40.791851 -121.845273
40.792374 -121.842355
40.792801 -121.840323
40.793211 -121.838432
40.793583 -121.836260
40.793771 -121.835306
40.793889 -121.834700
40.794135 -121.834178
40.794220 -121.833776
40.794176 -121.833751
40.794022 -121.833662
40.793356 -121.833297
40.792762 -121.832907
40.792627 -121.832640
40.792159 -121.831717
40.791548 -121.829656
40.791260 -121.828437
40.790856 -121.826725
40.790416 -121.825697
40.789993 -121.824596
40.789821 -121.823447
40.789326 -121.822326
40.788759 -121.821065
40.788164 -121.818933
40.787548 -121.816401
40.787472 -121.816247
40.786927 -121.815141
40.786413 -121.813879
40.786308 -121.813644
40.785936 -121.812805
40.785679 -121.812362
40.784935 -121.811081
40.784406 -121.810172
40.783883 -121.809781
40.783470 -121.809577
40.783199 -121.809393
40.782551 -121.808981
40.781506 -121.808246
40.780477 -121.807417
40.779714 -121.806348
40.779028 -121.805725
40.778032 -121.804613
40.777738 -121.803818
40.777441 -121.802835
40.777203 -121.802250
40.776531 -121.801344
40.776202 -121.800668
40.775694 -121.799722
40.775563 -121.799479
40.775034 -121.798817
40.774418 -121.797687
40.774000 -121.797106
40.773417 -121.796081
40.773033 -121.795288
40.772576 -121.794402
40.772316 -121.793886
40.771448 -121.794328
40.770931 -121.794502
40.770468 -121.794699
40.770202 -121.794939
40.769777 -121.795417
40.769475 -121.795611
40.769083 -121.795759
40.767884 -121.795710
40.767094 -121.795466
40.766321 -121.795150
40.765675 -121.794973
40.765205 -121.794777
40.765028 -121.794703
40.764505 -121.794312
40.764090 -121.793990
40.763940 -121.793263
40.763739 -121.792867
40.763577 -121.792426
40.763499 -121.792212
40.763334 -121.791862
40.763046 -121.791656
40.762650 -121.791451
40.762381 -121.791362
40.761849 -121.791285
40.759900 -121.790301
40.759523 -121.790166
40.759181 -121.789914
40.758800 -121.789474
40.758312 -121.789012
40.757661 -121.788341
40.757104 -121.788069
40.756344 -121.787353
40.755245 -121.786620
40.754072 -121.785630
40.753586 -121.785293
40.753362 -121.785139
40.752967 -121.785290
40.752826 -121.785374
40.752414 -121.785621
40.752326 -121.785673
40.751446 -121.785731
40.751053 -121.785717
40.751056 -121.785944
40.751157 -121.786563
40.751477 -121.787136
40.751845 -121.787790
40.751960 -121.788223
40.751981 -121.788760
40.751883 -121.789919
40.751639 -121.790606
40.751468 -121.790815
40.751156 -121.790986
40.750480 -121.790978
40.749848 -121.790700
40.749234 -121.790629
40.748622 -121.790722
40.748025 -121.790774
40.747597 -121.791113
40.746827 -121.791210
40.746179 -121.790891
40.745629 -121.790880
40.745234 -121.790701
40.744918 -121.790562
40.744665 -121.790401
40.744205 -121.789976
40.743872 -121.789754
40.743523 -121.789471
40.743068 -121.789521
40.742455 -121.789511
40.742290 -121.789493
40.742194 -121.789330
40.742048 -121.789015
40.742033 -121.788981
40.741777 -121.788531
40.741393 -121.787980
40.741169 -121.787592
40.740833 -121.786998
40.740434 -121.786406
40.740065 -121.785752
40.739761 -121.785240
40.739411 -121.784813
40.739043 -121.784241
40.738771 -121.783770
40.738560 -121.783175
40.738462 -121.782763
40.738019 -121.782523
40.737716 -121.782074
40.737315 -121.781317
40.736837 -121.780747
40.736234 -121.780179
40.735453 -121.779378
40.735158 -121.778883
40.734816 -121.778208
40.734597 -121.777711
40.734443 -121.777514
40.734151 -121.777278
40.733720 -121.776926
40.733382 -121.776611
40.733257 -121.776373
40.733147 -121.776035
40.732868 -121.775579
40.732668 -121.775443
40.732331 -121.775332
40.732496 -121.774585
40.732565 -121.773654
40.732637 -121.773053
40.732789 -121.772596
40.733082 -121.772032
40.733515 -121.771404
40.733793 -121.770945
40.733914 -121.770447
40.734061 -121.769357
40.734380 -121.768254
40.734456 -121.767832
40.734767 -121.766985
40.735124 -121.766002
40.735444 -121.765024
40.735783 -121.764377
40.735913 -121.764201
40.736046 -121.764021
40.736261 -121.763521
40.736427 -121.762939
40.736565 -121.762565
40.736711 -121.761662
40.736832 -121.761113
40.737145 -121.760750
40.737199 -121.760636
40.737263 -121.760501
40.737464 -121.760079
40.737512 -121.759801
40.737566 -121.759493
40.737576 -121.759434
40.737583 -121.759398
40.737646 -121.759036
40.737751 -121.758432
40.737812 -121.758083
40.737845 -121.757771
40.737869 -121.757541
40.737888 -121.757364
40.737942 -121.756856
40.737983 -121.756461
40.738227 -121.755893
40.738363 -121.755575
40.738542 -121.755160
40.738547 -121.755127
40.738581 -121.754919
40.738624 -121.754655
40.738651 -121.754486
40.738666 -121.754202
40.738678 -121.753997
40.738687 -121.753848
40.738181 -121.753316
40.737613 -121.753262
40.737495 -121.753203
40.737125 -121.753016
40.736670 -121.752729
40.735664 -121.752745
40.734305 -121.752919
40.733463 -121.752935
40.733026 -121.752943
40.732455 -121.752634
40.731946 -121.752665
40.731647 -121.752820
40.731342 -121.753017
40.731219 -121.753622
40.731203 -121.753701
40.730968 -121.754077
40.730904 -121.754180
40.730598 -121.754671
40.730217 -121.755402
40.730120 -121.755667
40.730028 -121.755917
40.729788 -121.755757
40.729421 -121.755430
40.728962 -121.754961
40.728394 -121.754494
40.728064 -121.754142
40.727642 -121.753792
40.727350 -121.753583
40.727075 -121.753397
40.726874 -121.753258
40.726637 -121.753143
40.726306 -121.752839
40.725994 -121.752510
40.725590 -121.752064
40.725131 -121.751620
40.724763 -121.751149
40.724304 -121.750728
40.723954 -121.750257
40.723753 -121.749819
40.723454 -121.749029
40.723279 -121.748555
40.723175 -121.747889
40.723072 -121.747286
40.722994 -121.746811
40.722558 -121.746787
40.722075 -121.746860
40.721523 -121.747315
40.720970 -121.747676
40.720294 -121.747879
40.719495 -121.747863
40.719108 -121.747902
40.718622 -121.747784
40.717989 -121.747414
40.717379 -121.747011
40.716454 -121.746551
40.715797 -121.746214
40.714969 -121.745784
40.714436 -121.745698
40.713352 -121.746196
40.712244 -121.746789
40.711474 -121.747217
40.711017 -121.747512
40.710685 -121.748091
40.710493 -121.748445
40.710187 -121.747856
40.710084 -121.746950
40.710061 -121.746751
40.709616 -121.746015
40.709296 -121.744914
40.708262 -121.743656
40.707440 -121.742459
40.707093 -121.741954
40.706674 -121.740599
40.706550 -121.739686
40.706408 -121.738582
40.706561 -121.737749
40.706685 -121.737172
40.706676 -121.736342
40.706756 -121.735281
40.706088 -121.733011
40.705778 -121.731293
40.705509 -121.730023
40.705436 -121.729681
40.704639 -121.727930
40.704127 -121.727268
40.703756 -121.726487
40.703034 -121.724971
40.702949 -121.724756
40.702819 -121.724426
40.702705 -121.724138
40.702580 -121.723819
40.702449 -121.723204
40.702329 -121.722631
40.702330 -121.722583
40.702352 -121.721779
40.702405 -121.720735
40.702666 -121.719411
40.702781 -121.718110
40.702682 -121.716430
40.702233 -121.713949
40.701292 -121.712186
40.701211 -121.711715
40.700995 -121.710461
40.700915 -121.709121
40.700885 -121.707866
40.700468 -121.706789
40.699595 -121.705528
40.698537 -121.703569
40.697838 -121.701965
40.697246 -121.701126
40.696265 -121.700357
40.696021 -121.700110
40.695233 -121.699313
40.693978 -121.698635
40.693301 -121.697499
40.692642 -121.696576
40.691723 -121.695466
40.691198 -121.694859
40.690477 -121.694128
40.689864 -121.692969
40.688964 -121.692136
40.688226 -121.691384
40.687049 -121.690407
40.686251 -121.690018
40.685249 -121.689548
40.684631 -121.689326
40.684337 -121.689119
40.683616 -121.688367
40.683270 -121.687885
40.682499 -121.687070
40.681650 -121.686427
40.680714 -121.685296
40.679915 -121.684318
40.679251 -121.683474
40.678693 -121.682847
40.678464 -121.682631
40.678071 -121.682263
40.677759 -121.681886
40.677264 -121.681109
40.676607 -121.680292
40.676508 -121.680098
40.676242 -121.679576
40.675994 -121.679091
40.675580 -121.678563
40.675270 -121.678169
40.674744 -121.677435
40.674462 -121.676887
40.674262 -121.676423
40.674076 -121.675725
40.674006 -121.675558
40.673943 -121.675408
40.673870 -121.675360
40.673290 -121.674975
40.672703 -121.674646
40.671871 -121.674173
40.671659 -121.674007
40.671431 -121.673948
40.671138 -121.673804
40.670876 -121.673512
40.670534 -121.673370
40.669978 -121.672955
40.669877 -121.672903
40.669775 -121.672812
40.669594 -121.672816
40.669562 -121.672673
40.669481 -121.672499
40.669387 -121.672460
40.669246 -121.672432
40.669104 -121.672322
40.668567 -121.671993
40.668021 -121.671760
40.667658 -121.671235
40.667312 -121.670668
40.666999 -121.670227
40.666601 -121.669469
40.666363 -121.669024
40.666287 -121.668880
40.666129 -121.668687
40.665876 -121.668378
40.665430 -121.667684
40.665179 -121.666966
40.665022 -121.665991
40.665138 -121.664797
40.665161 -121.664647
40.665196 -121.664416
40.665228 -121.664207
40.665295 -121.663766
40.665345 -121.663091
40.665284 -121.662850
40.665158 -121.662350
40.664616 -121.661723
40.663807 -121.660399
40.663092 -121.658818
40.662686 -121.657273
40.662581 -121.655212
40.662546 -121.653638
40.662578 -121.652170
40.662594 -121.650808
40.662739 -121.649316
40.663119 -121.647181
40.663332 -121.646049
40.663485 -121.645238
40.663570 -121.644258
40.663589 -121.643109
40.663540 -121.642386
40.663286 -121.641434
40.662662 -121.640724
40.661308 -121.639649
40.660171 -121.639625
40.659586 -121.639531
40.658584 -121.639722
40.657513 -121.639573
40.656429 -121.639680
40.655656 -121.640079
40.654855 -121.640138
40.654110 -121.640110
40.653509 -121.640016
40.652917 -121.639900
40.652487 -121.640526
40.652158 -121.641468
40.651763 -121.642349
40.651301 -121.643039
40.650325 -121.644037
40.649163 -121.644400
40.648665 -121.644640
40.648470 -121.644734
40.647743 -121.645106
40.647085 -121.645442
40.646180 -121.645545
40.645272 -121.645479
40.644355 -121.644689
40.643570 -121.644046
40.642898 -121.643400
40.642211 -121.642819
40.641737 -121.642445
40.641084 -121.642055
40.640610 -121.641681
40.640504 -121.641598
40.640033 -121.642007
40.639695 -121.642649
40.639497 -121.643116
40.639205 -121.643697
40.639039 -121.644121
40.638843 -121.644714
40.638635 -121.645210
40.638458 -121.645648
40.638325 -121.646170
40.638354 -121.646829
40.638343 -121.647671
40.638152 -121.648756
40.638147 -121.648921
40.638137 -121.649261
40.638164 -121.649752
40.638224 -121.650284
40.638326 -121.650773
40.638450 -121.651135
40.638469 -121.651191
40.638862 -121.651898
40.639147 -121.652318
40.639249 -121.652485
40.639324 -121.652857
40.639443 -121.653267
40.639546 -121.653545
40.639592 -121.653806
40.639566 -121.654013
40.639402 -121.654596
40.639380 -121.655158
40.639316 -121.655795
40.639309 -121.656450
40.639421 -121.657439
40.639600 -121.658165
40.639648 -121.658651
40.639651 -121.658894
40.639626 -121.659213
40.639474 -121.659627
40.639295 -121.660117
40.639217 -121.660792
40.639113 -121.661618
40.639078 -121.662311
40.638929 -121.662950
40.638736 -121.663571
40.638558 -121.664173
40.638433 -121.664494
40.638169 -121.665060
40.638044 -121.665318
40.637896 -121.665622
40.637668 -121.666216
40.637568 -121.666850
40.637531 -121.667313
40.637406 -121.667639
40.637261 -121.668020
40.637178 -121.668247
40.637190 -121.668432
40.637037 -121.668377
40.636662 -121.668172
40.636288 -121.667952
40.635926 -121.667780
40.635477 -121.667593
40.634940 -121.667311
40.634528 -121.667139
40.634104 -121.666985
40.633805 -121.666893
40.633431 -121.666738
40.633108 -121.666695
40.632685 -121.666622
40.632379 -121.666605
40.632250 -121.666598
40.631840 -121.666492
40.631391 -121.666355
40.631214 -121.666279
40.630917 -121.666152
40.630605 -121.665996
40.630168 -121.665744
40.629530 -121.665300
40.628854 -121.664874
40.627854 -121.664416
40.627517 -121.664102
40.627179 -121.663783
40.626629 -121.663436
40.626094 -121.663365
40.625349 -121.663298
40.624354 -121.663155
40.623979 -121.663093
40.623483 -121.663010
40.622711 -121.662748
40.622052 -121.662680
40.621382 -121.662726
40.620750 -121.662787
40.619935 -121.663129
40.619406 -121.663515
40.619112 -121.663846
40.618791 -121.663999
40.618247 -121.664173
40.617961 -121.664195
40.617717 -121.664526
40.617535 -121.664855
40.617192 -121.665302
40.616532 -121.666145
40.616133 -121.667082
40.615770 -121.667936
40.615471 -121.668598
40.615383 -121.668791
40.615143 -121.669463
40.614875 -121.669973
40.614596 -121.670516
40.614576 -121.670774
40.614599 -121.670796
40.614912 -121.671082
40.615154 -121.671269
40.615544 -121.671576
40.615935 -121.671971
40.616163 -121.672141
40.616633 -121.672446
40.616821 -121.672583
40.616812 -121.672950
40.616736 -121.673301
40.616623 -121.673880
40.616601 -121.674283
40.616630 -121.674984
40.616701 -121.675459
40.616868 -121.675928
40.617148 -121.676590
40.617228 -121.677077
40.617292 -121.677538
40.617364 -121.678052
40.617308 -121.678574
40.617290 -121.679161
40.617281 -121.679219
40.617232 -121.679569
40.617225 -121.679993
40.617342 -121.680528
40.617509 -121.680997
40.617674 -121.681303
40.617726 -121.681547
40.617656 -121.681923
40.617638 -121.682477
40.617606 -121.682982
40.617553 -121.683339
40.617514 -121.683603
40.617394 -121.683980
40.617223 -121.684211
40.616973 -121.684506
40.616843 -121.684659
40.616636 -121.685005
40.616319 -121.685516
40.616225 -121.685958
40.616127 -121.686073
40.616011 -121.686744
40.615918 -121.687315
40.615798 -121.687692
40.615714 -121.687971
40.615410 -121.688531
40.615205 -121.689040
40.615123 -121.689416
40.615028 -121.689686
40.614990 -121.689793
40.614882 -121.690088
40.614716 -121.690375
40.614529 -121.690698
40.614283 -121.691124
40.614166 -121.691328
40.614054 -121.691521
40.613911 -121.691997
40.613840 -121.692340
40.613745 -121.692749
40.613553 -121.693339
40.613240 -121.694143
40.613023 -121.694750
40.612723 -121.695635
40.612267 -121.696084
40.612129 -121.696246
40.612029 -121.696406
40.611974 -121.696493
40.611560 -121.696892
40.611079 -121.697231
40.610692 -121.697556
40.610058 -121.698265
40.609819 -121.698538
40.609667 -121.698662
40.609450 -121.698838
40.609341 -121.698908
40.608840 -121.699229
40.608360 -121.699617
40.608011 -121.700051
40.607550 -121.700439
40.607358 -121.700711
40.607213 -121.701056
40.607130 -121.701155
40.607010 -121.701243
40.606654 -121.701836
40.606325 -121.702392
40.606079 -121.702922
40.606029 -121.703416
40.606004 -121.703656
40.605816 -121.704381
40.605720 -121.704944
40.605512 -121.705437
40.605431 -121.705710
40.605359 -121.705953
40.605275 -121.706748
40.605297 -121.707023
40.605360 -121.707273
40.605426 -121.707496
40.605453 -121.707546
40.605480 -121.707575
40.605723 -121.707693
40.606069 -121.707857
40.606441 -121.707992
40.606761 -121.708137
40.606949 -121.708243
40.607100 -121.708472
40.607246 -121.708634
40.607370 -121.708731
40.607439 -121.708783
40.607692 -121.708949
40.607779 -121.709053
40.607806 -121.709248
40.607736 -121.709706
40.607755 -121.710308
40.607849 -121.710909
40.608069 -121.711670
40.608273 -121.712187
40.608590 -121.712833
40.608933 -121.713510
40.609173 -121.713880
40.609476 -121.714314
40.610041 -121.714889
40.610566 -121.715286
40.611017 -121.715636
40.611295 -121.716038
40.611460 -121.716426
40.611452 -121.716817
40.611343 -121.717079
40.611161 -121.717457
40.610845 -121.718017
40.610488 -121.718285
40.610353 -121.718434
40.610131 -121.718568
40.609761 -121.718722
40.609502 -121.718955
40.609208 -121.719254
40.608901 -121.719536
40.608507 -121.719886
40.608133 -121.720241
40.607741 -121.720747
40.607482 -121.721230
40.607336 -121.721537
40.607225 -121.721973
40.607100 -121.722649
40.606893 -121.723326
40.606779 -121.723545
40.606602 -121.723939
40.606260 -121.724445
40.606016 -121.724841
40.605559 -121.725479
40.605235 -121.726072
40.604846 -121.726796
40.604636 -121.727277
40.604250 -121.728283
40.604091 -121.728894
40.603836 -121.729746
40.603625 -121.730119
40.603383 -121.730753
40.603241 -121.731321
40.603032 -121.731954
40.602873 -121.732544
40.602865 -121.733325
40.602885 -121.733629
40.602809 -121.734217
40.602783 -121.734890
40.602657 -121.735479
40.602546 -121.735894
40.602323 -121.736723
40.602081 -121.737292
40.601919 -121.737599
40.601152 -121.738547
40.600828 -121.739183
40.600603 -121.739860
40.600410 -121.740298
40.600116 -121.740673
40.599590 -121.741030
40.599297 -121.741187
40.599129 -121.741277
40.598669 -121.741503
40.598274 -121.741771
40.597964 -121.742124
40.597325 -121.742787
40.597205 -121.742962
40.596666 -121.743741
40.596302 -121.744790
40.596160 -121.745077
40.595784 -121.745841
40.595636 -121.746481
40.595751 -121.746913
40.596108 -121.747225
40.596330 -121.747442
40.596487 -121.747594
40.596736 -121.748197
40.596900 -121.749063
40.597444 -121.750384
40.597783 -121.751131
40.597966 -121.751764
40.597932 -121.752691
40.597612 -121.753710
40.597136 -121.754529
40.596782 -121.755023
40.596505 -121.755410
40.596336 -121.756108
40.596232 -121.756688
40.596130 -121.757501
40.596093 -121.758167
40.596010 -121.758603
40.595968 -121.758748
40.595840 -121.759185
40.595447 -121.759598
40.595260 -121.759729
40.594812 -121.760044
40.594288 -121.760574
40.594135 -121.761024
40.594031 -121.761332
40.593949 -121.761912
40.593671 -121.762699
40.593542 -121.763078
40.593194 -121.763518
40.592404 -121.763938
40.591793 -121.764528
40.591338 -121.765376
40.590621 -121.766431
40.589948 -121.767457
40.589757 -121.768097
40.589329 -121.769349
40.589071 -121.769941
40.589237 -121.769865
40.589721 -121.769856
40.589982 -121.769900
40.590606 -121.770198
40.591007 -121.770598
40.591823 -121.771478
40.592291 -121.772251
40.592636 -121.773189
40.592681 -121.773937
40.592747 -121.774343
40.593091 -121.775151
40.593226 -121.776191
40.593197 -121.776924
40.592874 -121.778053
40.592403 -121.779348
40.592186 -121.779955
40.591828 -121.781312
40.591416 -121.782232
40.590476 -121.783730
40.589671 -121.785096
40.588979 -121.786591
40.588474 -121.788146
40.588262 -121.789063
40.588201 -121.789324
40.588149 -121.790236
40.588104 -121.790693
40.588132 -121.791002
40.588222 -121.791261
40.588244 -121.791290
40.588536 -121.791678
40.588625 -121.791888
40.589067 -121.792580
40.589381 -121.792949
40.590060 -121.793800
40.590538 -121.794426
40.590817 -121.794926
40.590995 -121.795346
40.591217 -121.796368
40.591259 -121.796888
40.591380 -121.797749
40.591636 -121.798542
40.591965 -121.799106
40.592118 -121.799494
40.592195 -121.799786
40.592237 -121.800192
40.592301 -121.800495
40.592282 -121.800989
40.592325 -121.801526
40.592393 -121.802029
40.592559 -121.802482
40.592700 -121.802936
40.592777 -121.803228
40.592843 -121.803601
40.592971 -121.803973
40.593296 -121.804211
40.593588 -121.804445
40.593972 -121.804753
40.594536 -121.805231
40.594751 -121.805602
40.594931 -121.806218
40.595133 -121.806605
40.595450 -121.807267
40.595643 -121.807931
40.595838 -121.808709
40.595855 -121.809149
40.595723 -121.809623
40.595641 -121.810146
40.595610 -121.810749
40.595678 -121.811252
40.595775 -121.812244
40.596047 -121.813395
40.596319 -121.814514
40.596465 -121.815358
40.596545 -121.815975
40.596574 -121.816300
40.596765 -121.816851
40.596956 -121.817287
40.597207 -121.817576
40.597359 -121.817899
40.597440 -121.818467
40.597659 -121.819261
40.597738 -121.819748
40.597781 -121.820317
40.597935 -121.820819
40.598204 -121.821596
40.598296 -121.822132
40.598342 -121.822929
40.598357 -121.824460
40.598271 -121.825748
40.598060 -121.826956
40.597885 -121.828068
40.597831 -121.828849
40.597705 -121.829910
40.597580 -121.831035
40.597569 -121.832387
40.597675 -121.833053
40.597817 -121.833612
40.597869 -121.833815
40.597926 -121.834596
40.597894 -121.836306
40.597868 -121.837414
40.597740 -121.838295
40.597570 -121.838673
40.597293 -121.839475
40.596956 -121.840588
40.596681 -121.841554
40.596401 -121.842260
40.596233 -121.842685
40.595844 -121.843571
40.595380 -121.844328
40.595199 -121.844803
40.595029 -121.846386
40.594910 -121.848212
40.594713 -121.849583
40.594524 -121.850557
40.594489 -121.850743
40.594415 -121.850919
40.594131 -121.851602
40.594113 -121.851645
40.593832 -121.852105
40.593413 -121.852422
40.592846 -121.852822
40.592428 -121.853171
40.592068 -121.853259
40.591671 -121.853233
40.591224 -121.853208
40.590901 -121.853165
40.590689 -121.853087
40.590563 -121.852894
40.590287 -121.852622
40.589949 -121.852318
40.589786 -121.852126
40.589611 -121.852031
40.589452 -121.852213
40.589342 -121.852475
40.589285 -121.852916
40.589289 -121.853339
40.589253 -121.853437
40.589118 -121.853586
40.589033 -121.853848
40.589024 -121.854158
40.588979 -121.854598
40.588947 -121.855152
40.588864 -121.855593
40.588757 -121.855986
40.588562 -121.856396
40.588417 -121.856789
40.588099 -121.857218
40.587854 -121.857597
40.587489 -121.858319
40.587246 -121.858877
40.587077 -121.859368
40.586812 -121.860154
40.586762 -121.860239
40.586714 -121.860319
40.586628 -121.860385
40.586504 -121.860387
40.586195 -121.860539
40.586011 -121.860738
40.585940 -121.861048
40.585845 -121.861571
40.585862 -121.861961
40.585865 -121.862303
40.585845 -121.862776
40.585750 -121.863233
40.585595 -121.863838
40.585355 -121.864737
40.585269 -121.865084
40.585176 -121.865457
40.585130 -121.865767
40.585003 -121.865925
40.584958 -121.865982
40.584837 -121.866309
40.584818 -121.866577
40.584804 -121.866782
40.584797 -121.867287
40.584657 -121.867435
40.584514 -121.867585
40.584205 -121.867687
40.583994 -121.867691
40.583548 -121.867764
40.583128 -121.868015
40.582969 -121.868229
40.582947 -121.868555
40.582964 -121.869011
40.583169 -121.869675
40.583373 -121.870209
40.583476 -121.870598
40.583493 -121.870988
40.583422 -121.871380
40.583490 -121.871949
40.583607 -121.872500
40.583737 -121.873133
40.583803 -121.873506
40.583793 -121.873767
40.583898 -121.874416
40.584077 -121.874772
40.584101 -121.874820
40.584327 -121.875077
40.584578 -121.875365
40.584616 -121.875463
40.584630 -121.875625
40.584683 -121.875917
40.584747 -121.876160
40.584812 -121.876485
40.584804 -121.876941
40.584770 -121.877267
40.584685 -121.877415
40.584366 -121.877811
40.584183 -121.878123
40.583912 -121.878405
40.583741 -121.878684
40.583656 -121.878849
40.583496 -121.879030
40.583411 -121.879227
40.583277 -121.879425
40.583143 -121.879655
40.582972 -121.879934
40.582691 -121.880411
40.582497 -121.880903
40.582254 -121.881460
40.582157 -121.881690
40.582085 -121.881952
40.582038 -121.882229
40.582015 -121.882392
40.581757 -121.882641
40.581547 -121.882840
40.581437 -121.882939
40.580904 -121.883062
40.580521 -121.883182
40.580300 -121.883430
40.580143 -121.883889
40.579997 -121.884249
40.579790 -121.884627
40.579544 -121.884843
40.579122 -121.884915
40.578875 -121.885066
40.578519 -121.885462
40.578239 -121.885955
40.578118 -121.886332
40.577973 -121.886757
40.577728 -121.887022
40.577418 -121.887141
40.577012 -121.887441
40.576510 -121.888133
40.575970 -121.888842
40.575731 -121.889338
40.575637 -121.889482
40.575465 -121.889745
40.575347 -121.890028
40.575236 -121.890127
40.575013 -121.890107
40.574855 -121.890122
40.574725 -121.890209
40.574662 -121.890381
40.574609 -121.890760
40.574614 -121.891212
40.574683 -121.891650
40.574878 -121.892124
40.574991 -121.892695
40.575080 -121.893207
40.575138 -121.893499
40.575197 -121.893791
40.575163 -121.894096
40.575137 -121.894317
40.575078 -121.894989
40.575000 -121.895637
40.574848 -121.896202
40.574666 -121.896668
40.574381 -121.897039
40.574003 -121.897412
40.573864 -121.897698
40.573729 -121.897978
40.573714 -121.898366
40.573707 -121.898576
40.573710 -121.898930
40.573687 -121.899444
40.573691 -121.899883
40.573620 -121.900275
40.573579 -121.900825
40.573518 -121.901265
40.573418 -121.901475
40.573298 -121.901635
40.573023 -121.902079
40.572887 -121.902399
40.572841 -121.902522
40.572745 -121.903122
40.572638 -121.903636
40.572566 -121.903979
40.572532 -121.904309
40.572432 -121.904567
40.572314 -121.904789
40.572232 -121.905010
40.572112 -121.905158
40.572095 -121.905317
40.571921 -121.905625
40.571866 -121.905724
40.571783 -121.905835
40.571663 -121.905874
40.571517 -121.905996
40.571469 -121.906036
40.571359 -121.906245
40.571341 -121.906299
40.571260 -121.906540
40.571132 -121.907001
40.571001 -121.907557
40.570892 -121.907901
40.570694 -121.907969
40.570497 -121.908054
40.570307 -121.908089
40.570050 -121.908110
40.569926 -121.908144
40.569729 -121.908278
40.569532 -121.908476
40.569362 -121.908788
40.569278 -121.909115
40.568974 -121.909820
40.568609 -121.910591
40.568353 -121.911132
40.567841 -121.912036
40.567611 -121.912707
40.567542 -121.913229
40.567446 -121.913670
40.567427 -121.914191
40.567517 -121.914612
40.567645 -121.914936
40.567648 -121.915327
40.567589 -121.915620
40.567496 -121.916338
40.567477 -121.916876
40.567555 -121.917265
40.567559 -121.917769
40.567491 -121.918454
40.567371 -121.919228
40.567316 -121.919580
40.567204 -121.919914
40.567014 -121.920480
40.566782 -121.920858
40.566428 -121.921547
40.566198 -121.922186
40.565885 -121.923265
40.565577 -121.924832
40.565419 -121.925974
40.565403 -121.926089
40.565216 -121.927345
40.565112 -121.928144
40.564859 -121.928962
40.564642 -121.929714
40.564410 -121.930141
40.563907 -121.930735
40.563414 -121.931182
40.562972 -121.931612
40.562517 -121.932075
40.562150 -121.932699
40.561859 -121.933469
40.561571 -121.934515
40.561393 -121.935397
40.561155 -121.936458
40.560918 -121.937732
40.560853 -121.938807
40.560703 -121.940046
40.560561 -121.940764
40.560332 -121.941516
40.559977 -121.942059
40.559596 -121.942439
40.558966 -121.942791
40.558473 -121.943124
40.557956 -121.943637
40.557441 -121.944377
40.557283 -121.944689
40.557015 -121.945279
40.556734 -121.945755
40.556379 -121.946266
40.556036 -121.946824
40.555855 -121.947348
40.555587 -121.947889
40.555455 -121.948412
40.555348 -121.948983
40.555301 -121.949244
40.555168 -121.949604
40.554899 -121.950015
40.554616 -121.950378
40.554322 -121.950740
40.554089 -121.951102
40.553846 -121.951659
40.553667 -121.952492
40.553389 -121.953277
40.553096 -121.953835
40.552752 -121.954150
40.552581 -121.954461
40.552534 -121.954836
40.552515 -121.955406
40.552519 -121.955878
40.552498 -121.956285
40.552352 -121.956613
40.551885 -121.957157
40.551626 -121.957357
40.551244 -121.957607
40.550922 -121.957774
40.550701 -121.957989
40.550358 -121.958450
40.550099 -121.958731
40.549608 -121.959275
40.549300 -121.959557
40.548954 -121.959676
40.548656 -121.959681
40.548222 -121.959801
40.547789 -121.959922
40.547307 -121.960108
40.547184 -121.960257
40.547063 -121.960584
40.546829 -121.960815
40.546397 -121.961050
40.545989 -121.961219
40.545507 -121.961454
40.545124 -121.961655
40.544607 -121.962119
40.544326 -121.962676
40.544243 -121.963117
40.544210 -121.963606
40.544215 -121.964175
40.544209 -121.964875
40.544200 -121.965249
40.544069 -121.965853
40.543827 -121.966556
40.543461 -121.967213
40.542996 -121.967968
40.542679 -121.968673
40.542571 -121.969114
40.542450 -121.969457
40.542287 -121.969721
40.542267 -121.969753
40.542182 -121.970015
40.542228 -121.970297
40.542235 -121.970339
40.542362 -121.970728
40.542492 -121.971393
40.542561 -121.972140
40.542579 -121.972791
40.542560 -121.973377
40.542407 -121.974339
40.542264 -121.975041
40.542184 -121.975839
40.542003 -121.976428
40.541762 -121.977164
40.541607 -121.977963
40.541615 -121.978842
40.541695 -121.979426
40.541785 -121.979767
40.541787 -121.980043
40.541740 -121.980288
40.541618 -121.980550
40.541540 -121.980633
40.541311 -121.980880
40.541029 -121.981340
40.540858 -121.981603
40.540798 -121.981848
40.540713 -121.982126
40.540667 -121.982501
40.540735 -121.983167
40.540757 -121.983352
40.540789 -121.983621
40.540805 -121.984060
40.540809 -121.984516
40.540765 -121.985200
40.540635 -121.985934
40.540627 -121.986471
40.540482 -121.986929
40.540251 -121.987388
40.539883 -121.987947
40.539639 -121.988373
40.539408 -121.988914
40.539255 -121.989353
40.539214 -121.989470
40.539082 -121.989976
40.539037 -121.990595
40.539049 -121.990769
40.539081 -121.991261
40.539161 -121.991976
40.539215 -121.992463
40.539269 -121.992983
40.539223 -121.993342
40.539040 -121.993735
40.538746 -121.994195
40.538218 -121.994854
40.537904 -121.995418
40.537497 -121.996182
40.537071 -121.997116
40.537046 -121.997158
40.536802 -121.997575
40.536474 -121.998410
40.536294 -121.999080
40.536274 -121.999633
40.536106 -122.000335
40.535877 -122.001136
40.535650 -122.002099
40.535448 -122.003176
40.535418 -122.004071
40.535512 -122.004850
40.535588 -122.005102
40.535640 -122.005271
40.535693 -122.005759
40.535636 -122.006329
40.535520 -122.006869
40.535517 -122.006918
40.535523 -122.007567
40.535516 -122.008202
40.535458 -122.008691
40.535280 -122.009637
40.535075 -122.010291
40.534801 -122.011045
40.534357 -122.011993
40.534174 -122.012402
40.534165 -122.012777
40.534108 -122.013331
40.534039 -122.014080
40.533993 -122.014341
40.533814 -122.015352
40.533475 -122.016333
40.533209 -122.017151
40.532818 -122.017888
40.532328 -122.018676
40.532085 -122.018952
40.531935 -122.019121
40.531541 -122.019550
40.531384 -122.020057
40.531305 -122.020904
40.531246 -122.021630
40.531222 -122.022873
40.531330 -122.023945
40.531464 -122.025001
40.531586 -122.025389
40.531795 -122.026053
40.531975 -122.026783
40.532031 -122.027563
40.531911 -122.028053
40.531718 -122.028674
40.531462 -122.029296
40.531153 -122.029843
40.530866 -122.030671
40.530733 -122.030890
40.530547 -122.031196
40.530080 -122.031707
40.529662 -122.032119
40.529009 -122.032780
40.528642 -122.033370
40.528361 -122.033911
40.527728 -122.035482
40.527118 -122.036711
40.526702 -122.037432
40.526379 -122.037964
40.526027 -122.038337
40.525907 -122.038826
40.525910 -122.039249
40.525914 -122.039721
40.525897 -122.040600
40.525767 -122.041366
40.525601 -122.042344
40.525385 -122.043226
40.525068 -122.043946
40.524616 -122.044798
40.524214 -122.045764
40.523736 -122.046502
40.523528 -122.046798
40.523258 -122.047257
40.523065 -122.047943
40.523148 -122.048885
40.523136 -122.049220
40.523118 -122.049764
40.522792 -122.050891
40.522671 -122.051213
40.522355 -122.052052
40.521977 -122.052903
40.521833 -122.053381
40.521820 -122.053426
40.521697 -122.053607
40.521663 -122.053634
40.521512 -122.053756
40.521376 -122.053839
40.521339 -122.053904
40.521516 -122.054244
40.521692 -122.054501
40.521771 -122.055037
40.522324 -122.055924
40.522677 -122.056602
40.523085 -122.057914
40.523320 -122.058724
40.523405 -122.059113
40.523321 -122.059407
40.523199 -122.059701
40.523117 -122.059804
40.522830 -122.060162
40.522499 -122.060606
40.522364 -122.060787
40.522244 -122.061309
40.522176 -122.061922
40.522167 -122.062747
40.522257 -122.063656
40.522466 -122.064976
40.522771 -122.065905
40.522831 -122.065999
40.522922 -122.066141
40.523073 -122.066334
40.523193 -122.066829
40.523210 -122.066896
40.523362 -122.067284
40.523650 -122.068148
40.524108 -122.069508
40.524264 -122.070352
40.524387 -122.071304
40.524427 -122.072193
40.524434 -122.072952
40.524507 -122.073883
40.524679 -122.074640
40.524966 -122.075439
40.525354 -122.076043
40.525670 -122.076535
40.526089 -122.077137
40.526939 -122.077906
40.528151 -122.078431
40.528468 -122.078687
40.528557 -122.078844
40.529173 -122.079936
40.529845 -122.081249
40.530667 -122.082583
40.531401 -122.083376
40.531768 -122.083718
40.532286 -122.084253
40.532734 -122.084623
40.533085 -122.084914
40.533778 -122.085480
40.534834 -122.086344
40.536236 -122.087822
40.537290 -122.089217
40.537759 -122.089927
40.538236 -122.090599
40.538629 -122.091151
40.539335 -122.092340
40.539384 -122.092421
40.539628 -122.092854
40.539870 -122.093282
40.540474 -122.094229
40.540709 -122.094724
40.540813 -122.095352
40.540918 -122.096045
40.541230 -122.097885
40.541465 -122.100333
40.541414 -122.102329
40.541108 -122.103483
40.541071 -122.104734
40.541100 -122.106131
40.541055 -122.107296
40.540973 -122.108089
40.540783 -122.108860
40.540629 -122.109631
40.540624 -122.111331
40.540818 -122.112989
40.540843 -122.114116
40.540669 -122.115138
40.540534 -122.117006
40.540564 -122.118762
40.540639 -122.119911
40.540629 -122.120779
40.540626 -122.122493
40.540752 -122.123858
40.540883 -122.125852
40.540873 -122.126763
40.540729 -122.127394
40.540526 -122.127947
40.539578 -122.129116
40.539147 -122.129544
40.538026 -122.130600
40.537644 -122.130938
40.536176 -122.132234
40.534915 -122.132885
40.534743 -122.132943
40.533652 -122.133308
40.531977 -122.133411
40.531072 -122.133504
40.530637 -122.133526
40.529866 -122.133605
40.529360 -122.133656
40.528654 -122.133812
40.528283 -122.134077
40.527900 -122.134277
40.527222 -122.134904
40.526655 -122.135464
40.526287 -122.135957
40.525846 -122.136743
40.525639 -122.137397
40.525604 -122.137476
40.525420 -122.137888
40.525198 -122.138151
40.524877 -122.138415
40.524495 -122.138664
40.523939 -122.139029
40.523829 -122.139088
40.523568 -122.139229
40.523098 -122.139414
40.522253 -122.139392
40.521608 -122.139400
40.521249 -122.139584
40.520929 -122.139946
40.520512 -122.140618
40.520317 -122.141108
40.520050 -122.141925
40.519819 -122.142595
40.519712 -122.143149
40.519456 -122.143803
40.519076 -122.144507
40.518488 -122.145491
40.517984 -122.146213
40.517447 -122.146881
40.517174 -122.147391
40.517122 -122.147844
40.517107 -122.148473
40.517214 -122.148983
40.517411 -122.149469
40.517778 -122.150216
40.517993 -122.150767
40.518395 -122.151461
40.518783 -122.151863
40.519481 -122.152277
40.519917 -122.152483
40.520849 -122.152536
40.521482 -122.152577
40.521953 -122.152506
40.522622 -122.152383
40.522648 -122.152382
40.523268 -122.152343
40.523441 -122.152341
40.523540 -122.152307
40.523812 -122.152059
40.523935 -122.151895
40.524071 -122.151926
40.524395 -122.152052
40.524680 -122.152048
40.524941 -122.152061
40.525214 -122.152058
40.525835 -122.152066
40.526157 -122.152046
40.526345 -122.152174
40.526794 -122.152559
40.527369 -122.153072
40.527794 -122.153441
40.528093 -122.153648
40.528232 -122.153923
40.528234 -122.154281
40.528101 -122.154787
40.527956 -122.155261
40.527810 -122.155669
40.527616 -122.156257
40.527450 -122.157333
40.527440 -122.157740
40.527508 -122.158536
40.527585 -122.158876
40.527615 -122.159559
40.527532 -122.160162
40.527375 -122.160668
40.527108 -122.161550
40.526992 -122.162125
40.526880 -122.162675
40.526861 -122.163359
40.526865 -122.164004
40.526959 -122.164919
40.527125 -122.165552
40.527227 -122.166038
40.527420 -122.166914
40.527604 -122.167632
40.527765 -122.168260
40.527868 -122.168596
40.528095 -122.169330
40.528448 -122.170009
40.528749 -122.170477
40.528937 -122.170735
40.528926 -122.170930
40.528831 -122.171468
40.528810 -122.172005
40.528902 -122.172817
40.528881 -122.173371
40.528785 -122.173778
40.528567 -122.174497
40.528424 -122.175312
40.528367 -122.176142
40.528346 -122.176964
40.528338 -122.177265
40.528357 -122.177693
40.528383 -122.178289
40.528390 -122.179347
40.528382 -122.179418
40.528291 -122.180245
40.528262 -122.180503
40.528069 -122.181473
40.527583 -122.182614
40.527235 -122.183435
40.526859 -122.184221
40.526297 -122.185021
40.525448 -122.186068
40.524162 -122.187255
40.522941 -122.188294
40.521812 -122.189271
40.521099 -122.189853
40.520239 -122.190657
40.519556 -122.191555
40.519327 -122.192009
40.518822 -122.193040
40.518295 -122.193620
40.517805 -122.193992
40.517508 -122.194117
40.517165 -122.194365
40.516796 -122.194882
40.516529 -122.195337
40.516252 -122.195608
40.516057 -122.195659
40.515889 -122.195588
40.515590 -122.195482
40.515394 -122.195436
40.515087 -122.195427
40.514818 -122.195430
40.514557 -122.195507
40.514409 -122.195642
40.514308 -122.195790
40.514244 -122.195986
40.514190 -122.196304
40.514155 -122.196394
40.514062 -122.196635
40.513851 -122.197064
40.513741 -122.197334
40.513630 -122.197396
40.513501 -122.197370
40.513406 -122.197350
40.513099 -122.197305
40.512950 -122.197307
40.512689 -122.197383
40.512320 -122.197729
40.511987 -122.198147
40.511739 -122.198590
40.511649 -122.199054
40.511578 -122.199543
40.511432 -122.199910
40.511165 -122.200328
40.511083 -122.200622
40.511076 -122.200915
40.511088 -122.201378
40.510981 -122.202014
40.510854 -122.202540
40.510700 -122.203115
40.510544 -122.203507
40.510434 -122.203691
40.510267 -122.203852
40.510119 -122.203951
40.510018 -122.204160
40.510010 -122.204416
40.510087 -122.204708
40.510163 -122.204939
40.510210 -122.205036
40.510408 -122.205423
40.510446 -122.205547
40.510504 -122.205739
40.510505 -122.205983
40.510435 -122.206533
40.510318 -122.207169
40.510200 -122.207621
40.510147 -122.208073
40.510096 -122.208806
40.509990 -122.209624
40.509647 -122.211177
40.509447 -122.211838
40.509255 -122.212377
40.509192 -122.212695
40.509092 -122.212977
40.508845 -122.213650
40.508259 -122.215048
40.507468 -122.216581
40.506539 -122.218141
40.505892 -122.218893
40.505383 -122.219399
40.505090 -122.220122
40.504956 -122.220843
40.504791 -122.221235
40.504680 -122.221407
40.504569 -122.221481
40.504337 -122.221557
40.504151 -122.221632
40.504022 -122.221768
40.503939 -122.221867
40.503865 -122.221941
40.503716 -122.221930
40.503474 -122.221945
40.503371 -122.221898
40.503370 -122.221800
40.503341 -122.221605
40.503284 -122.221399
40.503180 -122.221192
40.503030 -122.221036
40.502842 -122.220782
40.502655 -122.220638
40.502439 -122.220421
40.501972 -122.220133
40.501664 -122.220015
40.501319 -122.219970
40.500780 -122.220025
40.500371 -122.220213
40.499750 -122.220586
40.499417 -122.220870
40.499241 -122.221092
40.499021 -122.221509
40.498883 -122.221779
40.498745 -122.221988
40.498485 -122.222137
40.498180 -122.222397
40.498031 -122.222459
40.497835 -122.222413
40.497389 -122.222430
40.497100 -122.222397
40.496829 -122.222339
40.496677 -122.222252
40.496474 -122.222136
40.496288 -122.222089
40.496055 -122.222092
40.495739 -122.222144
40.495432 -122.222197
40.495171 -122.222175
40.494770 -122.221997
40.494312 -122.221746
40.493975 -122.221494
40.493657 -122.221315
40.493387 -122.221318
40.493119 -122.221589
40.492825 -122.222178
40.492540 -122.222706
40.492226 -122.223087
40.492183 -122.223115
40.491818 -122.223348
40.491484 -122.223388
40.491222 -122.223330
40.490784 -122.223189
40.490287 -122.223086
40.489786 -122.222981
40.488938 -122.222808
40.487810 -122.222577
40.486775 -122.222358
40.485311 -122.221984
40.483733 -122.221234
40.483135 -122.220876
40.482751 -122.220612
40.482302 -122.220215
40.481973 -122.219804
40.481597 -122.219321
40.481307 -122.218995
40.480830 -122.218720
40.480373 -122.218555
40.479451 -122.218492
40.478296 -122.218432
40.477346 -122.218309
40.476562 -122.218074
40.476381 -122.217995
40.475610 -122.217659
40.474311 -122.217028
40.473749 -122.216608
40.473208 -122.216166
40.472458 -122.215782
40.471717 -122.215553
40.471228 -122.215540
40.470718 -122.215518
40.470470 -122.215496
40.470362 -122.215486
40.470152 -122.215443
40.469908 -122.215528
40.469734 -122.215612
40.469608 -122.215892
40.469287 -122.217583
40.469028 -122.218482
40.468754 -122.219271
40.468514 -122.219932
40.468232 -122.220630
40.468164 -122.220905
40.468125 -122.221308
40.468127 -122.221655
40.468101 -122.221829
40.468082 -122.222204
40.468056 -122.222461
40.467982 -122.222818
40.467824 -122.223304
40.467617 -122.223700
40.467395 -122.223895
40.467054 -122.224072
40.466764 -122.224450
40.466668 -122.224817
40.466642 -122.225110
40.466645 -122.225512
40.466627 -122.225933
40.466607 -122.226023
40.466512 -122.226446
40.466327 -122.227015
40.466114 -122.227456
40.465789 -122.227972
40.465518 -122.228204
40.465288 -122.228270
40.465227 -122.228287
40.464986 -122.228354
40.464735 -122.228500
40.464678 -122.228570
40.464637 -122.228714
40.464633 -122.228783
40.464629 -122.228989
40.464614 -122.229071
40.464557 -122.229181
40.464484 -122.229340
40.464402 -122.229471
40.464360 -122.229540
40.464335 -122.229650
40.464284 -122.229835
40.464134 -122.231374
40.464231 -122.231452
40.464383 -122.231513
40.464522 -122.231606
40.464716 -122.231746
40.465065 -122.231956
40.465419 -122.231983
40.465774 -122.231923
40.466022 -122.231882
40.466641 -122.231738
40.467391 -122.231635
40.468665 -122.231696
40.469927 -122.232225
40.470833 -122.232926
40.471725 -122.233666
40.472820 -122.234758
40.473080 -122.234893
40.473279 -122.234997
40.473695 -122.235105
40.474595 -122.234944
40.475007 -122.234871
40.475724 -122.234744
40.476641 -122.234846
40.477529 -122.235117
40.478607 -122.235723
40.478948 -122.235959
40.479943 -122.236645
40.482440 -122.237685
40.484577 -122.238448
40.486442 -122.239232
40.487988 -122.239327
40.489548 -122.239403
40.490708 -122.239578
40.491467 -122.239738
40.491811 -122.239846
40.491998 -122.239944
40.492105 -122.240312
40.492158 -122.240933
40.492244 -122.241796
40.492238 -122.242102
40.492256 -122.242344
40.492281 -122.242481
40.492322 -122.242649
40.492395 -122.242733
40.492540 -122.242773
40.492718 -122.242824
40.492847 -122.242928
40.492874 -122.243028
40.492913 -122.243170
40.492915 -122.243528
40.492908 -122.243882
40.492903 -122.244098
40.492939 -122.244709
40.492999 -122.245256
40.493157 -122.245806
40.493439 -122.246309
40.493935 -122.246683
40.494526 -122.246817
40.495105 -122.246768
40.495941 -122.246534
40.496756 -122.246441
40.497368 -122.246490
40.497787 -122.246541
40.498226 -122.246452
40.498833 -122.246396
40.498912 -122.246388
40.499696 -122.246492
40.500620 -122.246664
40.501276 -122.246854
40.501867 -122.246918
40.502468 -122.246967
40.502747 -122.246964
40.503068 -122.246834
40.503271 -122.246733
40.503431 -122.246450
40.503590 -122.246195
40.503835 -122.245954
40.504176 -122.245641
40.504474 -122.245215
40.504698 -122.244918
40.505042 -122.245054
40.505441 -122.245359
40.505709 -122.245398
40.505978 -122.245409
40.506257 -122.245477
40.506568 -122.245473
40.506655 -122.245542
40.506774 -122.245696
40.506840 -122.245962
40.506856 -122.246763
40.507102 -122.247758
40.507435 -122.247929
40.508134 -122.248146
40.508758 -122.248421
40.509200 -122.248711
40.509706 -122.249099
40.509848 -122.249187
40.510019 -122.249292
40.510175 -122.249360
40.510492 -122.249498
40.510933 -122.249591
40.511309 -122.249728
40.511686 -122.249878
40.512084 -122.250000
40.512245 -122.250097
40.512395 -122.250053
40.512802 -122.249908
40.513434 -122.249746
40.514260 -122.249597
40.515161 -122.249544
40.515719 -122.249651
40.516172 -122.249885
40.516699 -122.250174
40.517033 -122.250423
40.517400 -122.250616
40.517574 -122.250635
40.517640 -122.250634
40.517774 -122.250401
40.517836 -122.250277
40.518075 -122.250078
40.518460 -122.249882
40.518844 -122.249707
40.519242 -122.249678
40.519340 -122.249685
40.519444 -122.249750
40.519693 -122.250126
40.519878 -122.250617
40.519922 -122.250695
40.520182 -122.251162
40.520726 -122.252182
40.521266 -122.252809
40.521581 -122.253410
40.521865 -122.254166
40.522213 -122.254865
40.522484 -122.255341
40.522841 -122.255688
40.523164 -122.255867
40.523475 -122.255906
40.523786 -122.255903
40.523990 -122.255788
40.524285 -122.255534
40.524673 -122.255260
40.525037 -122.255087
40.525445 -122.255195
40.525929 -122.255387
40.526468 -122.255718
40.526943 -122.256149
40.527503 -122.256494
40.528473 -122.257131
40.529237 -122.257530
40.529958 -122.257831
40.530158 -122.257993
40.530250 -122.258067
40.530530 -122.258345
40.531113 -122.258789
40.531565 -122.259065
40.531995 -122.259201
40.532585 -122.259167
40.533110 -122.259006
40.533580 -122.258677
40.534049 -122.258208
40.534561 -122.257626
40.534710 -122.257484
40.534839 -122.257496
40.535119 -122.257662
40.535366 -122.257758
40.535538 -122.257714
40.535676 -122.257571
40.535804 -122.257401
40.535962 -122.256949
40.536075 -122.256189
40.536223 -122.255906
40.536502 -122.255574
40.536617 -122.255437
40.537173 -122.255051
40.537365 -122.254852
40.537706 -122.254441
40.537907 -122.254087
40.538064 -122.253508
40.538170 -122.253198
40.538265 -122.253056
40.538447 -122.252941
40.538629 -122.252897
40.538759 -122.252994
40.538878 -122.253162
40.539040 -122.253371
40.539353 -122.253691
40.539386 -122.253729
40.539548 -122.253914
40.539731 -122.254010
40.540085 -122.254034
40.540440 -122.253981
40.540493 -122.253974
40.540761 -122.253943
40.541060 -122.253785
40.541456 -122.253583
40.541638 -122.253595
40.541961 -122.253676
40.542176 -122.253786
40.542596 -122.254007
40.542877 -122.254299
40.543136 -122.254563
40.543288 -122.254829
40.543506 -122.255262
40.543745 -122.255766
40.544017 -122.256438
40.544213 -122.256858
40.544398 -122.257166
40.544647 -122.257472
40.544927 -122.257751
40.545316 -122.258126
40.545480 -122.258532
40.545751 -122.259050
40.546105 -122.259506
40.546464 -122.259745
40.546840 -122.259868
40.547109 -122.259879
40.547570 -122.259874
40.547688 -122.259901
40.547850 -122.259997
40.548108 -122.260149
40.548356 -122.260315
40.548528 -122.260327
40.548796 -122.260310
40.549053 -122.260209
40.549481 -122.259993
40.549702 -122.259948
40.549770 -122.259934
40.550059 -122.259860
40.550306 -122.259872
40.550715 -122.260022
40.550886 -122.260094
40.551102 -122.260187
40.551694 -122.260433
40.551877 -122.260516
40.552018 -122.260655
40.552180 -122.260822
40.552417 -122.261072
40.552848 -122.261377
40.553311 -122.261569
40.554052 -122.261617
40.554781 -122.261468
40.555711 -122.260910
40.556214 -122.260693
40.556685 -122.260533
40.556888 -122.260432
40.557176 -122.260218
40.557474 -122.259793
40.557601 -122.259510
40.557629 -122.259415
40.557674 -122.259256
40.557770 -122.259128
40.557931 -122.259042
40.558177 -122.259039
40.558371 -122.259122
40.558500 -122.259148
40.558650 -122.259076
40.558981 -122.258834
40.559237 -122.258634
40.559440 -122.258547
40.559741 -122.258572
40.559892 -122.258612
40.560053 -122.258709
40.560162 -122.258933
40.560217 -122.259200
40.560292 -122.259526
40.560415 -122.259887
40.560555 -122.260040
40.560684 -122.260067
40.560932 -122.260149
40.561233 -122.260230
40.561448 -122.260248
40.561741 -122.260323
40.562247 -122.260577
40.562449 -122.260691
40.562825 -122.260845
40.563114 -122.260856
40.563329 -122.260826
40.563490 -122.260782
40.563927 -122.260453
40.564003 -122.260375
40.564215 -122.260155
40.564674 -122.259699
40.565230 -122.259440
40.565722 -122.259252
40.566066 -122.259234
40.566442 -122.259286
40.566550 -122.259383
40.566583 -122.259580
40.566650 -122.259931
40.566824 -122.260281
40.566912 -122.260681
40.566923 -122.260730
40.566947 -122.261110
40.567056 -122.261348
40.567250 -122.261528
40.567412 -122.261639
40.567713 -122.261748
40.567799 -122.261762
40.567970 -122.261718
40.568312 -122.261503
40.568644 -122.261330
40.569009 -122.261326
40.569395 -122.261336
40.569825 -122.261458
40.570277 -122.261594
40.570653 -122.261674
40.570867 -122.261629
40.570931 -122.261629
40.571007 -122.261656
40.571104 -122.261768
40.571341 -122.261948
40.571643 -122.262184
40.572160 -122.262431
40.572698 -122.262637
40.573321 -122.262756
40.573793 -122.262765
40.574135 -122.262621
40.574552 -122.262321
40.574797 -122.262037
40.574988 -122.261739
40.575253 -122.261201
40.575303 -122.261109
40.575593 -122.260578
40.575923 -122.260237
40.576072 -122.260080
40.576222 -122.259966
40.576351 -122.259965
40.576554 -122.259977
40.576640 -122.260004
40.576727 -122.260059
40.576953 -122.260226
40.577030 -122.260464
40.577085 -122.260660
40.577176 -122.260767
40.577204 -122.260800
40.577440 -122.260839
40.577890 -122.260792
40.578405 -122.260660
40.578855 -122.260599
40.579155 -122.260609
40.579487 -122.260521
40.579744 -122.260392
40.579856 -122.260278
40.580011 -122.260121
40.580287 -122.259767
40.580436 -122.259540
40.580684 -122.259748
40.581147 -122.259912
40.581394 -122.259909
40.581800 -122.259750
40.582185 -122.259520
40.582473 -122.259250
40.582666 -122.259220
40.583148 -122.259059
40.583630 -122.258956
40.584413 -122.258891
40.584671 -122.258902
40.584982 -122.258955
40.585219 -122.259093
40.585385 -122.259269
40.585468 -122.259358
40.585716 -122.259524
40.586016 -122.259577
40.586262 -122.259391
40.586496 -122.259121
40.586652 -122.258903
40.586730 -122.258795
40.587039 -122.258453
40.587445 -122.258139
40.587690 -122.257869
40.587958 -122.257725
40.588062 -122.257719
40.588226 -122.257708
40.588483 -122.257677
40.588643 -122.257549
40.588835 -122.257293
40.589049 -122.256893
40.589301 -122.256387
40.589545 -122.255977
40.589960 -122.255353
40.590257 -122.254857
40.590545 -122.254614
40.590898 -122.254455
40.591241 -122.254353
40.591981 -122.254274
40.592614 -122.254267
40.593054 -122.254248
40.593482 -122.254145
40.593997 -122.254083
40.594436 -122.253966
40.594683 -122.253949
40.594918 -122.253834
40.595206 -122.253535
40.595291 -122.253463
40.595615 -122.253713
40.595841 -122.253823
40.595991 -122.253864
40.596249 -122.253805
40.596377 -122.253803
40.596528 -122.253886
40.596657 -122.253941
40.596754 -122.253940
40.596862 -122.254009
40.596991 -122.254148
40.597281 -122.254216
40.597679 -122.254253
40.598345 -122.254415
40.598667 -122.254411
40.598978 -122.254366
40.599310 -122.254277
40.599642 -122.254147
40.599824 -122.254187
40.599922 -122.254327
40.600041 -122.254495
40.600095 -122.254579
40.600193 -122.254732
40.600322 -122.254815
40.600451 -122.254814
40.600547 -122.254799
40.600804 -122.254697
40.601142 -122.254614
40.601222 -122.254594
40.601404 -122.254578
40.601580 -122.254631
40.601630 -122.254646
40.601828 -122.254642
40.602145 -122.254542
40.602412 -122.254398
40.602604 -122.254255
40.602765 -122.254225
40.602926 -122.254280
40.603099 -122.254475
40.603272 -122.254614
40.603487 -122.254653
40.603674 -122.254710
40.603939 -122.254860
40.604090 -122.255111
40.604220 -122.255223
40.604338 -122.255249
40.604510 -122.255276
40.604661 -122.255387
40.604801 -122.255498
40.605037 -122.255537
40.605295 -122.255534
40.605510 -122.255574
40.605660 -122.255601
40.605918 -122.255598
40.606143 -122.255595
40.606325 -122.255509
40.606462 -122.255198
40.606622 -122.255041
40.606934 -122.255038
40.607363 -122.255103
40.607750 -122.255113
40.608125 -122.255052
40.608521 -122.254921
40.608555 -122.254904
40.608938 -122.254706
40.609291 -122.254561
40.609805 -122.254372
40.610265 -122.254099
40.610650 -122.253884
40.610918 -122.253853
40.611240 -122.253934
40.611627 -122.254042
40.611843 -122.254040
40.611906 -122.254039
40.612270 -122.253936
40.612677 -122.253735
40.612902 -122.253746
40.613182 -122.253799
40.613568 -122.253781
40.613922 -122.253721
40.614188 -122.253507
40.614433 -122.253152
40.614667 -122.252868
40.614977 -122.252723
40.615288 -122.252649
40.615707 -122.252659
40.616468 -122.252538
40.616821 -122.252449
40.617228 -122.252290
40.617870 -122.251945
40.618425 -122.251572
40.618841 -122.251131
40.619513 -122.250593
40.619823 -122.250346
40.620249 -122.249806
40.620749 -122.249138
40.621003 -122.248657
40.621174 -122.248458
40.621356 -122.248399
40.621507 -122.248553
40.621701 -122.248719
40.622024 -122.248842
40.622481 -122.248997
40.622896 -122.249049
40.622959 -122.249045
40.623311 -122.249025
40.623682 -122.248871
40.624368 -122.248807
40.624855 -122.248820
40.625370 -122.248908
40.625830 -122.249204
40.626189 -122.249369
40.626519 -122.249515
40.626891 -122.249586
40.627236 -122.249751
40.627809 -122.249876
40.628167 -122.249872
40.628639 -122.249848
40.629424 -122.249614
40.630195 -122.249418
40.630768 -122.249411
40.631282 -122.249387
40.631711 -122.249288
40.632211 -122.249226
40.632825 -122.249155
40.633016 -122.249743
40.633248 -122.250191
40.633436 -122.250489
40.633546 -122.250603
40.633652 -122.250712
40.633867 -122.250766
40.634053 -122.250802
40.634340 -122.250967
40.634514 -122.251266
40.634673 -122.251602
40.634789 -122.251732
40.635176 -122.251897
40.635477 -122.251969
40.635663 -122.251967
40.635921 -122.252077
40.636195 -122.252430
40.636277 -122.252863
40.636284 -122.252899
40.636414 -122.253123
40.636630 -122.253290
40.636931 -122.253324
40.637293 -122.253320
40.637517 -122.253317
40.638031 -122.253067
40.638515 -122.252780
40.639014 -122.252361
40.639354 -122.251926
40.639751 -122.251433
40.640049 -122.251016
40.640105 -122.250865
40.640220 -122.250845
40.640406 -122.250937
40.640508 -122.251124
40.640681 -122.251385
40.640841 -122.251815
40.641015 -122.252151
40.641192 -122.252919
40.641253 -122.253595
40.641286 -122.254381
40.641287 -122.254421
40.641335 -122.255153
40.641424 -122.255678
40.641744 -122.256426
40.642219 -122.256909
40.642879 -122.257239
40.643824 -122.257360
40.644256 -122.257440
40.645071 -122.257591
40.646075 -122.257891
40.646609 -122.257952
40.647042 -122.257947
40.647627 -122.257907
40.648085 -122.257935
40.648467 -122.257998
40.648823 -122.257994
40.649434 -122.258121
40.650580 -122.258342
40.651779 -122.258930
40.652597 -122.259455
40.653567 -122.260012
40.654231 -122.260539
40.654933 -122.261193
40.655351 -122.261677
40.655364 -122.261724
40.655453 -122.262051
40.655499 -122.262520
40.655630 -122.262895
40.655889 -122.263042
40.656304 -122.263169
40.656591 -122.263185
40.656814 -122.263138
40.657348 -122.263026
40.657434 -122.263044
40.657450 -122.263363
40.657409 -122.263608
40.657421 -122.263738
40.657440 -122.263927
40.657528 -122.264302
40.657674 -122.264732
40.657848 -122.265125
40.658049 -122.265310
40.658308 -122.265533
40.658652 -122.265661
40.659024 -122.265619
40.659176 -122.265471
40.659237 -122.265410
40.659378 -122.265014
40.659460 -122.264487
40.659531 -122.264374
40.659645 -122.264278
40.659831 -122.264201
40.660144 -122.264029
40.660557 -122.263611
40.660642 -122.263478
40.660799 -122.263420
40.660942 -122.263456
40.661128 -122.263492
40.661401 -122.263620
40.661745 -122.263748
40.661988 -122.263783
40.662217 -122.263743
40.662374 -122.263722
40.662518 -122.263758
40.662848 -122.263924
40.663034 -122.263941
40.663291 -122.263881
40.663548 -122.263747
40.663891 -122.263762
40.664436 -122.263888
40.664952 -122.264032
40.665454 -122.264271
40.665869 -122.264266
40.666297 -122.264149
40.666711 -122.263957
40.667269 -122.263913
40.667684 -122.264021
40.668372 -122.264164
40.668743 -122.264229
40.668966 -122.264240
40.669245 -122.264367
40.669487 -122.264569
40.669843 -122.264937
40.669942 -122.264992
40.670055 -122.264972
40.670338 -122.264839
40.670661 -122.264501
40.670971 -122.264348
40.671212 -122.264346
40.671312 -122.264419
40.671595 -122.264416
40.671891 -122.264208
40.672088 -122.264095
40.672329 -122.264129
40.672585 -122.264312
40.672911 -122.264346
40.673138 -122.264455
40.673422 -122.264619
40.673621 -122.264766
40.673962 -122.264911
40.674203 -122.265019
40.674388 -122.265185
40.674532 -122.265499
40.674661 -122.265777
40.674946 -122.266052
40.675329 -122.266234
40.676068 -122.266598
40.676848 -122.266943
40.677331 -122.267198
40.677559 -122.267325
40.677786 -122.267453
40.678070 -122.267636
40.678354 -122.267688
40.678707 -122.267703
40.678977 -122.267737
40.679388 -122.267900
40.679700 -122.267971
40.680125 -122.267985
40.680296 -122.268151
40.680712 -122.269129
40.681038 -122.269091
40.681320 -122.269013
40.681626 -122.268912
40.681843 -122.268840
40.681933 -122.268839
40.682225 -122.268836
40.682522 -122.268833
40.682805 -122.268793
40.683144 -122.268659
40.683339 -122.268505
40.683384 -122.268470
40.683537 -122.268152
40.683636 -122.268058
40.683962 -122.268111
40.684484 -122.268234
40.684927 -122.268491
40.685253 -122.268636
40.685465 -122.268633
40.685748 -122.268500
40.686027 -122.267939
40.686059 -122.267859
40.686236 -122.267416
40.686574 -122.267171
40.686941 -122.266869
40.687237 -122.266754
40.687591 -122.266769
40.688030 -122.266839
40.688356 -122.266817
40.688724 -122.266850
40.689249 -122.266974
40.689588 -122.266970
40.689626 -122.266962
40.690125 -122.266853
40.690365 -122.266739
40.690719 -122.266679
40.690973 -122.266546
40.691070 -122.266192
40.691139 -122.265840
40.691150 -122.265484
40.691162 -122.265112
40.691216 -122.264665
40.691185 -122.264238
40.691166 -122.263587
40.691193 -122.263308
40.691334 -122.263176
40.691558 -122.262932
40.691784 -122.262855
40.692053 -122.262796
40.692407 -122.262792
40.692577 -122.262902
40.692863 -122.263215
40.693203 -122.263379
40.693558 -122.263449
40.693925 -122.263408
40.694250 -122.263293
40.694674 -122.263139
40.695014 -122.263136
40.695439 -122.263261
40.695851 -122.263424
40.696134 -122.263514
40.696574 -122.263695
40.696858 -122.263729
40.697067 -122.263818
40.697454 -122.263983
40.697795 -122.264202
40.698008 -122.264312
40.698235 -122.264402
40.698405 -122.264400
40.698573 -122.264138
40.698868 -122.263800
40.699022 -122.263426
40.698962 -122.262906
40.698889 -122.262609
40.698859 -122.262276
40.698828 -122.261885
40.698826 -122.261587
40.698908 -122.261103
40.698906 -122.260861
40.698875 -122.260471
40.698745 -122.260026
40.698658 -122.259636
40.698613 -122.259246
40.698610 -122.258855
40.698722 -122.258724
40.698962 -122.258573
40.699441 -122.258232
40.699809 -122.258154
40.700033 -122.258049
40.700176 -122.257983
40.700570 -122.257736
40.700810 -122.257548
40.700867 -122.257423
40.701033 -122.257062
40.701201 -122.256669
40.701382 -122.256295
40.701677 -122.255883
40.701915 -122.255508
40.702099 -122.255469
40.702311 -122.255392
40.702550 -122.255203
40.702860 -122.254977
40.703057 -122.254733
40.703296 -122.254600
40.703495 -122.254598
40.703707 -122.254688
40.703835 -122.254743
40.703977 -122.254797
40.704275 -122.254849
40.704643 -122.254864
40.704897 -122.254805
40.705348 -122.254465
40.705742 -122.254163
40.706011 -122.254086
40.706283 -122.254073
40.706618 -122.253782
40.707167 -122.253366
40.707562 -122.253157
40.707802 -122.253080
40.707957 -122.252967
40.708097 -122.252975
40.708245 -122.252889
40.708435 -122.252720
40.708488 -122.252719
40.708572 -122.252765
40.708637 -122.252801
40.708850 -122.252799
40.709072 -122.252685
40.709219 -122.252610
40.709326 -122.252556
40.709548 -122.252400
40.709906 -122.252006
40.710158 -122.251584
40.710273 -122.251346
40.710367 -122.251094
40.710484 -122.251106
40.710591 -122.251147
40.710697 -122.251243
40.710805 -122.251424
40.710848 -122.251604
40.710872 -122.251981
40.710842 -122.252316
40.710728 -122.252694
40.710625 -122.253142
40.710521 -122.253519
40.710490 -122.253687
40.710523 -122.253868
40.710652 -122.254062
40.710855 -122.254339
40.711004 -122.254407
40.711207 -122.254530
40.711378 -122.254779
40.711529 -122.255085
40.711680 -122.255446
40.711938 -122.255931
40.712057 -122.256335
40.712081 -122.256767
40.712084 -122.257199
40.712087 -122.257604
40.712047 -122.258051
40.711965 -122.258540
40.711967 -122.258791
40.712032 -122.258958
40.712086 -122.259194
40.712216 -122.259542
40.712355 -122.259694
40.712504 -122.259818
40.712739 -122.259941
40.713133 -122.260118
40.713251 -122.260367
40.713380 -122.260673
40.713553 -122.261131
40.713843 -122.261630
40.714068 -122.261963
40.714336 -122.262378
40.714616 -122.262906
40.714830 -122.263266
40.715034 -122.263626
40.715135 -122.263849
40.715260 -122.264126
40.715348 -122.264614
40.715404 -122.265046
40.715576 -122.265323
40.715737 -122.265614
40.715887 -122.265822
40.716026 -122.266029
40.716283 -122.266347
40.716677 -122.266580
40.716913 -122.266927
40.717009 -122.267023
40.717168 -122.267021
40.717508 -122.267032
40.717732 -122.267155
40.718211 -122.267359
40.718328 -122.267385
40.718487 -122.267286
40.718592 -122.267104
40.718682 -122.266976
40.718770 -122.266850
40.718908 -122.266751
40.719130 -122.266567
40.719256 -122.266468
40.719490 -122.266438
40.719787 -122.266504
40.719979 -122.266614
40.720192 -122.266709
40.720427 -122.266860
40.720598 -122.267068
40.720844 -122.267302
40.721046 -122.267495
40.721228 -122.267689
40.721398 -122.267687
40.721599 -122.267601
40.721800 -122.267403
40.721980 -122.267318
40.722096 -122.267260
40.722276 -122.267258
40.722436 -122.267229
40.722584 -122.267157
40.722829 -122.266982
40.723038 -122.266831
40.723429 -122.266520
40.723629 -122.266225
40.723658 -122.265876
40.723654 -122.265150
40.723724 -122.264508
40.723784 -122.263879
40.723816 -122.263674
40.723886 -122.263236
40.723970 -122.263095
40.724012 -122.263047
40.724191 -122.262842
40.724434 -122.262602
40.724676 -122.262334
40.725162 -122.261868
40.725499 -122.261571
40.725943 -122.261313
40.725900 -122.261162
40.725899 -122.260876
40.725913 -122.260244
40.725952 -122.259474
40.725946 -122.259350
40.725931 -122.259038
40.726534 -122.258939
40.727215 -122.258886
40.727652 -122.258800
40.727888 -122.258809
40.728176 -122.258795
40.728500 -122.258814
40.728857 -122.258649
40.729031 -122.258613
40.729328 -122.258506
40.729589 -122.258365
40.729833 -122.258190
40.730076 -122.257969
40.730293 -122.257772
40.730580 -122.257504
40.730867 -122.257294
40.731333 -122.257059
40.731550 -122.256827
40.731732 -122.256572
40.731957 -122.256202
40.732052 -122.255994
40.732332 -122.256048
40.732347 -122.255750
40.732310 -122.255336
40.732255 -122.254935
40.732253 -122.254694
40.732250 -122.254234
40.732264 -122.253728
40.732270 -122.253292
40.732274 -122.253212
40.732286 -122.252935
40.732397 -122.252670
40.732552 -122.252254
40.732629 -122.252035
40.732706 -122.251793
40.732774 -122.251402
40.732815 -122.251079
40.732874 -122.250757
40.732855 -122.250378
40.732948 -122.250273
40.732967 -122.250251
40.733010 -122.250043
40.733017 -122.249848
40.733033 -122.249569
40.733040 -122.249308
40.733113 -122.249110
40.733186 -122.248915
40.733282 -122.248845
40.733351 -122.248776
40.733446 -122.248660
40.733446 -122.248545
40.733383 -122.248247
40.733434 -122.248062
40.733487 -122.247727
40.733509 -122.247590
40.733594 -122.247187
40.733627 -122.246911
40.733528 -122.246487
40.733527 -122.246200
40.733489 -122.245775
40.733417 -122.245420
40.733397 -122.245144
40.733298 -122.244928
40.733167 -122.244722
40.732939 -122.244518
40.732834 -122.244484
40.732772 -122.244393
40.732725 -122.243922
40.732558 -122.243706
40.732303 -122.243525
40.732178 -122.243489
40.732110 -122.243470
40.731978 -122.243276
40.731800 -122.242864
40.731842 -122.242473
40.731900 -122.242093
40.731924 -122.241783
40.731853 -122.241531
40.731720 -122.241314
40.731589 -122.241224
40.731447 -122.240973
40.731497 -122.240650
40.731497 -122.240555
40.731496 -122.240386
40.731406 -122.240077
40.731378 -122.239767
40.731332 -122.239469
40.731252 -122.239240
40.731181 -122.239103
40.730845 -122.238521
40.730590 -122.238168
40.730545 -122.238107
40.730422 -122.237940
40.730230 -122.237942
40.730151 -122.237862
40.729983 -122.237565
40.729937 -122.237267
40.729918 -122.237003
40.729842 -122.236723
40.729643 -122.236378
40.729607 -122.236318
40.729422 -122.236101
40.729202 -122.235794
40.729034 -122.235612
40.728849 -122.235373
40.728810 -122.234764
40.728764 -122.234374
40.728501 -122.234216
40.728080 -122.234037
40.727517 -122.234158
40.727359 -122.234091
40.727175 -122.233921
40.726909 -122.233465
40.726644 -122.232951
40.726495 -122.232512
40.726439 -122.232402
40.726334 -122.232322
40.726270 -122.232330
40.726115 -122.232348
40.725817 -122.232179
40.725605 -122.231871
40.725546 -122.231625
40.725497 -122.231378
40.725338 -122.231070
40.725171 -122.230923
40.724931 -122.230778
40.724872 -122.230742
40.724643 -122.230501
40.724494 -122.230310
40.724248 -122.230152
40.724028 -122.229971
40.723686 -122.229756
40.723406 -122.229656
40.723221 -122.229559
40.722985 -122.229489
40.722827 -122.229456
40.722722 -122.229354
40.722571 -122.229069
40.722509 -122.228840
40.722496 -122.228300
40.722503 -122.228070
40.722537 -122.227920
40.722718 -122.227447
40.722906 -122.226871
40.723009 -122.226536
40.723277 -122.226165
40.723442 -122.225945
40.723580 -122.225668
40.723789 -122.225341
40.723819 -122.225276
40.723917 -122.225067
40.724123 -122.224616
40.724283 -122.224486
40.724323 -122.224453
40.724514 -122.224233
40.724731 -122.223977
40.724887 -122.223769
40.724772 -122.223575
40.724750 -122.223549
40.724560 -122.223324
40.724481 -122.223127
40.724487 -122.222866
40.724477 -122.222567
40.724571 -122.222222
40.724279 -122.221834
40.724112 -122.221605
40.723997 -122.221447
40.723873 -122.221138
40.723887 -122.220698
40.723954 -122.220184
40.723828 -122.219726
40.723660 -122.219383
40.723552 -122.218994
40.723506 -122.218569
40.723513 -122.218282
40.723432 -122.218075
40.723415 -122.218030
40.723369 -122.217767
40.723343 -122.217550
40.723323 -122.217388
40.723328 -122.216837
40.723111 -122.216682
40.722992 -122.216301
40.722876 -122.215957
40.722869 -122.215580
40.722862 -122.215222
40.722808 -122.214855
40.722832 -122.214602
40.722855 -122.214131
40.722793 -122.213948
40.722581 -122.213649
40.722501 -122.213538
40.722430 -122.213251
40.722462 -122.212918
40.722583 -122.212629
40.722694 -122.212352
40.722650 -122.212180
40.722561 -122.212021
40.722524 -122.211780
40.722486 -122.211309
40.722607 -122.211113
40.722773 -122.211076
40.722942 -122.210929
40.723252 -122.210760
40.723189 -122.210543
40.723082 -122.210245
40.723046 -122.210039
40.722922 -122.209846
40.722790 -122.209720
40.722631 -122.209424
40.722559 -122.209172
40.722549 -122.208953
40.722408 -122.208840
40.722371 -122.208588
40.722344 -122.208382
40.722320 -122.208169
40.722245 -122.207923
40.722147 -122.207683
40.722014 -122.207448
40.721908 -122.207261
40.721810 -122.207044
40.721792 -122.206860
40.721808 -122.206653
40.721920 -122.206422
40.722031 -122.206157
40.722122 -122.205913
40.722134 -122.205880
40.722203 -122.205730
40.722115 -122.205547
40.721912 -122.205251
40.721805 -122.205102
40.721691 -122.204943
40.721655 -122.204884
40.721532 -122.204681
40.721337 -122.204350
40.721042 -122.203855
40.720984 -122.203757
40.720843 -122.203586
40.720781 -122.203495
40.720640 -122.203347
40.720578 -122.203233
40.720507 -122.203039
40.720505 -122.202843
40.720555 -122.202510
40.720555 -122.202433
40.720554 -122.202314
40.720470 -122.202189
40.720386 -122.202064
40.720227 -122.201790
40.720094 -122.201527
40.720093 -122.201346
40.720092 -122.201274
40.720041 -122.201244
40.719803 -122.201106
40.719617 -122.200832
40.719397 -122.200628
40.719134 -122.200470
40.718958 -122.200289
40.718764 -122.200061
40.718614 -122.199787
40.718684 -122.199651
40.718803 -122.199417
40.718819 -122.199199
40.718897 -122.199049
40.719123 -122.198816
40.719288 -122.198688
40.719592 -122.198386
40.719869 -122.198118
40.720087 -122.197920
40.720408 -122.197583
40.720580 -122.197225
40.720666 -122.197098
40.720813 -122.196866
40.720926 -122.196716
40.720994 -122.196450
40.721010 -122.196333
40.721019 -122.196266
40.721079 -122.196105
40.721117 -122.196051
40.721209 -122.195919
40.721269 -122.195758
40.721154 -122.195506
40.721099 -122.195378
40.721038 -122.195232
40.720825 -122.194810
40.720709 -122.194489
40.720578 -122.194434
40.720464 -122.194332
40.720410 -122.194126
40.720399 -122.193815
40.720414 -122.193517
40.720447 -122.193206
40.720665 -122.192971
40.720810 -122.192570
40.721018 -122.192395
40.721129 -122.191946
40.721223 -122.191646
40.721317 -122.191426
40.721377 -122.191173
40.721435 -122.190816
40.721576 -122.190246
40.721588 -122.190194
40.721647 -122.189791
40.721705 -122.189411
40.721790 -122.189054
40.721884 -122.188766
40.722022 -122.188408
40.722238 -122.188038
40.722395 -122.187932
40.722569 -122.187907
40.722471 -122.187725
40.722354 -122.187595
40.722346 -122.187550
40.722328 -122.187175
40.722155 -122.186692
40.722017 -122.186536
40.721972 -122.186272
40.721856 -122.185929
40.721897 -122.185586
40.721886 -122.185274
40.721893 -122.185044
40.721794 -122.184631
40.721624 -122.184082
40.721542 -122.183612
40.721427 -122.183349
40.721294 -122.183213
40.721135 -122.182939
40.721011 -122.182619
40.720965 -122.182413
40.720798 -122.182197
40.720568 -122.182199
40.720360 -122.182156
40.720167 -122.182009
40.720138 -122.181978
40.719947 -122.181771
40.719744 -122.181543
40.719569 -122.181522
40.719345 -122.181521
40.719020 -122.181656
40.718759 -122.181785
40.718644 -122.181695
40.718328 -122.181457
40.718055 -122.181242
40.718132 -122.181012
40.718321 -122.180550
40.718352 -122.180480
40.718485 -122.180169
40.718554 -122.179780
40.718577 -122.179651
40.718576 -122.179432
40.718634 -122.179041
40.718809 -122.178814
40.718894 -122.178705
40.718972 -122.178578
40.718856 -122.178447
40.718831 -122.178418
40.718691 -122.177951
40.718513 -122.177606
40.718466 -122.177515
40.718595 -122.177227
40.718811 -122.176891
40.718878 -122.176522
40.719245 -122.176415
40.719541 -122.176296
40.719690 -122.176294
40.719856 -122.176292
40.720022 -122.176336
40.720292 -122.176229
40.720519 -122.176169
40.720733 -122.176277
40.721054 -122.176438
40.721148 -122.176161
40.721225 -122.175839
40.721232 -122.175689
40.721282 -122.175321
40.721235 -122.175097
40.721219 -122.175023
40.721278 -122.174902
40.721331 -122.174792
40.721495 -122.174537
40.721563 -122.174203
40.721551 -122.173755
40.721557 -122.173411
40.721520 -122.173147
40.721448 -122.172803
40.721322 -122.172414
40.721161 -122.171899
40.721080 -122.171759
40.720976 -122.171580
40.720808 -122.171352
40.720649 -122.171136
40.720665 -122.170963
40.720671 -122.170922
40.720707 -122.170676
40.720739 -122.170308
40.720738 -122.170115
40.720738 -122.170078
40.720762 -122.169871
40.720979 -122.169650
40.721303 -122.169692
40.721530 -122.169735
40.721784 -122.169812
40.721959 -122.169951
40.722057 -122.170039
40.722356 -122.170024
40.722678 -122.169951
40.723030 -122.170046
40.723144 -122.169928
40.723397 -122.169765
40.723752 -122.169637
40.724067 -122.169622
40.724109 -122.169620
40.724306 -122.169618
40.724493 -122.169603
40.724839 -122.169451
40.725036 -122.169350
40.725306 -122.169186
40.725409 -122.169148
40.725606 -122.169145
40.725920 -122.169080
40.726090 -122.169213
40.726205 -122.169316
40.726266 -122.169371
40.726307 -122.169408
40.726439 -122.169529
40.726564 -122.169498
40.726647 -122.169404
40.726698 -122.169327
40.726890 -122.169173
40.727009 -122.169091
40.727222 -122.168730
40.727258 -122.168690
40.727431 -122.168494
40.727607 -122.168195
40.727671 -122.167923
40.727695 -122.167393
40.727722 -122.167195
40.727738 -122.166808
40.727746 -122.166743
40.727792 -122.166417
40.727856 -122.166207
40.727947 -122.165823
40.727974 -122.165699
40.727766 -122.165517
40.727541 -122.165508
40.727241 -122.165487
40.726894 -122.165491
40.726706 -122.165391
40.726668 -122.165371
40.726469 -122.165139
40.726410 -122.164912
40.726389 -122.164535
40.726331 -122.164289
40.726151 -122.164033
40.726037 -122.163972
40.725878 -122.163888
40.725482 -122.163646
40.725236 -122.163292
40.725083 -122.162899
40.725175 -122.162725
40.725221 -122.162564
40.725181 -122.162244
40.725142 -122.161961
40.725102 -122.161678
40.725054 -122.161469
40.725026 -122.161037
40.724935 -122.160656
40.724914 -122.160311
40.724836 -122.159942
40.724788 -122.159709
40.724692 -122.159439
40.724664 -122.159321
40.724566 -122.158898
40.724545 -122.158577
40.724552 -122.158330
40.724523 -122.158195
40.724408 -122.157913
40.724163 -122.157645
40.723878 -122.157278
40.723698 -122.157034
40.723490 -122.156802
40.723254 -122.156620
40.723057 -122.156512
40.722671 -122.156344
40.722332 -122.156188
40.722069 -122.156117
40.721656 -122.156122
40.721365 -122.156138
40.721250 -122.155832
40.721257 -122.155486
40.721227 -122.155215
40.721074 -122.154823
40.721090 -122.154391
40.720868 -122.154107
40.720550 -122.153756
40.720389 -122.153561
40.720444 -122.153413
40.720582 -122.153041
40.720740 -122.152780
40.720820 -122.152420
40.720831 -122.152372
40.720817 -122.152284
40.720722 -122.151683
40.720711 -122.151448
40.720752 -122.151226
40.720775 -122.151102
40.720811 -122.150954
40.720826 -122.150497
40.720769 -122.150338
40.720553 -122.150164
40.720391 -122.150034
40.720107 -122.149582
40.719973 -122.149300
40.719952 -122.149016
40.719922 -122.148708
40.719869 -122.148353
40.719853 -122.148241
40.719615 -122.147837
40.719408 -122.147778
40.719155 -122.147756
40.718775 -122.147724
40.718493 -122.147765
40.718254 -122.147889
40.718201 -122.147842
40.718179 -122.147821
40.718090 -122.147733
40.718081 -122.147622
40.718059 -122.147339
40.717952 -122.146798
40.717808 -122.146417
40.717693 -122.146098
40.717607 -122.145914
40.717450 -122.145779
40.717431 -122.145650
40.717416 -122.145366
40.717513 -122.145032
40.717608 -122.144706
40.717624 -122.144360
40.717612 -122.144003
40.717487 -122.143560
40.717483 -122.143018
40.717582 -122.142523
40.717824 -122.142286
40.718046 -122.141839
40.718177 -122.141714
40.718353 -122.141428
40.718417 -122.141230
40.718508 -122.140822
40.718562 -122.140501
40.718607 -122.140254
40.719114 -122.140296
40.719446 -122.140269
40.719639 -122.140253
40.719778 -122.140279
40.719949 -122.140310
40.720296 -122.140472
40.720514 -122.140636
40.720768 -122.140657
40.721161 -122.140603
40.721419 -122.140538
40.721519 -122.140479
40.721634 -122.140412
40.722157 -122.140183
40.722524 -122.140326
40.722836 -122.140532
40.722951 -122.140745
40.723021 -122.140875
40.723211 -122.140713
40.723329 -122.140612
40.723458 -122.140290
40.723625 -122.140152
40.724037 -122.139912
40.724203 -122.139553
40.724494 -122.139561
40.724700 -122.139608
40.724851 -122.139680
40.725002 -122.139777
40.725454 -122.139993
40.725528 -122.140016
40.725750 -122.140088
40.725948 -122.140159
40.726173 -122.140169
40.726210 -122.140051
40.726228 -122.139995
40.726301 -122.139698
40.726432 -122.139523
40.726496 -122.139437
40.726587 -122.139127
40.726595 -122.138831
40.726470 -122.138512
40.726389 -122.138370
40.726337 -122.138279
40.726128 -122.137937
40.726080 -122.137740
40.726099 -122.137661
40.726153 -122.137443
40.726188 -122.137171
40.726138 -122.136716
40.726322 -122.136220
40.726458 -122.135931
40.726767 -122.135593
40.727209 -122.135416
40.727395 -122.135342
40.727678 -122.134982
40.727874 -122.134843
40.728155 -122.134815
40.728372 -122.134856
40.728399 -122.134861
40.728483 -122.134811
40.728504 -122.134757
40.728594 -122.134526
40.728713 -122.134241
40.728843 -122.134029
40.728991 -122.133707
40.729090 -122.133633
40.729205 -122.133494
40.729381 -122.133171
40.729501 -122.132874
40.729648 -122.132489
40.729740 -122.132266
40.729714 -122.132159
40.729634 -122.131836
40.729651 -122.131589
40.729788 -122.131180
40.730186 -122.130460
40.730295 -122.130340
40.730549 -122.130060
40.730717 -122.129873
40.730687 -122.129615
40.730561 -122.129098
40.730463 -122.128581
40.730495 -122.128389
40.730553 -122.128050
40.730645 -122.127926
40.730943 -122.127530
40.731399 -122.127114
40.731997 -122.126711
40.732240 -122.126659
40.732642 -122.126481
40.733053 -122.126180
40.733334 -122.126065
40.733922 -122.126378
40.734251 -122.126460
40.734402 -122.126557
40.734723 -122.126811
40.734870 -122.126899
40.735006 -122.126980
40.735250 -122.127002
40.735456 -122.126975
40.735662 -122.126935
40.735915 -122.126796
40.736214 -122.126681
40.736523 -122.126640
40.736785 -122.126476
40.736864 -122.126412
40.737223 -122.126125
40.737678 -122.125465
40.738068 -122.124652
40.738066 -122.124140
40.737930 -122.123525
40.737938 -122.123217
40.738000 -122.122821
40.738091 -122.122366
40.738002 -122.121884
40.737865 -122.121270
40.737849 -122.120911
40.737801 -122.120527
40.737705 -122.119758
40.737659 -122.119037
40.737553 -122.118172
40.737551 -122.117944
40.737574 -122.117595
40.737554 -122.117223
40.737354 -122.116798
40.737227 -122.116589
40.737163 -122.116484
40.737058 -122.116193
40.736987 -122.115833
40.736976 -122.115507
40.737059 -122.115257
40.737230 -122.115097
40.737371 -122.114963
40.737721 -122.114164
40.737905 -122.113485
40.737912 -122.113277
40.737927 -122.112862
40.737966 -122.112645
40.737948 -122.112052
40.737930 -122.111454
40.737969 -122.111273
40.738538 -122.109678
40.739235 -122.108879
40.739554 -122.108813
40.740021 -122.108535
40.740420 -122.108074
40.740593 -122.107343
40.740560 -122.106678
40.740498 -122.105926
40.740472 -122.105673
40.740447 -122.105421
40.740201 -122.105215
40.739956 -122.104996
40.739641 -122.104346
40.739269 -122.103611
40.739057 -122.102886
40.739007 -122.102431
40.739144 -122.102034
40.739171 -122.101987
40.739413 -122.101562
40.739628 -122.101472
40.739795 -122.101236
40.739876 -122.100815
40.739853 -122.100187
40.740018 -122.099790
40.740233 -122.099602
40.740473 -122.099117
40.740926 -122.098213
40.741033 -122.097861
40.741202 -122.097307
40.741238 -122.097189
40.741486 -122.096103
40.741633 -122.095611
40.741670 -122.095487
40.741815 -122.095071
40.742226 -122.093891
40.742372 -122.093618
40.742486 -122.093479
40.742506 -122.093454
40.742721 -122.093271
40.742920 -122.093151
40.743075 -122.093059
40.743262 -122.092830
40.743367 -122.092378
40.743379 -122.092001
40.743466 -122.091258
40.743579 -122.090750
40.743986 -122.090261
40.744226 -122.089797
40.744452 -122.089413
40.744889 -122.088866
40.745223 -122.088601
40.745617 -122.088335
40.745923 -122.088200
40.746295 -122.087850
40.746517 -122.087415
40.746935 -122.086916
40.747139 -122.086530
40.747266 -122.086495
40.747455 -122.086761
40.748048 -122.087085
40.748662 -122.087558
40.748851 -122.087716
40.749135 -122.087606
40.749216 -122.087575
40.749386 -122.087733
40.749790 -122.088034
40.749896 -122.088112
40.750528 -122.088365
40.750749 -122.088353
40.750822 -122.088310
40.750906 -122.088261
40.751026 -122.088124
40.751244 -122.087760
40.751474 -122.087225
40.751541 -122.087070
40.751628 -122.086672
40.751666 -122.086419
40.751817 -122.086187
40.752060 -122.086003
40.752302 -122.085759
40.752557 -122.085315
40.752857 -122.084730
40.752915 -122.084328
40.752880 -122.083803
40.752877 -122.083515
40.752805 -122.082969
40.752796 -122.082893
40.752803 -122.082613
40.752855 -122.082341
40.752926 -122.082203
40.753023 -122.082015
40.753331 -122.081631
40.753685 -122.081383
40.753755 -122.081369
40.753878 -122.081344
40.754122 -122.081377
40.754571 -122.081262
40.754840 -122.081069
40.754955 -122.080869
40.754957 -122.080492
40.755025 -122.079971
40.755072 -122.079609
40.755190 -122.079167
40.755217 -122.078645
40.755135 -122.077985
40.755117 -122.077587
40.755311 -122.077214
40.755685 -122.076950
40.755918 -122.076811
40.755778 -122.075727
40.755904 -122.075047
40.756172 -122.074804
40.756332 -122.074659
40.756386 -122.074325
40.756373 -122.073713
40.756371 -122.073634
40.756432 -122.073078
40.756646 -122.072754
40.757019 -122.072564
40.757328 -122.072461
40.757413 -122.072443
40.757647 -122.072395
40.757834 -122.072367
40.758123 -122.072080
40.758512 -122.071482
40.758804 -122.070348
40.759360 -122.070078
40.759957 -122.069982
40.759997 -122.069960
40.760459 -122.069708
40.760695 -122.069666
40.761168 -122.069717
40.761235 -122.069708
40.761891 -122.069991
40.762410 -122.070280
40.763135 -122.070653
40.763560 -122.070980
40.763645 -122.071058
40.763995 -122.071381
40.764306 -122.071946
40.764555 -122.072503
40.764680 -122.072902
40.764772 -122.073041
40.764975 -122.073132
40.765379 -122.073163
40.765772 -122.073138
40.765938 -122.073091
40.766086 -122.072980
40.766282 -122.072698
40.766352 -122.072493
40.766444 -122.072226
40.766535 -122.071755
40.766637 -122.071501
40.766710 -122.071103
40.766763 -122.070967
40.766816 -122.070831
40.766841 -122.070796
40.766994 -122.070576
40.767101 -122.070449
40.767427 -122.070025
40.767894 -122.069698
40.768631 -122.069243
40.769041 -122.069140
40.769780 -122.069156
40.770348 -122.069269
40.770836 -122.069237
40.771213 -122.069405
40.771495 -122.069561
40.771541 -122.069388
40.771582 -122.068796
40.771494 -122.068191
40.771500 -122.067759
40.771742 -122.067224
40.771906 -122.066594
40.772069 -122.065965
40.772113 -122.065756
40.772199 -122.065340
40.772120 -122.063897
40.771950 -122.062951
40.771839 -122.062756
40.771686 -122.062425
40.771795 -122.061967
40.772020 -122.061433
40.772222 -122.061252
40.772348 -122.061220
40.772484 -122.061052
40.772607 -122.060750
40.772693 -122.060027
40.772699 -122.059441
40.772696 -122.059080
40.772645 -122.058434
40.772481 -122.057865
40.772295 -122.057567
40.772268 -122.057528
40.772191 -122.057418
40.772132 -122.057133
40.772070 -122.056608
40.772079 -122.056247
40.772177 -122.055853
40.772413 -122.054912
40.772781 -122.053956
40.773092 -122.052977
40.773499 -122.052379
40.774069 -122.052025
40.775100 -122.051936
40.775933 -122.052184
40.776344 -122.052536
40.776584 -122.052742
40.776943 -122.052984
40.777468 -122.052927
40.778272 -122.052471
40.778383 -122.052408
40.779027 -122.051967
40.779635 -122.051761
40.780385 -122.051664
40.780664 -122.051652
40.781266 -122.051626
40.781762 -122.051360
40.782263 -122.050711
40.782694 -122.049483
40.782821 -122.049132
40.783015 -122.048602
40.783341 -122.048375
40.783979 -122.048280
40.784410 -122.048261
40.784880 -122.048329
40.784969 -122.048332
40.785105 -122.048338
40.785167 -122.048303
40.785992 -122.047844
40.787372 -122.046787
40.788927 -122.045395
40.789384 -122.045030
40.790201 -122.044043
40.790525 -122.043458
40.790758 -122.043208
40.791610 -122.041949
40.792148 -122.041238
40.792639 -122.040655
40.792780 -122.040488
40.793105 -122.039974
40.793253 -122.039740
40.793654 -122.039537
40.793958 -122.039434
40.794202 -122.039381
40.794427 -122.039378
40.794840 -122.039384
40.795626 -122.039101
40.796541 -122.038668
40.796906 -122.038466
40.797158 -122.038326
40.797530 -122.037926
40.797574 -122.037833
40.797659 -122.037652
40.797815 -122.037279
40.798067 -122.036912
40.798286 -122.036582
40.798326 -122.036521
40.798431 -122.036362
40.798561 -122.036165
40.798776 -122.035838
40.799203 -122.035062
40.799439 -122.034372
40.799574 -122.033867
40.799600 -122.033384
40.799677 -122.033179
40.799629 -122.032745
40.799561 -122.032310
40.799571 -122.031891
40.799694 -122.031488
40.799934 -122.031233
40.800276 -122.031094
40.800327 -122.031066
40.800555 -122.030939
40.800589 -122.030470
40.800522 -122.029969
40.800443 -122.029652
40.800305 -122.029428
40.800249 -122.029336
40.800197 -122.029253
40.800247 -122.029085
40.800141 -122.028651
40.800114 -122.028257
40.800136 -122.028032
40.800184 -122.027612
40.800143 -122.027345
40.800025 -122.026978
40.799922 -122.026747
40.799870 -122.026629
40.799835 -122.026230
40.799799 -122.025759
40.799732 -122.025392
40.799551 -122.025026
40.799408 -122.024660
40.799215 -122.024361
40.798984 -122.024247
40.798727 -122.023883
40.798572 -122.023600
40.798493 -122.023140
40.798402 -122.022797
40.798218 -122.022450
40.798077 -122.022251
40.798373 -122.021724
40.798390 -122.021694
40.798802 -122.020717
40.799177 -122.019991
40.799288 -122.019537
40.799248 -122.019429
40.799184 -122.019254
40.799015 -122.018905
40.798847 -122.018589
40.799212 -122.018082
40.799375 -122.017744
40.799386 -122.017560
40.799246 -122.017545
40.798977 -122.017399
40.798759 -122.017218
40.798436 -122.016743
40.798308 -122.016554
40.798116 -122.016373
40.797873 -122.016192
40.797349 -122.015982
40.796811 -122.015522
40.796438 -122.015042
40.796106 -122.015013
40.795915 -122.014965
40.795596 -122.014887
40.795123 -122.014575
40.794651 -122.014432
40.794242 -122.014203
40.794035 -122.013805
40.793954 -122.013337
40.793899 -122.012785
40.793663 -122.011600
40.793500 -122.010782
40.793413 -122.009544
40.793508 -122.007299
40.793450 -122.006530
40.793437 -122.006435
40.793383 -122.006054
40.793301 -122.005477
40.793205 -122.004675
40.793210 -122.004468
40.793233 -122.003418
40.793190 -122.002850
40.793188 -122.002165
40.792949 -122.001627
40.792692 -122.001259
40.792512 -122.001001
40.791855 -122.000114
40.791490 -121.999075
40.791325 -121.998370
40.791252 -121.998057
40.791036 -121.997163
40.791014 -121.997073
40.791015 -121.997028
40.791041 -121.995766
40.791388 -121.994673
40.791634 -121.993714
40.791997 -121.992955
40.792664 -121.992092
40.792729 -121.990885
40.792666 -121.989496
40.792771 -121.988652
40.792856 -121.987970
40.793047 -121.986510
40.793092 -121.985773
40.793120 -121.984650
40.793165 -121.983980
40.793276 -121.983560
40.793591 -121.983203
40.794133 -121.982609
40.794459 -121.982085
40.794766 -121.981684
40.794862 -121.981560
40.795188 -121.981069
40.795311 -121.980582
40.795429 -121.979907
40.795325 -121.979292
40.795040 -121.978710
40.794637 -121.977762
40.794428 -121.977179
40.794618 -121.976992
40.795198 -121.976448
40.795474 -121.975941
40.795634 -121.975419
40.795963 -121.975180
40.796246 -121.974982
40.796380 -121.974889
40.796454 -121.974519
40.796426 -121.973999
40.796423 -121.973934
40.796341 -121.973366
40.796389 -121.972997
40.796746 -121.972675
40.796768 -121.972656
40.797041 -121.971932
40.797057 -121.971835
40.797162 -121.971210
40.797104 -121.970407
40.797264 -121.969751
40.797413 -121.969608
40.797566 -121.969462
40.797624 -121.968775
40.797621 -121.968501
40.797618 -121.968071
40.797851 -121.967097
40.798194 -121.966707
40.798254 -121.966638
40.798385 -121.966317
40.798578 -121.965846
40.798963 -121.964886
40.799184 -121.964493
40.799201 -121.964463
40.799210 -121.964429
40.799324 -121.963976
40.799510 -121.963387
40.799657 -121.962815
40.799741 -121.962245
40.799852 -121.961757
40.799976 -121.961454
40.800088 -121.961134
40.800174 -121.960831
40.800260 -121.960528
40.800296 -121.960277
40.800433 -121.959940
40.800775 -121.959700
40.800988 -121.959362
40.801214 -121.959040
40.801529 -121.958717
40.801795 -121.958595
40.802019 -121.958502
40.802087 -121.958474
40.802328 -121.958420
40.802836 -121.958228
40.803128 -121.958189
40.803407 -121.958043
40.803634 -121.957897
40.803851 -121.957910
40.804131 -121.957906
40.804424 -121.957935
40.804598 -121.958039
40.804641 -121.958065
40.804910 -121.958245
40.805130 -121.958387
40.805316 -121.958252
40.805486 -121.957908
40.805555 -121.957623
40.805754 -121.957317
40.805792 -121.957253
40.805981 -121.956934
40.806179 -121.956533
40.806447 -121.956491
40.806451 -121.956359
40.806419 -121.956056
40.806387 -121.955640
40.806319 -121.955190
40.806310 -121.955130
40.806224 -121.954844
40.806191 -121.954734
40.806174 -121.954659
40.806071 -121.954224
40.805910 -121.953848
40.805734 -121.953547
40.805154 -121.953026
40.804861 -121.952519
40.804742 -121.952010
40.804666 -121.951651
40.804548 -121.951255
40.804414 -121.950822
40.804146 -121.949841
40.804040 -121.949274
40.803994 -121.948729
