Upper_Coon-Upper_Auburn
39.010170 -121.284991
39.010114 -121.284604
39.010144 -121.284085
39.010235 -121.283403
39.010442 -121.282865
39.010512 -121.282474
39.010567 -121.281955
39.010540 -121.280937
39.010494 -121.280420
39.010321 -121.279809
39.010164 -121.279409
39.010037 -121.279080
39.009940 -121.278831
39.009820 -121.278365
39.009841 -121.278106
39.009947 -121.277569
39.009969 -121.277424
39.010039 -121.276968
39.010108 -121.276481
39.010188 -121.275945
39.010175 -121.275595
39.010167 -121.275379
39.010112 -121.275057
39.010021 -121.274465
39.010000 -121.274332
39.009877 -121.273704
39.009734 -121.273438
39.009644 -121.273272
39.009422 -121.272825
39.009457 -121.272581
39.009591 -121.272303
39.009698 -121.272084
39.009775 -121.271926
39.009990 -121.271112
39.010126 -121.270073
39.010178 -121.269263
39.010196 -121.268809
39.010210 -121.268016
39.010189 -121.267978
39.009989 -121.267617
39.009859 -121.267345
39.009755 -121.267153
39.009675 -121.266864
39.009451 -121.266238
39.009089 -121.265665
39.008726 -121.264995
39.008262 -121.264374
39.008046 -121.263906
39.008011 -121.263831
39.007972 -121.263746
39.007713 -121.263110
39.007614 -121.262432
39.007507 -121.262030
39.007564 -121.261625
39.007747 -121.261151
39.007976 -121.260466
39.008030 -121.259866
39.008004 -121.259331
39.007994 -121.259123
39.007973 -121.258540
39.007953 -121.258088
39.007880 -121.257426
39.007784 -121.256932
39.007757 -121.256798
39.007586 -121.256301
39.007381 -121.255938
39.007350 -121.255874
39.007118 -121.255374
39.007038 -121.255195
39.006804 -121.254670
39.006746 -121.254456
39.006604 -121.253930
39.006479 -121.253189
39.006409 -121.252754
39.006336 -121.252060
39.006261 -121.251301
39.006148 -121.250511
39.006141 -121.250437
39.006089 -121.249930
39.006127 -121.249104
39.006161 -121.248623
39.006169 -121.248504
39.006346 -121.247723
39.006571 -121.247011
39.006660 -121.246729
39.006766 -121.246273
39.006944 -121.245508
39.007196 -121.244596
39.007255 -121.244393
39.007484 -121.243602
39.007615 -121.243155
39.007652 -121.243031
39.008011 -121.242569
39.008137 -121.242473
39.008384 -121.242284
39.008448 -121.242235
39.008724 -121.242131
39.009188 -121.241893
39.009536 -121.241545
39.009734 -121.241313
39.010031 -121.240934
39.010125 -121.240413
39.010183 -121.240072
39.010207 -121.239784
39.010226 -121.239570
39.010201 -121.239391
39.010189 -121.239302
39.010140 -121.238941
39.010127 -121.238910
39.010092 -121.238833
39.009944 -121.238509
39.009877 -121.238401
39.009835 -121.238333
39.009608 -121.237967
39.009490 -121.237662
39.009486 -121.237387
39.009478 -121.236854
39.009370 -121.236452
39.009241 -121.236212
39.008981 -121.235733
39.008752 -121.235501
39.008468 -121.235212
39.008204 -121.234800
39.008026 -121.234382
39.007984 -121.234242
39.007920 -121.234028
39.007687 -121.233678
39.007341 -121.233315
39.007266 -121.233242
39.007134 -121.233112
39.006905 -121.232889
39.006639 -121.232519
39.006596 -121.232459
39.006413 -121.232294
39.006160 -121.232065
39.005866 -121.231798
39.005595 -121.231603
39.005432 -121.231485
39.005213 -121.231151
39.005055 -121.230734
39.005112 -121.230344
39.005131 -121.230246
39.005182 -121.229987
39.005219 -121.229782
39.005256 -121.229578
39.005270 -121.229495
39.005287 -121.229402
39.005257 -121.229063
39.005197 -121.228963
39.005081 -121.228770
39.004894 -121.228457
39.004431 -121.228014
39.004406 -121.227989
39.004317 -121.227905
39.003820 -121.227594
39.003607 -121.227580
39.003454 -121.227571
39.003055 -121.227320
39.002817 -121.227182
39.002725 -121.226974
39.002748 -121.226828
39.002892 -121.226339
39.003173 -121.225668
39.003381 -121.225275
39.003589 -121.224979
39.003727 -121.224781
39.003886 -121.224453
39.003890 -121.223887
39.003893 -121.223764
39.003898 -121.223547
39.003782 -121.223388
39.003701 -121.223343
39.003663 -121.223321
39.003425 -121.223187
39.003274 -121.223186
39.003148 -121.223185
39.002895 -121.223184
39.002450 -121.222968
39.001789 -121.222694
39.001154 -121.222418
39.000697 -121.222252
39.000561 -121.222245
39.000078 -121.222219
38.999793 -121.222196
38.999610 -121.222182
38.999534 -121.222178
38.999395 -121.222171
38.999182 -121.222242
38.999131 -121.222259
38.998963 -121.222347
38.998886 -121.222387
38.998743 -121.222463
38.998244 -121.222831
38.998107 -121.222948
38.997979 -121.222854
38.997733 -121.222439
38.997311 -121.222094
38.997093 -121.221857
38.996941 -121.221636
38.996778 -121.221400
38.996658 -121.221263
38.996636 -121.221191
38.996602 -121.221052
38.996566 -121.220951
38.996533 -121.220860
38.996530 -121.220629
38.996644 -121.220068
38.996807 -121.219579
38.997001 -121.219258
38.997161 -121.218923
38.997276 -121.218681
38.997597 -121.218006
38.997635 -121.217845
38.997668 -121.217701
38.997700 -121.217324
38.997704 -121.217245
38.997728 -121.216632
38.997679 -121.216381
38.997569 -121.216126
38.997438 -121.215668
38.997311 -121.215218
38.997255 -121.214787
38.997233 -121.214726
38.997195 -121.214619
38.996926 -121.214346
38.996694 -121.214248
38.996468 -121.214152
38.995974 -121.213942
38.995630 -121.213708
38.995388 -121.213536
38.994975 -121.213335
38.994459 -121.213090
38.994052 -121.212858
38.993772 -121.212767
38.993632 -121.212674
38.993617 -121.212529
38.993651 -121.212285
38.993648 -121.212091
38.993681 -121.211734
38.993976 -121.211193
38.994234 -121.210734
38.994531 -121.210354
38.994634 -121.210223
38.994828 -121.209975
38.995013 -121.209711
38.995375 -121.209427
38.995437 -121.209328
38.995432 -121.209288
38.995388 -121.208922
38.995379 -121.208844
38.995300 -121.208652
38.995095 -121.208480
38.994999 -121.208444
38.994689 -121.208328
38.994625 -121.208265
38.994623 -121.208119
38.994758 -121.207873
38.994766 -121.207834
38.994817 -121.207597
38.994797 -121.207422
38.994787 -121.207339
38.994670 -121.207067
38.994525 -121.206682
38.994217 -121.206350
38.994069 -121.206255
38.993949 -121.206179
38.993720 -121.206088
38.993349 -121.205741
38.993196 -121.205552
38.993053 -121.205377
38.992743 -121.204899
38.992416 -121.204196
38.992156 -121.203684
38.991767 -121.202999
38.991547 -121.202681
38.991431 -121.202483
38.991349 -121.202342
38.991314 -121.202282
38.991264 -121.202024
38.991253 -121.201968
38.991179 -121.201683
38.991225 -121.201459
38.991322 -121.201166
38.991368 -121.200857
38.991400 -121.200517
38.991592 -121.199833
38.991640 -121.199670
38.991636 -121.199459
38.991569 -121.199218
38.991427 -121.198979
38.991271 -121.198724
38.991077 -121.198422
38.991051 -121.198326
38.991151 -121.198275
38.991249 -121.198062
38.991343 -121.197655
38.991340 -121.197416
38.991339 -121.197348
38.991343 -121.197186
38.991347 -121.197056
38.991334 -121.196978
38.991279 -121.196647
38.991235 -121.196380
38.991192 -121.196009
38.991089 -121.195513
38.991038 -121.195042
38.990993 -121.194607
38.990991 -121.194445
38.990987 -121.194215
38.990984 -121.194041
38.990978 -121.193620
38.990999 -121.193493
38.991036 -121.193279
38.991191 -121.192693
38.991332 -121.192161
38.991382 -121.191976
38.991467 -121.191847
38.991554 -121.191713
38.991622 -121.191567
38.991738 -121.191320
38.991811 -121.191123
38.991883 -121.190928
38.991726 -121.190560
38.991564 -121.190249
38.991508 -121.190141
38.991335 -121.189810
38.991247 -121.189508
38.991225 -121.189435
38.991189 -121.189312
38.990931 -121.188963
38.990736 -121.188741
38.990597 -121.188583
38.990508 -121.188483
38.990456 -121.188425
38.990312 -121.188121
38.990139 -121.187559
38.989812 -121.186823
38.989656 -121.186552
38.989636 -121.186489
38.989457 -121.185943
38.989337 -121.185509
38.989261 -121.185350
38.989076 -121.184966
38.988881 -121.184642
38.988817 -121.184536
38.988443 -121.184044
38.987931 -121.183588
38.987854 -121.183446
38.987877 -121.183363
38.987952 -121.183296
38.988266 -121.183223
38.988429 -121.183232
38.988470 -121.183234
38.988671 -121.183245
38.988911 -121.183255
38.989024 -121.183204
38.989223 -121.183037
38.989244 -121.183016
38.989521 -121.182738
38.989720 -121.182555
38.989856 -121.182436
38.990044 -121.182272
38.990357 -121.182102
38.991099 -121.181938
38.991688 -121.181768
38.992243 -121.181633
38.993108 -121.181322
38.993499 -121.181181
38.993901 -121.181089
38.994383 -121.181190
38.994879 -121.181437
38.994913 -121.181457
38.995720 -121.181949
38.996414 -121.182074
38.996581 -121.182105
38.997263 -121.182152
38.998062 -121.182390
38.998442 -121.182458
38.998991 -121.182747
38.999053 -121.182771
38.999197 -121.182826
38.999198 -121.182731
38.999040 -121.182364
38.999003 -121.182010
38.998870 -121.181577
38.998887 -121.181027
38.998647 -121.180240
38.998526 -121.179758
38.998515 -121.179681
38.998470 -121.179371
38.998530 -121.178926
38.998538 -121.178868
38.998620 -121.178638
38.998743 -121.178296
38.998951 -121.177854
38.999027 -121.177745
38.999136 -121.177590
38.999007 -121.177367
38.998942 -121.177256
38.998889 -121.177161
38.998707 -121.176836
38.998630 -121.176697
38.998472 -121.176199
38.998457 -121.176152
38.998421 -121.175814
38.998390 -121.175525
38.998369 -121.175329
38.998300 -121.175153
38.998250 -121.175025
38.998233 -121.174995
38.998069 -121.174722
38.997850 -121.174469
38.997299 -121.173790
38.996874 -121.173377
38.996752 -121.173269
38.996413 -121.172969
38.995655 -121.172403
38.995526 -121.172334
38.995137 -121.172128
38.994260 -121.171746
38.993918 -121.171642
38.993436 -121.171492
38.993405 -121.171480
38.993188 -121.171391
38.992877 -121.171264
38.992569 -121.170965
38.992320 -121.170405
38.992253 -121.170077
38.992211 -121.169874
38.992055 -121.169598
38.992003 -121.169507
38.991982 -121.169351
38.991946 -121.169088
38.991683 -121.168323
38.991550 -121.167982
38.991302 -121.167471
38.991191 -121.167383
38.990944 -121.167189
38.990448 -121.167046
38.990272 -121.166996
38.990108 -121.166877
38.989991 -121.166793
38.989695 -121.166428
38.989645 -121.166363
38.989463 -121.166127
38.989296 -121.165837
38.989243 -121.165745
38.988794 -121.165336
38.988451 -121.165166
38.988121 -121.165078
38.987669 -121.165203
38.987468 -121.165273
38.987429 -121.165241
38.987391 -121.165210
38.987300 -121.165051
38.987259 -121.164858
38.987305 -121.164549
38.987413 -121.164207
38.987616 -121.163490
38.987661 -121.163374
38.987786 -121.163048
38.987870 -121.162739
38.988000 -121.162186
38.987995 -121.161878
38.987890 -121.161590
38.987607 -121.161258
38.987560 -121.161206
38.987375 -121.161005
38.987164 -121.160602
38.987147 -121.160569
38.986932 -121.160222
38.986676 -121.159907
38.986369 -121.159656
38.986214 -121.159385
38.986145 -121.159063
38.986139 -121.158659
38.986130 -121.158061
38.986159 -121.157510
38.986216 -121.157118
38.986227 -121.157039
38.986272 -121.156715
38.986331 -121.156438
38.986376 -121.156097
38.986372 -121.155822
38.986538 -121.155171
38.986582 -121.154733
38.986648 -121.154101
38.986750 -121.153402
38.987091 -121.152569
38.987418 -121.151869
38.987687 -121.151178
38.987858 -121.150802
38.987891 -121.150456
38.987901 -121.150348
38.987958 -121.149926
38.988012 -121.149595
38.988061 -121.149292
38.988090 -121.148725
38.988098 -121.148401
38.988189 -121.148076
38.988277 -121.147766
38.988435 -121.147422
38.988294 -121.147232
38.988048 -121.147031
38.988025 -121.147012
38.987992 -121.146957
38.987977 -121.146930
38.987688 -121.146439
38.987584 -121.146061
38.987420 -121.145459
38.987283 -121.144967
38.987205 -121.144688
38.987083 -121.144157
38.987104 -121.143882
38.987386 -121.143341
38.987719 -121.142879
38.987944 -121.142532
38.988027 -121.142402
38.988398 -121.141891
38.988431 -121.141615
38.988355 -121.141398
38.988273 -121.141166
38.988239 -121.140633
38.988175 -121.139794
38.988176 -121.139596
38.988176 -121.139082
38.988069 -121.137888
38.987875 -121.137162
38.987760 -121.136731
38.987321 -121.135303
38.986988 -121.134212
38.986896 -121.133672
38.986807 -121.133149
38.986770 -121.132063
38.986886 -121.131821
38.987083 -121.131508
38.987320 -121.131292
38.987595 -121.131139
38.987932 -121.130920
38.988170 -121.130860
38.988222 -121.130848
38.988421 -121.130664
38.988567 -121.130369
38.988665 -121.130028
38.988675 -121.129994
38.988747 -121.129750
38.988847 -121.129715
38.989051 -121.129807
38.989255 -121.129947
38.989613 -121.130212
38.990241 -121.130827
38.990502 -121.131019
38.990566 -121.131067
38.990918 -121.131327
38.991084 -121.131435
38.991475 -121.131425
38.991675 -121.131386
38.992054 -121.131313
38.992269 -121.131307
38.992572 -121.131523
38.992740 -121.131602
38.993069 -121.131610
38.993117 -121.131601
38.993522 -121.131533
38.993659 -121.131529
38.993888 -121.131523
38.994369 -121.131608
38.994713 -121.131793
38.995123 -121.132089
38.995275 -121.132199
38.995606 -121.132400
38.996040 -121.132680
38.996206 -121.132773
38.996419 -121.132670
38.996718 -121.132436
38.996855 -121.132307
38.996967 -121.132203
38.997227 -121.131905
38.997296 -121.131838
38.997538 -121.131605
38.997775 -121.131470
38.998065 -121.131414
38.998355 -121.131374
38.998471 -121.131299
38.998592 -121.131222
38.998659 -121.131128
38.998789 -121.130945
38.998814 -121.130909
38.998828 -121.130879
38.998973 -121.130565
38.999018 -121.130256
38.998999 -121.129820
38.998994 -121.129529
38.999116 -121.129283
38.999253 -121.129134
38.999436 -121.129176
38.999519 -121.129204
38.999697 -121.129267
38.999825 -121.129361
38.999977 -121.129438
39.000101 -121.129273
39.000322 -121.128879
39.000441 -121.128501
39.000502 -121.128308
39.000583 -121.128146
39.000698 -121.127914
39.000803 -121.127592
39.000890 -121.127327
39.001122 -121.126835
39.001270 -121.126645
39.001506 -121.126340
39.001850 -121.125962
39.001989 -121.125810
39.002407 -121.125319
39.002504 -121.125204
39.002609 -121.125081
39.003055 -121.124536
39.003178 -121.124354
39.003378 -121.124252
39.003496 -121.124081
39.003514 -121.124054
39.003673 -121.123743
39.003907 -121.123364
39.004059 -121.123195
39.004204 -121.123033
39.004373 -121.122864
39.004504 -121.122732
39.005000 -121.122235
39.005435 -121.121767
39.005632 -121.121555
39.005704 -121.121478
39.006290 -121.120842
39.006527 -121.120674
39.006930 -121.120631
39.007471 -121.120471
39.008060 -121.120197
39.008191 -121.120134
39.008037 -121.119582
39.007985 -121.119350
39.007901 -121.118971
39.007785 -121.118708
39.007547 -121.118171
39.007364 -121.117756
39.007345 -121.117352
39.007478 -121.116992
39.007811 -121.116530
39.008445 -121.115947
39.008867 -121.115499
39.009177 -121.115151
39.009283 -121.114982
39.009301 -121.114954
39.009221 -121.114745
39.008873 -121.114253
39.008386 -121.113829
39.008076 -121.113368
39.007643 -121.113137
39.007161 -121.113004
39.006731 -121.112999
39.006190 -121.113111
39.005815 -121.113315
39.005262 -121.113459
39.005006 -121.113466
39.004964 -121.113461
39.004793 -121.113342
39.004682 -121.113205
39.004497 -121.112978
39.004058 -121.112423
39.003913 -121.112023
39.003722 -121.111138
39.003682 -121.111031
39.003622 -121.110866
39.003550 -121.110673
39.003442 -121.110239
39.003278 -121.109451
39.003274 -121.109208
39.003357 -121.108866
39.003496 -121.108846
39.003596 -121.108808
39.003721 -121.108759
39.003987 -121.108558
39.004011 -121.108540
39.004245 -121.108357
39.004280 -121.108146
39.004258 -121.107613
39.004241 -121.107216
39.004238 -121.107144
39.004248 -121.106221
39.004303 -121.105718
39.004417 -121.104923
39.004489 -121.104727
39.004598 -121.104432
39.004656 -121.104123
39.004672 -121.103833
39.004685 -121.103589
39.004554 -121.103301
39.004350 -121.103145
39.004211 -121.103060
39.004069 -121.102974
39.003894 -121.102889
39.003471 -121.102683
39.003229 -121.102560
39.003116 -121.102553
39.003052 -121.102548
39.002911 -121.102407
39.002805 -121.102102
39.002792 -121.102035
39.002695 -121.101555
39.002651 -121.101184
39.002659 -121.100844
39.002727 -121.100389
39.002897 -121.099996
39.003295 -121.099630
39.003669 -121.099328
39.004016 -121.098915
39.004239 -121.098666
39.004498 -121.098303
39.004829 -121.097712
39.005026 -121.097214
39.005132 -121.096943
39.005187 -121.096424
39.005123 -121.095568
39.005119 -121.095493
39.005085 -121.094793
39.005244 -121.094513
39.005348 -121.094420
39.005468 -121.094313
39.005713 -121.093854
39.005857 -121.093413
39.005855 -121.093235
39.005663 -121.093111
39.005280 -121.092846
39.005097 -121.092669
39.005036 -121.092610
39.004794 -121.092247
39.004739 -121.092165
39.004659 -121.091892
39.004573 -121.091312
39.004555 -121.090989
39.004760 -121.090368
39.004960 -121.089775
39.005025 -121.089584
39.005122 -121.089339
39.005292 -121.088946
39.005301 -121.088703
39.005169 -121.088367
39.005062 -121.088030
39.004917 -121.087613
39.004786 -121.087326
39.004731 -121.087068
39.004660 -121.086569
39.004635 -121.086177
39.004626 -121.086036
39.004456 -121.085701
39.004311 -121.085316
39.004099 -121.085025
39.003746 -121.084717
39.003503 -121.084578
39.003224 -121.084488
39.002652 -121.084228
39.002436 -121.084169
39.002043 -121.084067
39.002011 -121.084051
39.001662 -121.083883
39.001310 -121.083583
39.001239 -121.083522
39.000868 -121.083041
39.000693 -121.082607
39.000583 -121.081987
39.000652 -121.081613
39.000694 -121.081414
39.000734 -121.081222
39.000703 -121.080867
39.000598 -121.080644
39.000406 -121.080471
39.000235 -121.080261
39.000187 -121.080202
39.000057 -121.079946
38.999963 -121.079609
38.999932 -121.079303
38.999910 -121.078721
38.999903 -121.078268
38.999910 -121.077912
38.999917 -121.077572
38.999899 -121.077235
38.999779 -121.076880
38.999611 -121.076658
38.999359 -121.076649
38.999274 -121.076635
38.998941 -121.076579
38.998662 -121.076538
38.998346 -121.076498
38.998206 -121.076482
38.998118 -121.076472
38.997967 -121.076476
38.997741 -121.076547
38.997376 -121.076605
38.997117 -121.076670
38.997087 -121.076678
38.996936 -121.076698
38.996879 -121.076649
38.996846 -121.076620
38.996833 -121.076442
38.996830 -121.076394
38.996746 -121.075943
38.996790 -121.075505
38.996801 -121.074680
38.996841 -121.074048
38.996792 -121.073353
38.996719 -121.072757
38.996686 -121.072272
38.996642 -121.071918
38.996569 -121.071337
38.996512 -121.070902
38.996516 -121.070400
38.996558 -121.069865
38.996491 -121.069657
38.996336 -121.069418
38.996142 -121.069149
38.995935 -121.068879
38.995769 -121.068722
38.995438 -121.068553
38.995196 -121.068479
38.994969 -121.068469
38.994691 -121.068428
38.994368 -121.068469
38.994295 -121.068482
38.994207 -121.068498
38.994134 -121.068511
38.994105 -121.068483
38.994055 -121.068429
38.993957 -121.068225
38.993898 -121.068015
38.993876 -121.067936
38.993776 -121.067575
38.993637 -121.067227
38.993624 -121.067192
38.993508 -121.066879
38.993481 -121.066829
38.993450 -121.066771
38.993438 -121.066691
38.993428 -121.066626
38.993444 -121.066432
38.993581 -121.066125
38.993786 -121.065667
38.993897 -121.065206
38.993903 -121.064975
38.993876 -121.064527
38.993793 -121.064249
38.993770 -121.064174
38.993746 -121.064094
38.993733 -121.063864
38.993727 -121.063799
38.993698 -121.063476
38.993693 -121.063187
38.993670 -121.062897
38.993677 -121.062863
38.993722 -121.062663
38.993832 -121.062393
38.994008 -121.062170
38.994063 -121.062047
38.994060 -121.061901
38.993987 -121.061515
38.993970 -121.061067
38.993976 -121.061020
38.994000 -121.060828
38.994037 -121.060531
38.994123 -121.060007
38.994213 -121.059788
38.994298 -121.059687
38.994295 -121.059529
38.994213 -121.059155
38.994025 -121.058663
38.993980 -121.058537
38.993949 -121.058448
38.993936 -121.058411
38.993807 -121.058080
38.993669 -121.057726
38.993546 -121.057196
38.993466 -121.056895
38.993323 -121.056280
38.993269 -121.055956
38.993256 -121.055862
38.993349 -121.055511
38.993469 -121.055119
38.993473 -121.054997
38.993485 -121.054585
38.993435 -121.054244
38.993414 -121.054102
38.993379 -121.053520
38.993374 -121.053459
38.993333 -121.053020
38.993235 -121.052424
38.993215 -121.052020
38.993082 -121.051430
38.993052 -121.051297
38.993035 -121.051270
38.992922 -121.051090
38.992754 -121.050836
38.992659 -121.050483
38.992599 -121.050209
38.992578 -121.050113
38.992422 -121.049842
38.992141 -121.049672
38.992077 -121.049609
38.992036 -121.049404
38.992018 -121.049141
38.992006 -121.048381
38.992045 -121.047733
38.992112 -121.047198
38.992120 -121.046890
38.992102 -121.046567
38.991996 -121.046263
38.991801 -121.045977
38.991646 -121.045722
38.991633 -121.045667
38.991572 -121.045402
38.991564 -121.045369
38.991544 -121.045226
38.991496 -121.044881
38.991478 -121.044756
38.991409 -121.044386
38.991246 -121.043727
38.991201 -121.043468
38.991190 -121.043405
38.990994 -121.042990
38.990832 -121.042817
38.990625 -121.042823
38.990296 -121.042799
38.990119 -121.042788
38.989889 -121.042616
38.989708 -121.042346
38.989579 -121.042156
38.989496 -121.041754
38.989476 -121.041285
38.989429 -121.040921
38.989325 -121.040561
38.989244 -121.040289
38.989177 -121.040064
38.988956 -121.039650
38.988827 -121.039189
38.988795 -121.039072
38.988681 -121.038331
38.988666 -121.038294
38.988431 -121.037739
38.988425 -121.037335
38.988406 -121.036931
38.988352 -121.036771
38.988184 -121.036533
38.988131 -121.036481
38.987940 -121.036297
38.987522 -121.036228
38.987206 -121.036172
38.987087 -121.036145
38.986889 -121.036100
38.986509 -121.036045
38.986257 -121.036052
38.985894 -121.036240
38.985440 -121.036285
38.985335 -121.036288
38.985287 -121.036160
38.985295 -121.035917
38.985338 -121.035589
38.985385 -121.035235
38.985417 -121.034895
38.985335 -121.034541
38.985249 -121.033945
38.985057 -121.033358
38.984855 -121.033039
38.984447 -121.032787
38.984177 -121.032519
38.983780 -121.032158
38.982963 -121.031647
38.982531 -121.031449
38.982300 -121.031345
38.982224 -121.031311
38.982022 -121.031220
38.981520 -121.031153
38.981196 -121.031029
38.981129 -121.030934
38.981043 -121.030810
38.980555 -121.030323
38.980381 -121.030177
38.980312 -121.030119
38.979841 -121.029890
38.979509 -121.029688
38.979370 -121.029411
38.979365 -121.029370
38.979344 -121.028852
38.979499 -121.028346
38.979542 -121.027892
38.979435 -121.027539
38.979293 -121.027349
38.979263 -121.027059
38.979258 -121.026784
38.979230 -121.026585
38.979187 -121.026285
38.979183 -121.026059
38.979230 -121.025863
38.979311 -121.025779
38.979391 -121.025697
38.979515 -121.025532
38.979572 -121.025174
38.979566 -121.025072
38.979537 -121.024609
38.979529 -121.024108
38.979445 -121.023625
38.979414 -121.023124
38.979410 -121.023044
38.979314 -121.022610
38.979301 -121.022524
38.979215 -121.021937
38.979221 -121.021610
38.979312 -121.021299
38.979324 -121.021250
38.979387 -121.020958
38.979370 -121.020700
38.979404 -121.020489
38.979601 -121.020176
38.980020 -121.019566
38.980039 -121.019536
38.980109 -121.019428
38.980266 -121.019187
38.980551 -121.018872
38.980601 -121.018838
38.980634 -121.018701
38.980658 -121.018529
38.980643 -121.018352
38.980653 -121.018190
38.980778 -121.018121
38.980967 -121.018116
38.981304 -121.018091
38.981352 -121.018065
38.981608 -121.017920
38.981726 -121.017822
38.981769 -121.017786
38.981880 -121.017589
38.981988 -121.017279
38.982109 -121.016705
38.982160 -121.016262
38.982306 -121.015960
38.982406 -121.015818
38.982504 -121.015680
38.982613 -121.015450
38.982557 -121.015128
38.982430 -121.014774
38.982385 -121.014648
38.982355 -121.014374
38.982384 -121.014197
38.982389 -121.014162
38.982573 -121.013801
38.982820 -121.013520
38.982896 -121.013467
38.983157 -121.013284
38.983480 -121.013109
38.983758 -121.012960
38.983945 -121.012878
38.983996 -121.012856
38.984250 -121.012806
38.984285 -121.012799
38.984492 -121.012699
38.984720 -121.012415
38.984863 -121.012336
38.985058 -121.012228
38.985444 -121.011910
38.985529 -121.011729
38.985601 -121.011584
38.985700 -121.011385
38.985985 -121.011086
38.986282 -121.010689
38.986479 -121.010425
38.986582 -121.010094
38.986611 -121.010001
38.986745 -121.009738
38.986869 -121.009605
38.986993 -121.009472
38.987132 -121.009468
38.987208 -121.009515
38.987250 -121.009560
38.987324 -121.009641
38.987372 -121.009642
38.987528 -121.009645
38.987652 -121.009648
38.987725 -121.009637
38.987791 -121.009628
38.987845 -121.009590
38.987945 -121.009519
38.988053 -121.009443
38.988201 -121.009244
38.988324 -121.009031
38.988494 -121.008670
38.988551 -121.008313
38.988580 -121.008250
38.988612 -121.008181
38.988736 -121.008065
38.989288 -121.007684
38.989486 -121.007623
38.989751 -121.007616
38.989777 -121.007617
38.990181 -121.007636
38.990286 -121.007624
38.990370 -121.007614
38.990570 -121.007478
38.990589 -121.007451
38.990865 -121.007067
38.990882 -121.006981
38.990982 -121.006481
38.991101 -121.006225
38.991118 -121.006195
38.991410 -121.005725
38.991707 -121.005361
38.991942 -121.005079
38.992375 -121.004549
38.992645 -121.004141
38.992265 -121.003768
38.992209 -121.003713
38.991954 -121.003526
38.991714 -121.003226
38.991172 -121.002852
38.991057 -121.002775
38.991042 -121.002593
38.990986 -121.002291
38.990784 -121.001989
38.990701 -121.001863
38.990639 -121.001833
38.990319 -121.001679
38.989998 -121.001365
38.989743 -121.001243
38.989451 -121.001138
38.988996 -121.001118
38.988809 -121.001220
38.988537 -121.001568
38.988380 -121.001685
38.988312 -121.001736
38.988161 -121.001756
38.987983 -121.001648
38.987872 -121.001524
38.987841 -121.001490
38.987534 -121.001224
38.987316 -121.001036
38.986960 -121.000868
38.986896 -121.000837
38.986680 -121.000779
38.986475 -121.000623
38.986262 -121.000694
38.986025 -121.000862
38.985989 -121.000892
38.985527 -121.001280
38.985366 -121.001414
38.985278 -121.001434
38.985202 -121.001451
38.985003 -121.001452
38.984758 -121.001334
38.984641 -121.001314
38.984442 -121.001279
38.984164 -121.001286
38.984038 -121.001306
38.983852 -121.001473
38.983822 -121.001503
38.983766 -121.001557
38.983665 -121.001656
38.983301 -121.001780
38.982950 -121.001887
38.982640 -121.001920
38.982547 -121.001930
38.982201 -121.001955
38.982168 -121.001957
38.982144 -121.001971
38.981978 -121.002062
38.981581 -121.002281
38.981424 -121.002391
38.981219 -121.002534
38.980895 -121.002818
38.980607 -121.002923
38.980377 -121.002948
38.980313 -121.002955
38.980230 -121.002964
38.979863 -121.002976
38.979462 -121.003165
38.979283 -121.003310
38.979213 -121.003366
38.979085 -121.003512
38.978966 -121.003648
38.978572 -121.004242
38.978462 -121.004424
38.978314 -121.004669
38.978237 -121.004944
38.978159 -121.005224
38.978042 -121.005744
38.977807 -121.006010
38.977572 -121.006291
38.977274 -121.006607
38.977013 -121.006841
38.976501 -121.007179
38.976139 -121.007383
38.975925 -121.007470
38.975688 -121.007638
38.975413 -121.007759
38.975323 -121.007771
38.975110 -121.007800
38.974821 -121.007840
38.974506 -121.007881
38.974292 -121.007870
38.974102 -121.007860
38.973933 -121.007881
38.973736 -121.007871
38.973583 -121.007778
38.973389 -121.007508
38.973014 -121.007018
38.972898 -121.006830
38.972768 -121.006620
38.972607 -121.006362
38.972560 -121.006286
38.972540 -121.006213
38.972452 -121.005885
38.972376 -121.005887
38.972333 -121.005916
38.972227 -121.005988
38.972176 -121.006001
38.972000 -121.006043
38.971812 -121.006113
38.971548 -121.006236
38.971410 -121.006413
38.971319 -121.006806
38.971199 -121.007149
38.971039 -121.007429
38.970890 -121.007578
38.970717 -121.007649
38.970677 -121.007665
38.970323 -121.007643
38.970058 -121.007618
38.969499 -121.007677
38.969429 -121.007689
38.969315 -121.007736
38.969316 -121.007794
38.969318 -121.007930
38.969374 -121.008219
38.969378 -121.008494
38.969372 -121.008834
38.969358 -121.008980
38.969235 -121.008983
38.969084 -121.008971
38.969047 -121.008960
38.968893 -121.008912
38.968836 -121.008837
38.968758 -121.008734
38.968712 -121.008674
38.968393 -121.008473
38.968151 -121.008334
38.967887 -121.008342
38.967673 -121.008311
38.967418 -121.008274
38.967174 -121.008287
38.967107 -121.008291
38.966901 -121.008406
38.966825 -121.008497
38.966726 -121.008616
38.966579 -121.008924
38.966483 -121.009448
38.966394 -121.009766
38.966385 -121.009819
38.966334 -121.010132
38.966313 -121.010272
38.966283 -121.010473
38.966248 -121.010545
38.966182 -121.010682
38.966119 -121.010865
38.966117 -121.011005
38.966115 -121.011144
38.966052 -121.011352
38.965972 -121.011658
38.965947 -121.011717
38.965817 -121.012026
38.965670 -121.012273
38.965571 -121.012591
38.965539 -121.012692
38.965517 -121.012762
38.965429 -121.012819
38.965321 -121.012889
38.965190 -121.013002
38.964921 -121.013324
38.964647 -121.013606
38.964527 -121.013626
38.964395 -121.013594
38.964253 -121.013598
38.964133 -121.013783
38.964048 -121.014069
38.964035 -121.014113
38.963997 -121.014142
38.963754 -121.014327
38.963635 -121.014537
38.963497 -121.014795
38.963263 -121.014935
38.963002 -121.015058
38.962962 -121.015077
38.962729 -121.015253
38.962686 -121.015357
38.962656 -121.015429
38.962592 -121.015584
38.962510 -121.015744
38.962460 -121.015798
38.962426 -121.015834
38.962248 -121.015946
38.962147 -121.016118
38.962014 -121.016098
38.961894 -121.016070
38.961726 -121.016032
38.961558 -121.015977
38.961406 -121.015993
38.961236 -121.016010
38.961040 -121.016137
38.960832 -121.016204
38.960599 -121.016380
38.960463 -121.016489
38.960404 -121.016642
38.960386 -121.016689
38.960365 -121.016796
38.960336 -121.016945
38.960236 -121.017247
38.960176 -121.017311
38.960021 -121.017475
38.960005 -121.017503
38.959828 -121.017808
38.959738 -121.018077
38.959684 -121.018346
38.959650 -121.018516
38.959552 -121.018859
38.959469 -121.019006
38.959254 -121.019182
38.958975 -121.019347
38.958824 -121.019485
38.958771 -121.019717
38.958765 -121.019792
38.958748 -121.019997
38.958749 -121.020106
38.958810 -121.020172
38.958846 -121.020212
38.958962 -121.020367
38.959166 -121.020676
38.959477 -121.021116
38.959632 -121.021367
38.959749 -121.021569
38.959781 -121.021751
38.959728 -121.021970
38.959567 -121.022508
38.959438 -121.022754
38.959254 -121.023051
38.959147 -121.023187
38.959007 -121.023288
38.958859 -121.023486
38.958459 -121.023922
38.957828 -121.024703
38.957482 -121.024931
38.957221 -121.025193
38.956759 -121.025848
38.956591 -121.025986
38.956459 -121.026039
38.956424 -121.026040
38.956269 -121.026044
38.955995 -121.026015
38.955635 -121.026013
38.955237 -121.026000
38.954982 -121.026007
38.954774 -121.026061
38.954654 -121.026222
38.954584 -121.026534
38.954607 -121.026781
38.954579 -121.026963
38.954564 -121.027061
38.954504 -121.027210
38.954446 -121.027356
38.954275 -121.027870
38.954203 -121.028102
38.954018 -121.028362
38.953933 -121.028437
38.953738 -121.028612
38.953493 -121.028679
38.953402 -121.028713
38.953352 -121.028732
38.953318 -121.028775
38.953184 -121.028945
38.953157 -121.028980
38.953018 -121.029165
38.953017 -121.029287
38.953014 -121.029493
38.953191 -121.030098
38.953210 -121.030162
38.953167 -121.030263
38.953108 -121.030521
38.952981 -121.030826
38.952859 -121.030964
38.952695 -121.031062
38.952638 -121.031103
38.952552 -121.031276
38.952401 -121.031268
38.952237 -121.031238
38.952173 -121.031226
38.951888 -121.031197
38.951624 -121.031214
38.951538 -121.031219
38.951303 -121.031286
38.951037 -121.031270
38.950886 -121.031262
38.950665 -121.031174
38.950487 -121.031188
38.950366 -121.031300
38.950254 -121.031425
38.950222 -121.031471
38.950023 -121.031758
38.949968 -121.031925
38.949915 -121.032089
38.949987 -121.032414
38.950132 -121.032584
38.950180 -121.032639
38.950324 -121.032793
38.950404 -121.032997
38.950465 -121.033274
38.950546 -121.033575
38.950594 -121.033800
38.950608 -121.033864
38.950614 -121.033934
38.950619 -121.033997
38.950622 -121.034179
38.950585 -121.034425
38.950546 -121.034675
38.950481 -121.034794
38.950266 -121.035179
38.950241 -121.035224
38.949981 -121.035522
38.949830 -121.035609
38.949743 -121.035658
38.949195 -121.036094
38.949084 -121.036258
38.949050 -121.036486
38.949043 -121.036842
38.949048 -121.037264
38.948914 -121.037395
38.948725 -121.037416
38.948521 -121.037292
38.948417 -121.037222
38.948316 -121.037153
38.948276 -121.037154
38.948203 -121.037156
38.948115 -121.037158
38.948079 -121.037168
38.947848 -121.037232
38.947788 -121.037248
38.947387 -121.037453
38.947242 -121.037558
38.947256 -121.037821
38.947262 -121.038188
38.947314 -121.038465
38.947396 -121.038827
38.947497 -121.039212
38.947500 -121.039358
38.947399 -121.039542
38.947146 -121.039719
38.946679 -121.040096
38.946597 -121.040175
38.946018 -121.040737
38.945598 -121.041144
38.944956 -121.042100
38.944776 -121.042367
38.944231 -121.043158
38.942669 -121.045431
38.942510 -121.045631
38.942353 -121.045828
38.942057 -121.046200
38.941634 -121.046951
38.941406 -121.046921
38.941033 -121.046701
38.940766 -121.046575
38.940540 -121.046666
38.940279 -121.046891
38.939977 -121.046960
38.939714 -121.047064
38.939511 -121.047409
38.939311 -121.047900
38.939009 -121.048526
38.938856 -121.048914
38.938736 -121.049289
38.938629 -121.049680
38.938635 -121.050052
38.938533 -121.050701
38.938415 -121.051206
38.938287 -121.051872
38.938065 -121.052153
38.937768 -121.052533
38.937547 -121.052910
38.937337 -121.053191
38.937140 -121.053455
38.936891 -121.053704
38.936833 -121.054029
38.936611 -121.054417
38.936588 -121.054456
38.936514 -121.054571
38.936401 -121.054574
38.936261 -121.054530
38.936079 -121.054489
38.935727 -121.054411
38.935327 -121.054276
38.935016 -121.054321
38.934858 -121.054507
38.934654 -121.054901
38.934634 -121.054939
38.934461 -121.055100
38.934274 -121.055287
38.933993 -121.055428
38.933789 -121.055502
38.933739 -121.055520
38.933483 -121.055539
38.933220 -121.055667
38.933165 -121.055760
38.933073 -121.055914
38.932916 -121.056136
38.932730 -121.056372
38.932629 -121.056544
38.932557 -121.056777
38.932264 -121.057342
38.932048 -121.057493
38.932021 -121.057494
38.931916 -121.057497
38.931717 -121.057478
38.931421 -121.057341
38.931183 -121.057250
38.930797 -121.057230
38.930449 -121.056769
38.930226 -121.056469
38.929944 -121.056253
38.929779 -121.056069
38.929617 -121.055936
38.929387 -121.055748
38.929252 -121.055675
38.929158 -121.055624
38.929024 -121.055552
38.928643 -121.055405
38.928556 -121.055298
38.928411 -121.055074
38.928246 -121.054906
38.928061 -121.054757
38.927939 -121.054660
38.927519 -121.054441
38.927484 -121.054429
38.927224 -121.054340
38.926870 -121.054120
38.926570 -121.053844
38.926293 -121.053590
38.926023 -121.053481
38.925816 -121.053454
38.925425 -121.053513
38.925048 -121.053571
38.924441 -121.053540
38.924151 -121.053547
38.923737 -121.053737
38.923274 -121.053975
38.922676 -121.054444
38.922291 -121.054843
38.921993 -121.055109
38.921481 -121.055447
38.920694 -121.055953
38.920081 -121.056261
38.919656 -121.056573
38.919145 -121.056949
38.918570 -121.057255
38.918245 -121.057490
38.917895 -121.057678
38.917520 -121.057882
38.916940 -121.057962
38.916539 -121.058135
38.916089 -121.058422
38.915776 -121.058543
38.915148 -121.058722
38.914960 -121.058840
38.914687 -121.059098
38.914625 -121.059156
38.913901 -121.059693
38.913678 -121.059909
38.913517 -121.060140
38.913504 -121.060279
38.913485 -121.060480
38.913529 -121.060851
38.913550 -121.061351
38.913440 -121.061580
38.913179 -121.061830
38.912901 -121.062000
38.912792 -121.062066
38.912429 -121.062238
38.911992 -121.062541
38.911894 -121.062737
38.911891 -121.063335
38.911872 -121.063659
38.911738 -121.064002
38.911595 -121.064332
38.911273 -121.064337
38.910816 -121.064188
38.910513 -121.064180
38.910195 -121.064043
38.909879 -121.064003
38.909261 -121.064052
38.909072 -121.064058
38.908831 -121.063999
38.908434 -121.063655
38.908282 -121.063594
38.908143 -121.063630
38.907932 -121.063814
38.907658 -121.064015
38.907360 -121.064330
38.907088 -121.064677
38.906964 -121.064842
38.906429 -121.065325
38.906116 -121.065463
38.905789 -121.065552
38.905454 -121.065868
38.905242 -121.066068
38.905056 -121.066251
38.904893 -121.066336
38.904590 -121.066296
38.904083 -121.066164
38.902610 -121.065639
38.900532 -121.065178
38.899392 -121.064951
38.899288 -121.064776
38.899282 -121.064420
38.899240 -121.064163
38.899133 -121.063827
38.898889 -121.063559
38.898523 -121.062826
38.898061 -121.062353
38.897624 -121.061881
38.897304 -121.061631
38.896998 -121.061445
38.896654 -121.061245
38.896208 -121.060982
38.896006 -121.061020
38.895829 -121.060992
38.895524 -121.060872
38.895171 -121.060881
38.894874 -121.060696
38.894619 -121.060653
38.894385 -121.060697
38.894181 -121.060778
38.894066 -121.060918
38.893963 -121.061196
38.893889 -121.061499
38.894002 -121.061809
38.894265 -121.062327
38.894584 -121.062669
38.894783 -121.062914
38.894885 -121.063161
38.894894 -121.063687
38.894897 -121.064463
38.895106 -121.065233
38.895259 -121.065642
38.895460 -121.066164
38.895474 -121.066199
38.895273 -121.066290
38.894833 -121.066415
38.894383 -121.066670
38.893940 -121.067344
38.893729 -121.067592
38.893326 -121.067651
38.893051 -121.067788
38.892788 -121.067924
38.892588 -121.068075
38.892428 -121.068306
38.892127 -121.068443
38.891875 -121.068450
38.891546 -121.068410
38.891206 -121.068484
38.890930 -121.068540
38.890591 -121.068662
38.890315 -121.068783
38.889988 -121.068840
38.889750 -121.068944
38.889485 -121.068999
38.889261 -121.069151
38.889127 -121.069477
38.889029 -121.069658
38.888781 -121.069891
38.888420 -121.070191
38.887946 -121.070592
38.887599 -121.070956
38.887350 -121.071173
38.887000 -121.071360
38.886610 -121.071484
38.886348 -121.071669
38.885924 -121.071939
38.885659 -121.071962
38.885507 -121.071966
38.885225 -121.071683
38.885008 -121.071543
38.884703 -121.071390
38.884422 -121.071236
38.884094 -121.071213
38.883831 -121.071349
38.883293 -121.071638
38.882641 -121.071947
38.882151 -121.072041
38.881228 -121.071952
38.879849 -121.071812
38.879343 -121.071761
38.878501 -121.071962
38.877984 -121.072024
38.877341 -121.072058
38.876811 -121.072072
38.876315 -121.071859
38.875944 -121.071578
38.874245 -121.070833
38.873823 -121.071489
38.873338 -121.072047
38.872743 -121.072695
38.872303 -121.073224
38.872043 -121.073805
38.871874 -121.074412
38.871839 -121.075016
38.871777 -121.075334
38.871851 -121.075791
38.872160 -121.076433
38.872437 -121.077268
38.872830 -121.078004
38.872951 -121.078385
38.873020 -121.078602
38.873208 -121.079142
38.873405 -121.079511
38.873466 -121.079824
38.873381 -121.080120
38.872702 -121.081409
38.872106 -121.082370
38.872019 -121.082511
38.871697 -121.083379
38.871593 -121.084186
38.871663 -121.084875
38.871983 -121.085707
38.872248 -121.086458
38.872336 -121.086707
38.872565 -121.087355
38.872815 -121.088144
38.872858 -121.088281
38.872973 -121.089049
38.872999 -121.089735
38.872842 -121.090897
38.872545 -121.092051
38.872409 -121.093002
38.872324 -121.094013
38.872315 -121.094377
38.872306 -121.094723
38.872249 -121.095678
38.872210 -121.095857
38.872099 -121.096373
38.872129 -121.097269
38.872183 -121.097649
38.872227 -121.097958
38.872397 -121.098514
38.872683 -121.099011
38.872834 -121.099306
38.872810 -121.099643
38.872639 -121.099909
38.872152 -121.100520
38.871898 -121.101031
38.871561 -121.101862
38.871433 -121.102968
38.871397 -121.103455
38.871399 -121.103621
38.871401 -121.103697
38.871276 -121.104149
38.870953 -121.104942
38.870638 -121.105703
38.871088 -121.106023
38.871839 -121.106414
38.872563 -121.106899
38.873126 -121.107445
38.873437 -121.107679
38.873691 -121.108046
38.873799 -121.108380
38.873802 -121.108548
38.873732 -121.108774
38.873677 -121.108981
38.873612 -121.109487
38.873520 -121.110087
38.873329 -121.110789
38.873138 -121.111901
38.873033 -121.112814
38.873031 -121.113403
38.873068 -121.114341
38.873300 -121.115806
38.873615 -121.116989
38.874029 -121.118197
38.874347 -121.118890
38.874530 -121.119403
38.874563 -121.120061
38.874495 -121.120610
38.874339 -121.121132
38.874278 -121.121428
38.874195 -121.121725
38.874068 -121.121994
38.874017 -121.122234
38.874021 -121.122472
38.874123 -121.122707
38.874270 -121.122956
38.874438 -121.123218
38.874589 -121.123718
38.874585 -121.124181
38.874503 -121.124547
38.874456 -121.124983
38.874561 -121.125373
38.874783 -121.125605
38.875269 -121.125831
38.875593 -121.126200
38.875739 -121.126463
38.875830 -121.126657
38.875833 -121.126853
38.875837 -121.127077
38.875786 -121.127344
38.875659 -121.127600
38.875511 -121.127954
38.875461 -121.128250
38.875459 -121.128769
38.875497 -121.129104
38.875751 -121.129952
38.875766 -121.130294
38.875769 -121.130344
38.875758 -121.131045
38.875757 -121.131152
38.875756 -121.131578
38.875726 -121.131775
38.875729 -121.132671
38.875888 -121.133704
38.876012 -121.134598
38.876100 -121.135310
38.876189 -121.136065
38.876306 -121.136524
38.876358 -121.136589
38.876518 -121.136785
38.876640 -121.136894
38.876969 -121.136927
38.877136 -121.137077
38.877183 -121.137258
38.877199 -121.137608
38.877128 -121.137946
38.877040 -121.138607
38.876924 -121.138919
38.876874 -121.139214
38.876878 -121.139466
38.876974 -121.139940
38.877058 -121.140429
38.877030 -121.140752
38.876951 -121.141258
38.876927 -121.141834
38.876932 -121.142170
38.876819 -121.142635
38.876643 -121.143229
38.876419 -121.143627
38.876107 -121.143985
38.876021 -121.144084
38.875719 -121.144430
38.875603 -121.144738
38.875618 -121.145179
38.875637 -121.145307
38.875645 -121.145367
38.875662 -121.145913
38.875709 -121.146269
38.875717 -121.146763
38.875688 -121.147048
38.875449 -121.147474
38.875121 -121.148019
38.874824 -121.148500
38.874512 -121.148991
38.874425 -121.149175
38.873937 -121.150057
38.873626 -121.150664
38.873498 -121.150909
38.873312 -121.151093
38.873125 -121.151192
38.872940 -121.151470
38.872812 -121.151684
38.872773 -121.151822
38.872785 -121.152053
38.872757 -121.152327
38.872813 -121.152745
38.872841 -121.152965
38.872781 -121.153345
38.872764 -121.153574
38.872724 -121.153813
38.872686 -121.154150
38.872670 -121.154515
38.872564 -121.154742
38.872459 -121.155053
38.872355 -121.155378
38.872227 -121.155619
38.872013 -121.155975
38.871896 -121.156161
38.871809 -121.157703
38.871697 -121.158214
38.871547 -121.158540
38.871501 -121.158642
38.871280 -121.159184
38.871171 -121.159529
38.870926 -121.160104
38.870840 -121.160301
38.870914 -121.160572
38.871004 -121.160752
38.871084 -121.160974
38.871164 -121.161126
38.871252 -121.161194
38.871385 -121.161289
38.871528 -121.161341
38.871619 -121.161407
38.871750 -121.161504
38.871807 -121.161614
38.871798 -121.161797
38.871738 -121.162120
38.871730 -121.162345
38.871712 -121.162541
38.871714 -121.162696
38.871884 -121.163028
38.872055 -121.163500
38.872113 -121.163708
38.872117 -121.163932
38.872092 -121.164410
38.872078 -121.164840
38.872130 -121.165324
38.872254 -121.165788
38.872346 -121.167019
38.872357 -121.168626
38.872376 -121.169877
38.872368 -121.171222
38.872370 -121.172287
38.872430 -121.172945
38.872441 -121.173070
38.872566 -121.173590
38.872909 -121.174030
38.873380 -121.174298
38.873753 -121.174456
38.874336 -121.174704
38.875132 -121.175132
38.876120 -121.175779
38.876567 -121.176291
38.877488 -121.177314
38.877937 -121.177975
38.878254 -121.178640
38.878303 -121.178993
38.878223 -121.179500
38.878105 -121.180307
38.878055 -121.180850
38.877878 -121.181676
38.877595 -121.182282
38.877114 -121.183322
38.876982 -121.183620
38.876719 -121.184210
38.876510 -121.184813
38.876346 -121.185584
38.876329 -121.186331
38.876342 -121.186654
38.876353 -121.186929
38.876396 -121.187825
38.876446 -121.188234
38.876556 -121.188717
38.876562 -121.189147
38.876413 -121.189898
38.876203 -121.190464
38.875846 -121.190996
38.875434 -121.191773
38.875154 -121.192546
38.875074 -121.193034
38.875067 -121.193501
38.874984 -121.193784
38.874854 -121.193937
38.874557 -121.194505
38.874231 -121.195167
38.873979 -121.195865
38.873685 -121.196713
38.873523 -121.197595
38.873369 -121.198029
38.873198 -121.198276
38.872894 -121.198471
38.872739 -121.198642
38.872550 -121.198853
38.872234 -121.199253
38.872065 -121.199669
38.871974 -121.200344
38.871982 -121.200904
38.871992 -121.201558
38.871972 -121.202138
38.871788 -121.202535
38.871546 -121.202914
38.871001 -121.203563
38.870328 -121.204440
38.870102 -121.204950
38.870108 -121.205342
38.870266 -121.206104
38.870385 -121.207204
38.870437 -121.207763
38.870614 -121.208805
38.870727 -121.209110
38.870888 -121.209545
38.871087 -121.210138
38.871229 -121.210807
38.871208 -121.211331
38.871097 -121.211764
38.870842 -121.212274
38.870612 -121.212523
38.870425 -121.212659
38.870062 -121.212855
38.869022 -121.213609
38.868518 -121.214089
38.868127 -121.215220
38.867820 -121.216180
38.867643 -121.217007
38.867574 -121.217308
38.867447 -121.217572
38.867233 -121.217895
38.866873 -121.218259
38.866538 -121.218286
38.866171 -121.218202
38.865863 -121.218079
38.865526 -121.218050
38.865059 -121.218062
38.864374 -121.218191
38.864053 -121.218199
38.863775 -121.218187
38.863674 -121.218208
38.863646 -121.218224
38.863471 -121.218326
38.863368 -121.218500
38.863099 -121.218877
38.862797 -121.219127
38.862661 -121.219207
38.862435 -121.219342
38.862146 -121.219592
38.861988 -121.219745
38.861906 -121.220121
38.861698 -121.220855
38.861503 -121.221457
38.861279 -121.222098
38.860958 -121.223077
38.860878 -121.223565
38.860943 -121.224031
38.861008 -121.224477
38.861059 -121.225016
38.860439 -121.225444
38.859961 -121.225699
38.859453 -121.225917
38.858943 -121.226042
38.858449 -121.226181
38.858289 -121.226226
38.857955 -121.226384
38.857449 -121.226714
38.857132 -121.226984
38.856947 -121.227287
38.856833 -121.227572
38.856736 -121.227815
38.856558 -121.228059
38.856300 -121.228256
38.855867 -121.228442
38.855557 -121.228482
38.855285 -121.228632
38.854891 -121.228848
38.854582 -121.228999
38.853760 -121.229735
38.853084 -121.230277
38.852680 -121.230700
38.852373 -121.231010
38.852176 -121.231095
38.851239 -121.231352
38.850714 -121.231439
38.850299 -121.231610
38.849147 -121.231179
38.848604 -121.230969
38.848149 -121.230886
38.847449 -121.230904
38.846637 -121.230975
38.846156 -121.231015
38.845292 -121.231135
38.844670 -121.231276
38.843896 -121.231533
38.843287 -121.231801
38.842544 -121.231973
38.841979 -121.232057
38.841428 -121.232043
38.840921 -121.231873
38.840248 -121.231540
38.839920 -121.231302
38.839650 -121.231106
38.839250 -121.230766
38.838984 -121.230520
38.838784 -121.230371
38.838103 -121.230206
38.837575 -121.230065
38.837024 -121.229869
38.836340 -121.229577
38.835638 -121.229483
38.835275 -121.229408
38.834748 -121.229337
38.834333 -121.229389
38.834037 -121.229424
38.833494 -121.229732
38.833071 -121.229995
38.832473 -121.230290
38.832049 -121.230496
38.831161 -121.231162
38.830961 -121.231362
38.830340 -121.231981
38.830039 -121.232339
38.829758 -121.232570
38.829410 -121.232732
38.828885 -121.232829
38.828350 -121.232941
38.828062 -121.232955
38.827803 -121.232968
38.827006 -121.233142
38.826384 -121.233311
38.825838 -121.233423
38.825554 -121.233500
38.825217 -121.233690
38.824959 -121.234005
38.824702 -121.234361
38.824521 -121.234716
38.824265 -121.235042
38.824016 -121.235359
38.823636 -121.235634
38.823375 -121.235752
38.823123 -121.235731
38.823059 -121.235704
38.822935 -121.235651
38.822594 -121.235520
38.822494 -121.235452
38.822387 -121.235581
38.822246 -121.235724
38.821923 -121.236068
38.821487 -121.236568
38.821223 -121.236870
38.820747 -121.237302
38.820292 -121.237607
38.819736 -121.237817
38.819310 -121.237855
38.819136 -121.237860
38.818861 -121.237866
38.818349 -121.238061
38.818078 -121.238236
38.817632 -121.238499
38.817273 -121.238634
38.817010 -121.238654
38.816476 -121.238835
38.816227 -121.239024
38.815753 -121.239553
38.815021 -121.240397
38.814320 -121.241157
38.813615 -121.241650
38.813041 -121.242070
38.812304 -121.242607
38.811591 -121.243282
38.811149 -121.243755
38.810893 -121.244210
38.810550 -121.244722
38.809895 -121.245564
38.809101 -121.246676
38.808340 -121.247787
38.807739 -121.248613
38.806940 -121.249445
38.806487 -121.249918
38.806373 -121.250313
38.806348 -121.250426
38.806250 -121.250876
38.806083 -121.251468
38.805925 -121.251892
38.805756 -121.252302
38.805621 -121.252781
38.805561 -121.253175
38.805525 -121.253694
38.805369 -121.254244
38.805252 -121.254471
38.805047 -121.254700
38.804787 -121.254860
38.804514 -121.254937
38.804067 -121.255088
38.803653 -121.255280
38.803132 -121.255600
38.802829 -121.255790
38.802566 -121.255824
38.802424 -121.255842
38.802335 -121.255774
38.802257 -121.255636
38.802210 -121.255469
38.802174 -121.255260
38.802172 -121.255092
38.802212 -121.254867
38.802231 -121.254628
38.802150 -121.254392
38.802072 -121.254310
38.801786 -121.254177
38.801663 -121.254040
38.801307 -121.253699
38.801052 -121.253481
38.800939 -121.253377
38.800830 -121.253276
38.800520 -121.253032
38.800244 -121.252927
38.799818 -121.252979
38.799478 -121.252974
38.799259 -121.252979
38.799062 -121.252984
38.798854 -121.252989
38.798612 -121.252911
38.798293 -121.252848
38.798205 -121.252851
38.798008 -121.252855
38.797911 -121.252928
38.797870 -121.253153
38.797857 -121.253470
38.797854 -121.253545
38.797791 -121.253729
38.797694 -121.253843
38.797510 -121.253960
38.797242 -121.254344
38.796778 -121.254859
38.796629 -121.255115
38.796543 -121.255229
38.796385 -121.254939
38.796117 -121.254623
38.795909 -121.254573
38.795680 -121.254648
38.795484 -121.254723
38.795244 -121.254827
38.795023 -121.254692
38.794890 -121.254583
38.794654 -121.254225
38.794531 -121.254018
38.794281 -121.253671
38.794184 -121.253537
38.794030 -121.253499
38.793323 -121.253810
38.792671 -121.254204
38.792029 -121.254499
38.791582 -121.254650
38.791244 -121.254756
38.791092 -121.254830
38.790844 -121.255088
38.790695 -121.255278
38.790597 -121.255402
38.790317 -121.255731
38.790252 -121.255816
38.789917 -121.256105
38.789700 -121.256250
38.789515 -121.256338
38.789275 -121.256386
38.789044 -121.256336
38.788790 -121.256131
38.788623 -121.255996
38.788391 -121.255876
38.788237 -121.255865
38.788107 -121.255939
38.787749 -121.256143
38.787357 -121.256321
38.786934 -121.256597
38.786750 -121.256784
38.786111 -121.257261
38.785801 -121.257758
38.785610 -121.258197
38.785428 -121.258481
38.785286 -121.258499
38.784947 -121.258577
38.784620 -121.258683
38.784447 -121.258813
38.784361 -121.258899
38.784191 -121.259160
38.783962 -121.259501
38.783804 -121.259673
38.783562 -121.260108
38.783310 -121.260824
38.783125 -121.261108
38.782765 -121.261509
38.782277 -121.262062
38.782080 -121.262589
38.781808 -121.262969
38.781417 -121.263146
38.781140 -121.263228
38.780645 -121.263296
38.780177 -121.263307
38.779650 -121.263208
38.779336 -121.263017
38.779119 -121.262885
38.778973 -121.262870
38.778841 -121.262817
38.778693 -121.262709
38.778574 -121.262562
38.778229 -121.261955
38.778141 -121.261716
38.777894 -121.261049
38.777729 -121.260754
38.777434 -121.260519
38.776829 -121.260104
38.776075 -121.259507
38.775645 -121.259107
38.775262 -121.258892
38.774750 -121.258830
38.774152 -121.258900
38.773471 -121.259234
38.772818 -121.259530
38.772283 -121.259897
38.771734 -121.260340
38.770967 -121.260825
38.770445 -121.261062
38.769907 -121.261224
38.769047 -121.261319
38.768187 -121.261490
38.766996 -121.261892
38.766442 -121.262017
38.766006 -121.262121
38.765281 -121.262493
38.764556 -121.262884
38.763815 -121.263126
38.763378 -121.263192
38.762910 -121.263203
38.762503 -121.263307
38.762344 -121.263404
38.761838 -121.263770
38.761638 -121.264092
38.761762 -121.264537
38.761958 -121.264980
38.762068 -121.265262
38.762095 -121.265331
38.762205 -121.265832
38.762238 -121.266093
38.762197 -121.266318
38.762099 -121.266619
38.761612 -121.267265
38.761570 -121.267332
38.761313 -121.267738
38.761029 -121.268286
38.760921 -121.268942
38.760655 -121.269676
38.760504 -121.270314
38.760468 -121.270893
38.760517 -121.271361
38.760603 -121.272136
38.760606 -121.272316
38.760580 -121.272532
38.760440 -121.272908
38.760224 -121.273138
38.759720 -121.273597
38.759561 -121.273769
38.759437 -121.274239
38.759237 -121.274579
38.759037 -121.274882
38.758648 -121.275190
38.758268 -121.275356
38.758241 -121.275368
38.757820 -121.275527
38.757646 -121.275606
38.757459 -121.275816
38.757390 -121.276116
38.757279 -121.276492
38.756957 -121.276835
38.756720 -121.277107
38.756617 -121.277501
38.756546 -121.277909
38.756550 -121.278174
38.756490 -121.278582
38.756331 -121.278963
38.756074 -121.279333
38.755870 -121.279660
38.755743 -121.279929
38.755659 -121.280182
38.755674 -121.280448
38.755776 -121.280655
38.755862 -121.280907
38.755970 -121.281224
38.756066 -121.281768
38.756083 -121.282201
38.756089 -121.282593
38.756114 -121.282830
38.756182 -121.282940
38.756183 -121.283010
38.756098 -121.283222
38.755970 -121.283463
38.755755 -121.283692
38.755476 -121.284118
38.755227 -121.284348
38.754987 -121.284368
38.754683 -121.284557
38.754451 -121.285003
38.754286 -121.285140
38.754134 -121.285242
38.753850 -121.285305
38.753774 -121.285376
38.753645 -121.285505
38.753604 -121.285674
38.753517 -121.285746
38.753345 -121.285988
38.753229 -121.286257
38.753232 -121.286495
38.753236 -121.286774
38.753299 -121.287332
38.753315 -121.287668
38.753319 -121.287933
38.753205 -121.288356
38.753099 -121.288638
38.753018 -121.289060
38.753031 -121.289241
38.753132 -121.289351
38.753255 -121.289530
38.753424 -121.289862
38.753584 -121.290320
38.753768 -121.290945
38.753994 -121.291387
38.754339 -121.291757
38.754600 -121.292078
38.754685 -121.292182
38.754809 -121.292568
38.755110 -121.293139
38.755262 -121.293583
38.755321 -121.293862
38.755329 -121.293898
38.755372 -121.294103
38.755377 -121.294457
38.755327 -121.295018
38.755214 -121.295384
38.755187 -121.295469
38.754957 -121.295717
38.754816 -121.296019
38.754827 -121.296765
38.754810 -121.297642
38.754846 -121.298089
38.754975 -121.298464
38.754998 -121.298533
38.755119 -121.298772
38.755325 -121.298879
38.755489 -121.299118
38.755610 -121.299395
38.755688 -121.299785
38.755605 -121.300085
38.755390 -121.300370
38.755158 -121.300450
38.754818 -121.300487
38.754720 -121.300498
38.754385 -121.300543
38.754154 -121.300717
38.754013 -121.301056
38.753862 -121.301731
38.753869 -121.302253
38.753838 -121.303149
38.753901 -121.303409
38.754063 -121.303536
38.754255 -121.303680
38.754549 -121.303953
38.754744 -121.304135
38.755158 -121.304517
38.755279 -121.304775
38.755297 -121.305036
38.755302 -121.305353
38.755207 -121.305859
38.755132 -121.306355
38.755097 -121.306972
38.755004 -121.307324
38.754735 -121.307652
38.754271 -121.308138
38.754205 -121.308377
38.754135 -121.308631
38.754086 -121.308996
38.754092 -121.309402
38.754021 -121.309851
38.753816 -121.310024
38.753764 -121.310235
38.753688 -121.310307
38.753417 -121.310481
38.753235 -121.310779
38.753175 -121.311172
38.753010 -121.311526
38.752784 -121.312016
38.752542 -121.312451
38.752516 -121.312694
38.752533 -121.312880
38.752716 -121.313380
38.752913 -121.313860
38.753106 -121.314079
38.753414 -121.314165
38.753674 -121.314203
38.753853 -121.314230
38.754249 -121.314351
38.754662 -121.314621
38.755004 -121.315042
38.755126 -121.315375
38.755205 -121.315802
38.755370 -121.316115
38.755359 -121.316358
38.755204 -121.316791
38.755079 -121.317204
38.754968 -121.317598
38.754933 -121.318103
38.754828 -121.318399
38.754843 -121.318735
38.754858 -121.319000
38.754772 -121.319086
38.754346 -121.319166
38.753886 -121.319205
38.753590 -121.319212
38.753360 -121.319217
38.753123 -121.319461
38.752733 -121.319792
38.752344 -121.320164
38.752171 -121.320280
38.751952 -121.320341
38.751744 -121.320346
38.751558 -121.320309
38.751426 -121.320312
38.751284 -121.320329
38.751197 -121.320345
38.751198 -121.320471
38.751245 -121.320694
38.751293 -121.320945
38.751287 -121.321430
38.751140 -121.321396
38.750978 -121.321306
38.750832 -121.321310
38.750335 -121.321284
38.750014 -121.321310
38.749970 -121.321313
38.749591 -121.321339
38.749243 -121.321496
38.748884 -121.321952
38.748658 -121.322480
38.748575 -121.322818
38.748611 -121.323246
38.748720 -121.323709
38.748965 -121.325550
38.749202 -121.326757
38.749267 -121.326974
38.749447 -121.327572
38.749569 -121.327943
38.749765 -121.328386
38.749872 -121.328663
38.749893 -121.329166
38.749884 -121.329502
38.749714 -121.329879
38.749559 -121.330293
38.749428 -121.330470
38.749236 -121.330730
38.748935 -121.331433
38.748847 -121.332107
38.748873 -121.332579
38.749092 -121.332897
38.749465 -121.333112
38.749551 -121.333145
38.749955 -121.333300
38.750345 -121.333315
38.750639 -121.333507
38.750957 -121.333948
38.751111 -121.334678
38.751117 -121.335069
38.751198 -121.335646
38.751303 -121.335793
38.751632 -121.336345
38.751744 -121.337032
38.751743 -121.337110
38.751737 -121.337611
38.751793 -121.338449
38.751822 -121.339455
38.751847 -121.340201
38.751958 -121.340795
38.752005 -121.341055
38.752167 -121.341126
38.752474 -121.341119
38.752944 -121.341295
38.753209 -121.341457
38.753446 -121.341694
38.753771 -121.341985
38.754098 -121.342350
38.754614 -121.342711
38.755286 -121.342876
38.755703 -121.343014
38.755991 -121.343108
38.756541 -121.343469
38.756957 -121.343957
38.757035 -121.344136
38.756705 -121.344572
38.756476 -121.344913
38.756204 -121.345311
38.756122 -121.345686
38.756098 -121.346078
38.756148 -121.346450
38.756270 -121.346858
38.756346 -121.347080
38.756337 -121.347472
38.756180 -121.347737
38.755920 -121.347929
38.755770 -121.348055
38.755646 -121.348159
38.755346 -121.348614
38.755220 -121.349027
38.755027 -121.349815
38.754871 -121.350192
38.754669 -121.350327
38.754379 -121.350520
38.754208 -121.350842
38.754242 -121.351121
38.754448 -121.351411
38.754836 -121.351853
38.754956 -121.352074
38.755035 -121.352483
38.755040 -121.352874
38.754972 -121.353174
38.754672 -121.353648
38.754367 -121.353823
38.753988 -121.353887
38.753682 -121.353913
38.753479 -121.354011
38.753336 -121.354219
38.753299 -121.354705
38.753351 -121.355301
38.753388 -121.355860
38.753349 -121.356159
38.753021 -121.356726
38.752703 -121.357032
38.752268 -121.357247
38.752109 -121.357298
38.751701 -121.357428
38.750859 -121.357820
38.749860 -121.358440
38.749181 -121.358978
38.748636 -121.359662
38.748125 -121.360756
38.747991 -121.361579
38.748012 -121.362027
38.748132 -121.362392
38.748335 -121.362793
38.748563 -121.363432
38.748889 -121.364082
38.749230 -121.364367
38.749377 -121.364490
38.749795 -121.365362
38.750012 -121.366043
38.750273 -121.366624
38.750342 -121.366903
38.750224 -121.367045
38.749608 -121.367675
38.748829 -121.368406
38.748149 -121.369107
38.747587 -121.369623
38.747020 -121.369860
38.746369 -121.370114
38.746693 -121.372564
38.746810 -121.373625
38.747075 -121.374813
38.747207 -121.375873
38.747258 -121.377457
38.747271 -121.378371
38.747305 -121.378743
38.747340 -121.379134
38.747287 -121.379546
38.747250 -121.380032
38.747156 -121.380649
38.747190 -121.381003
38.747295 -121.381206
38.747383 -121.381241
38.747587 -121.381162
38.747804 -121.381026
38.748080 -121.380927
38.748330 -121.381052
38.748422 -121.381311
38.748427 -121.381721
38.748391 -121.382244
38.748236 -121.382677
38.748168 -121.383033
38.748133 -121.383668
38.748273 -121.384299
38.748412 -121.384818
38.748504 -121.385170
38.748670 -121.385539
38.748763 -121.385966
38.749053 -121.386855
38.749133 -121.387320
38.749170 -121.387934
38.749148 -121.388439
38.749157 -121.389073
38.749222 -121.389537
38.749395 -121.389938
38.749482 -121.390558
38.749487 -121.390931
38.749568 -121.391202
38.749594 -121.391674
38.749540 -121.391974
38.749351 -121.392401
38.749339 -121.392924
38.749348 -121.393570
38.749374 -121.394042
38.749517 -121.394511
38.749522 -121.394884
38.749566 -121.395306
38.749744 -121.395501
38.750064 -121.396066
38.750204 -121.396336
38.750193 -121.396983
38.750144 -121.397681
38.750150 -121.398079
38.750194 -121.398476
38.750028 -121.399126
38.749879 -121.399627
38.749856 -121.400771
38.749923 -121.401441
38.750187 -121.402182
38.750544 -121.402696
38.750667 -121.403116
38.751255 -121.403426
38.751513 -121.403794
38.751756 -121.404410
38.751859 -121.404830
38.751999 -121.405151
38.752254 -121.405220
38.752820 -121.405356
38.753327 -121.405370
38.753861 -121.405384
38.754614 -121.405490
38.755161 -121.405603
38.755710 -121.405914
38.755907 -121.406059
38.755916 -121.406705
38.755962 -121.407251
38.756027 -121.407698
38.756289 -121.408788
38.756378 -121.409157
38.756585 -121.410098
38.756891 -121.411086
38.757249 -121.411650
38.757428 -121.411895
38.758390 -121.412471
38.760184 -121.414048
38.761306 -121.414919
38.761619 -121.415011
38.762005 -121.414754
38.762372 -121.414572
38.762836 -121.414338
38.763166 -121.414231
38.763437 -121.414075
38.763765 -121.413844
38.763959 -121.413815
38.764468 -121.414003
38.764880 -121.414218
38.765393 -121.414704
38.765655 -121.415096
38.765946 -121.415521
38.766103 -121.415680
38.766394 -121.415975
38.767443 -121.416748
38.768415 -121.417556
38.769365 -121.418696
38.770027 -121.419811
38.770162 -121.420038
38.770779 -121.421517
38.771371 -121.422997
38.771749 -121.424083
38.771829 -121.424483
38.771888 -121.424777
38.771796 -121.425641
38.771548 -121.426509
38.771511 -121.427605
38.771961 -121.430216
38.772309 -121.432895
38.772970 -121.435733
38.773735 -121.438569
38.774085 -121.439573
38.774194 -121.439886
38.774805 -121.440901
38.775919 -121.442635
38.776923 -121.443940
38.778246 -121.445803
38.778834 -121.447017
38.779053 -121.447875
38.779017 -121.449070
38.778868 -121.449604
38.778774 -121.450336
38.778873 -121.451960
38.778962 -121.452787
38.779321 -121.454405
38.779945 -121.456382
38.780538 -121.458028
38.780680 -121.458954
38.780725 -121.460413
38.781108 -121.461864
38.781568 -121.463314
38.782153 -121.464363
38.782423 -121.465154
38.782460 -121.465949
38.782299 -121.467545
38.782250 -121.469736
38.782201 -121.471993
38.782059 -121.475048
38.781797 -121.476845
38.781458 -121.478711
38.781296 -121.480207
38.781316 -121.481766
38.781440 -121.483356
38.781783 -121.485737
38.781852 -121.487063
38.781734 -121.488761
38.780740 -121.490701
38.779812 -121.492337
38.779254 -121.493053
38.778422 -121.493777
38.777972 -121.493926
38.777682 -121.493955
38.776976 -121.493970
38.776724 -121.494068
38.776475 -121.494374
38.776200 -121.494850
38.775798 -121.495506
38.775372 -121.496131
38.774703 -121.496670
38.774008 -121.497054
38.773191 -121.497380
38.772492 -121.497425
38.771792 -121.497440
38.769541 -121.496963
38.766129 -121.496325
38.763587 -121.495762
38.761312 -121.495317
38.759787 -121.494979
38.758602 -121.494788
38.757998 -121.494770
38.756814 -121.494702
38.755316 -121.494579
38.753094 -121.494503
38.750558 -121.494402
38.749980 -121.494372
38.749734 -121.494304
38.745846 -121.494070
38.745520 -121.493986
38.743653 -121.493002
38.743100 -121.492665
38.742279 -121.492353
38.739903 -121.491390
38.739167 -121.491158
38.737044 -121.490708
38.736822 -121.490653
38.735204 -121.490333
38.735128 -121.490332
38.735038 -121.490330
38.734704 -121.490323
38.734400 -121.490395
38.734081 -121.490714
38.733479 -121.491400
38.733171 -121.491798
38.732528 -121.491831
38.730648 -121.491902
38.729938 -121.491469
38.729747 -121.491279
38.729551 -121.490938
38.729187 -121.490105
38.728942 -121.489802
38.728721 -121.489560
38.728057 -121.489344
38.724112 -121.488534
38.721184 -121.487979
38.719006 -121.487563
38.717360 -121.487228
38.715667 -121.486986
38.714202 -121.487541
38.713699 -121.487890
38.713363 -121.488021
38.712665 -121.488159
38.711112 -121.487606
38.709075 -121.486848
38.706067 -121.485741
38.702928 -121.485684
38.699597 -121.485692
38.696000 -121.485645
38.692620 -121.485655
38.690568 -121.485667
38.685522 -121.485558
38.680210 -121.485516
38.677724 -121.485537
38.675841 -121.485485
38.675381 -121.485433
38.675066 -121.485316
38.674553 -121.484865
38.674035 -121.484014
38.673339 -121.482489
38.672719 -121.481178
38.671999 -121.479684
38.671724 -121.478889
38.671381 -121.478527
38.670967 -121.478259
38.669733 -121.478069
38.668114 -121.477888
38.666759 -121.477640
38.666372 -121.477586
38.665576 -121.477665
38.664483 -121.477695
38.663477 -121.477771
38.662920 -121.477629
38.660025 -121.477051
38.657574 -121.476549
38.652092 -121.475441
38.648607 -121.474776
38.645123 -121.474181
38.640895 -121.473462
38.637574 -121.472817
38.635650 -121.472466
38.632728 -121.471928
38.629623 -121.471255
38.626738 -121.470739
38.625304 -121.470470
38.625046 -121.470348
38.624828 -121.470232
38.624175 -121.470142
38.623834 -121.470062
38.623467 -121.470018
38.623031 -121.469906
38.621058 -121.469567
38.619640 -121.469290
38.617995 -121.469027
38.617178 -121.468854
38.616457 -121.468731
38.615708 -121.468573
38.615191 -121.468515
38.614279 -121.468344
38.613327 -121.468174
38.612945 -121.468078
38.612673 -121.468067
38.612251 -121.467972
38.611911 -121.467945
38.611354 -121.467922
38.610974 -121.467930
38.610419 -121.468046
38.609945 -121.468108
38.609282 -121.468295
38.608268 -121.468645
38.607365 -121.469166
38.606611 -121.469667
38.606035 -121.470250
38.605782 -121.470653
38.605505 -121.471265
38.605217 -121.472136
38.604998 -121.473041
38.604913 -121.473769
38.604896 -121.474566
38.604930 -121.475084
38.605006 -121.475671
38.605261 -121.476514
38.605669 -121.477595
38.606313 -121.479122
38.607041 -121.480802
38.607547 -121.482141
38.607702 -121.482653
38.607790 -121.483183
38.607902 -121.484713
38.608032 -121.486112
38.608213 -121.487523
38.608358 -121.489259
38.608478 -121.490710
38.608521 -121.491644
38.608482 -121.492605
38.608385 -121.493775
38.608260 -121.495153
38.608154 -121.496363
38.608056 -121.497481
38.607912 -121.498990
38.607840 -121.500510
38.607767 -121.501108
38.607678 -121.501641
38.607507 -121.502566
38.607346 -121.503491
38.607273 -121.504193
38.607161 -121.505000
38.606991 -121.506003
38.606648 -121.507100
38.606004 -121.508477
38.605515 -121.509317
38.605045 -121.509924
38.604392 -121.510664
38.604132 -121.511007
38.604013 -121.511295
38.603846 -121.511740
38.603789 -121.512079
38.603756 -121.512689
38.603812 -121.513207
38.603855 -121.513625
38.603946 -121.514158
38.604001 -121.514597
38.603822 -121.514731
38.603703 -121.514849
38.603590 -121.514920
38.603458 -121.514915
38.603283 -121.514903
38.603116 -121.514317
38.603022 -121.513780
38.602873 -121.512769
38.602525 -121.510890
38.602716 -121.510370
38.603071 -121.509666
38.603197 -121.509071
38.603158 -121.508670
38.602773 -121.508382
38.602087 -121.507868
38.601555 -121.507795
38.600927 -121.507956
38.599534 -121.508364
38.599267 -121.508511
38.598789 -121.508520
38.598494 -121.508480
38.598179 -121.508441
38.597184 -121.507453
38.596811 -121.509565
38.596682 -121.510186
38.596492 -121.510856
38.596286 -121.511629
38.596724 -121.511966
38.597121 -121.512203
38.597661 -121.512552
38.597733 -121.512590
38.597772 -121.512538
38.597812 -121.512485
38.597883 -121.512483
38.597995 -121.512546
38.598219 -121.512708
38.598596 -121.513042
38.598802 -121.513224
38.599903 -121.514013
38.599973 -121.514067
38.600516 -121.514490
38.600701 -121.514756
38.600908 -121.515177
38.601045 -121.515560
38.601284 -121.516199
38.601973 -121.517872
38.602167 -121.518386
38.602272 -121.519276
38.602479 -121.520680
38.602632 -121.522119
38.602754 -121.523285
38.602764 -121.523691
38.602784 -121.524589
38.602801 -121.525962
38.602787 -121.526941
38.602787 -121.527362
38.602789 -121.528160
38.602707 -121.529192
38.602639 -121.529798
38.602574 -121.530380
38.602425 -121.531413
38.602288 -121.532240
38.602151 -121.533153
38.602024 -121.533808
38.601976 -121.534070
38.601860 -121.534704
38.601719 -121.535240
38.601580 -121.535588
38.601459 -121.535881
38.601305 -121.536250
38.600750 -121.537137
38.600373 -121.537634
38.599440 -121.539044
38.599062 -121.539503
38.598913 -121.539673
38.598926 -121.539905
38.598696 -121.540115
38.598518 -121.540415
38.598063 -121.541210
38.597529 -121.542148
38.597084 -121.542968
38.596778 -121.543528
38.596752 -121.543928
38.596679 -121.544496
38.596645 -121.544975
38.596636 -121.545102
38.596611 -121.545514
38.596602 -121.545669
38.596657 -121.546108
38.596703 -121.546478
38.596792 -121.547146
38.596890 -121.547659
38.596906 -121.548148
38.596990 -121.548417
38.597004 -121.548445
38.597363 -121.549144
38.597560 -121.549552
38.597889 -121.550035
38.598177 -121.550454
38.598556 -121.550858
38.599130 -121.551478
38.599254 -121.551594
38.599559 -121.551881
38.599815 -121.552134
38.600286 -121.552626
38.600314 -121.552661
38.600625 -121.553057
38.601249 -121.553702
38.601847 -121.554346
38.603136 -121.555634
38.604313 -121.556795
38.605674 -121.558211
38.606319 -121.558880
38.607455 -121.560030
38.607700 -121.560244
38.608226 -121.560272
38.608681 -121.560301
38.608977 -121.560502
38.609054 -121.560550
38.609567 -121.560876
38.610087 -121.561239
38.610760 -121.561728
38.610913 -121.561815
38.611033 -121.561884
38.611066 -121.561902
38.611279 -121.562001
38.611563 -121.562111
38.612122 -121.562306
38.612933 -121.562509
38.613581 -121.562664
38.614169 -121.562832
38.614717 -121.562950
38.615254 -121.563068
38.615503 -121.563103
38.615821 -121.563147
38.616155 -121.563218
38.616651 -121.563272
38.618127 -121.563320
38.619451 -121.563319
38.620472 -121.563338
38.621483 -121.563369
38.622160 -121.563407
38.622950 -121.563494
38.625509 -121.563701
38.626793 -121.563765
38.627178 -121.563822
38.628179 -121.563879
38.629201 -121.563975
38.629869 -121.564052
38.630608 -121.564153
38.631467 -121.564213
38.632469 -121.564335
38.633512 -121.564430
38.634209 -121.564468
38.634705 -121.564535
38.635475 -121.564636
38.636183 -121.564699
38.636527 -121.564757
38.637235 -121.564781
38.638186 -121.564852
38.638793 -121.564918
38.639552 -121.565057
38.640303 -121.565261
38.640911 -121.565429
38.641439 -121.565638
38.641866 -121.565836
38.642334 -121.566071
38.642711 -121.566373
38.643169 -121.566621
38.643618 -121.566947
38.644097 -121.567273
38.644689 -121.567751
38.645272 -121.568319
38.645765 -121.569005
38.646280 -121.569768
38.646610 -121.570341
38.646912 -121.571044
38.647265 -121.571836
38.647588 -121.572629
38.647859 -121.573268
38.647943 -121.573537
38.648042 -121.574166
38.648041 -121.574939
38.647830 -121.575858
38.647645 -121.576429
38.647429 -121.577013
38.647134 -121.577625
38.646758 -121.578289
38.646212 -121.579151
38.645666 -121.579945
38.645269 -121.580522
38.644179 -121.582296
38.643407 -121.583652
38.643200 -121.584120
38.642885 -121.584732
38.642851 -121.584825
38.642825 -121.584896
38.642757 -121.585082
38.642473 -121.585822
38.642133 -121.586911
38.641968 -121.587481
38.641916 -121.587711
38.641834 -121.588077
38.641722 -121.588865
38.641677 -121.589343
38.641658 -121.589927
38.641647 -121.590245
38.641673 -121.590696
38.641751 -121.591261
38.641776 -121.591660
38.641998 -121.592519
38.642199 -121.593211
38.642230 -121.593276
38.642344 -121.593517
38.642486 -121.593776
38.642757 -121.594269
38.643250 -121.594969
38.643672 -121.595579
38.644248 -121.596367
38.644832 -121.597090
38.645160 -121.597496
38.645693 -121.598065
38.645919 -121.598287
38.646685 -121.599038
38.647595 -121.599935
38.648434 -121.600769
38.649364 -121.601666
38.650080 -121.602361
38.650754 -121.603005
38.651184 -121.603435
38.652104 -121.604319
38.652880 -121.604962
38.653675 -121.605539
38.654216 -121.605967
38.654654 -121.606306
38.655337 -121.606821
38.656102 -121.607374
38.656572 -121.607803
38.657143 -121.608269
38.657602 -121.608633
38.657930 -121.608949
38.658543 -121.609582
38.659014 -121.610075
38.659394 -121.610545
38.659834 -121.611065
38.660174 -121.611587
38.660422 -121.612020
38.660713 -121.612711
38.660861 -121.613223
38.660937 -121.613476
38.661008 -121.613710
38.661591 -121.614292
38.662031 -121.614735
38.662283 -121.614967
38.662633 -121.615290
38.663246 -121.615845
38.663840 -121.616479
38.664382 -121.617061
38.664915 -121.617631
38.665356 -121.618202
38.665929 -121.618810
38.666433 -121.619522
38.667591 -121.620905
38.668791 -121.622429
38.669796 -121.623647
38.671313 -121.625500
38.671836 -121.626096
38.672390 -121.626782
38.673068 -121.627710
38.673335 -121.628077
38.673622 -121.628473
38.674187 -121.629209
38.675029 -121.630379
38.675173 -121.630570
38.675414 -121.630475
38.675580 -121.630501
38.675708 -121.630521
38.676043 -121.630695
38.676411 -121.631049
38.676892 -121.631530
38.677382 -121.631920
38.677931 -121.632284
38.678567 -121.632628
38.678735 -121.632720
38.679822 -121.633176
38.681040 -121.633656
38.682470 -121.634118
38.683393 -121.634384
38.684194 -121.634601
38.684883 -121.634756
38.685552 -121.634924
38.686727 -121.635146
38.687689 -121.635373
38.687912 -121.635415
38.688631 -121.635548
38.689562 -121.635634
38.690209 -121.635660
38.690795 -121.635636
38.691033 -121.635620
38.691300 -121.635601
38.691663 -121.635542
38.692367 -121.635258
38.692891 -121.635094
38.693393 -121.634826
38.693665 -121.634744
38.694550 -121.634366
38.695705 -121.633776
38.696729 -121.633202
38.697400 -121.632712
38.697761 -121.632409
38.698432 -121.631906
38.699121 -121.631210
38.699680 -121.630580
38.700486 -121.629507
38.701180 -121.628411
38.701685 -121.627511
38.702378 -121.626298
38.702688 -121.626022
38.703223 -121.625096
38.703550 -121.624574
38.703918 -121.624012
38.704613 -121.622980
38.705377 -121.621830
38.706084 -121.620888
38.706752 -121.620153
38.707448 -121.619172
38.708373 -121.617891
38.709089 -121.616961
38.709577 -121.616307
38.710104 -121.615600
38.710791 -121.614697
38.711408 -121.613937
38.712205 -121.612941
38.712779 -121.612338
38.712993 -121.612113
38.713521 -121.611471
38.714070 -121.610893
38.714588 -121.610416
38.714800 -121.610221
38.715299 -121.609721
38.715619 -121.609405
38.716040 -121.609075
38.716691 -121.608585
38.717412 -121.608068
38.717943 -121.607696
38.718385 -121.607417
38.718626 -121.607283
38.718787 -121.607267
38.719410 -121.606984
38.720125 -121.606764
38.720518 -121.606692
38.721014 -121.606695
38.721305 -121.606586
38.721609 -121.606606
38.722234 -121.606529
38.722294 -121.606524
38.723022 -121.606463
38.724314 -121.606386
38.725475 -121.606260
38.725900 -121.606265
38.726476 -121.606292
38.727216 -121.606458
38.727529 -121.606478
38.728003 -121.606392
38.728607 -121.606199
38.729202 -121.606059
38.729791 -121.605872
38.730027 -121.605797
38.730572 -121.605709
38.731016 -121.605662
38.731895 -121.605606
38.732651 -121.605463
38.733396 -121.605280
38.733870 -121.605181
38.734425 -121.605054
38.735060 -121.604925
38.735995 -121.604572
38.737010 -121.604205
38.737052 -121.604190
38.737606 -121.604024
38.738541 -121.603671
38.739336 -121.603358
38.740161 -121.603020
38.740885 -121.602773
38.741921 -121.602340
38.743095 -121.601659
38.743908 -121.601179
38.744104 -121.601047
38.744910 -121.600501
38.745742 -121.599879
38.746502 -121.599244
38.747033 -121.598885
38.747593 -121.598397
38.748996 -121.597376
38.749228 -121.597320
38.750050 -121.596762
38.750884 -121.596371
38.752472 -121.595630
38.753628 -121.595169
38.754142 -121.594991
38.754523 -121.594803
38.755107 -121.594636
38.755904 -121.594505
38.756108 -121.594459
38.756600 -121.594349
38.756842 -121.594357
38.756955 -121.594343
38.757599 -121.594265
38.758366 -121.594185
38.758781 -121.594203
38.759427 -121.594164
38.759791 -121.594183
38.760670 -121.594205
38.761156 -121.594272
38.761977 -121.594463
38.762782 -121.594709
38.762890 -121.594742
38.763418 -121.594951
38.764170 -121.595259
38.764952 -121.595618
38.765178 -121.595725
38.765603 -121.595928
38.766284 -121.596276
38.766720 -121.596409
38.766975 -121.596572
38.767849 -121.597045
38.768918 -121.597644
38.769437 -121.597995
38.770070 -121.598486
38.770268 -121.598641
38.770876 -121.599116
38.771141 -121.599330
38.771844 -121.599807
38.772526 -121.600233
38.773178 -121.600659
38.773515 -121.600936
38.773954 -121.601302
38.774271 -121.601632
38.774660 -121.602037
38.775294 -121.602709
38.775452 -121.602871
38.776021 -121.603456
38.776636 -121.604180
38.777148 -121.604803
38.777581 -121.605453
38.777900 -121.605989
38.778252 -121.606628
38.778492 -121.607190
38.778553 -121.607332
38.778658 -121.607627
38.778832 -121.607869
38.778965 -121.608050
38.779027 -121.608136
38.779016 -121.608250
38.778970 -121.608421
38.778944 -121.608744
38.779009 -121.609105
38.779359 -121.610544
38.779720 -121.611957
38.780122 -121.613498
38.780462 -121.614899
38.780917 -121.616659
38.781035 -121.617212
38.781216 -121.617881
38.781299 -121.618188
38.781606 -121.619370
38.781827 -121.620127
38.782125 -121.621322
38.782347 -121.622183
38.782474 -121.622960
38.782487 -121.623769
38.782914 -121.623530
38.783228 -121.623473
38.783505 -121.623619
38.783941 -121.623862
38.784217 -121.623882
38.784490 -121.623701
38.785501 -121.622904
38.787101 -121.620925
38.788622 -121.623415
38.789211 -121.623863
38.790493 -121.625044
38.791516 -121.626010
38.793181 -121.627577
38.795051 -121.629163
38.796522 -121.630296
38.797974 -121.631320
38.798579 -121.631703
38.799216 -121.631975
38.800508 -121.632433
38.801248 -121.632659
38.802004 -121.632842
38.804014 -121.633176
38.805818 -121.633492
38.807983 -121.633889
38.809255 -121.634106
38.809788 -121.634271
38.810287 -121.634393
38.811165 -121.634727
38.811889 -121.635020
38.812871 -121.635461
38.813767 -121.635839
38.814511 -121.636373
38.815929 -121.637419
38.816967 -121.638189
38.817227 -121.638469
38.817901 -121.638916
38.818920 -121.639554
38.819851 -121.639975
38.820453 -121.640182
38.821140 -121.640213
38.822014 -121.640219
38.822802 -121.640160
38.823384 -121.640083
38.824135 -121.639784
38.825142 -121.639392
38.826607 -121.638575
38.827970 -121.637847
38.829658 -121.636960
38.831242 -121.636119
38.832095 -121.635686
38.833918 -121.634753
38.835590 -121.634041
38.836838 -121.633667
38.839538 -121.632891
38.841708 -121.632280
38.843177 -121.631835
38.844715 -121.631367
38.848448 -121.630185
38.850788 -121.629438
38.852426 -121.628815
38.853518 -121.628355
38.854643 -121.627785
38.856637 -121.626738
38.857794 -121.625927
38.859221 -121.624847
38.860766 -121.623567
38.861904 -121.622602
38.863228 -121.621524
38.864350 -121.620712
38.865235 -121.620081
38.866681 -121.619198
38.867533 -121.618721
38.870037 -121.617335
38.871843 -121.616313
38.873256 -121.615518
38.874754 -121.614611
38.875571 -121.614069
38.876421 -121.613460
38.877732 -121.612711
38.879146 -121.611937
38.880103 -121.611612
38.880957 -121.611398
38.882395 -121.611216
38.882516 -121.611450
38.883209 -121.611321
38.883787 -121.611260
38.885104 -121.611712
38.885656 -121.611602
38.886243 -121.611278
38.886838 -121.610444
38.887669 -121.608947
38.888435 -121.607435
38.889227 -121.605938
38.890501 -121.603840
38.891265 -121.602147
38.891814 -121.600688
38.892387 -121.599147
38.893160 -121.597140
38.893800 -121.595828
38.894254 -121.594728
38.894768 -121.593503
38.894872 -121.593261
38.895247 -121.592386
38.895831 -121.590945
38.896287 -121.589921
38.896789 -121.588727
38.897290 -121.587680
38.897529 -121.587267
38.898002 -121.586643
38.898676 -121.585783
38.899527 -121.584583
38.900412 -121.583273
38.901321 -121.581964
38.901952 -121.581474
38.903108 -121.580621
38.904265 -121.579921
38.904607 -121.579407
38.904875 -121.578756
38.904911 -121.578682
38.905236 -121.578000
38.905690 -121.577089
38.906197 -121.576607
38.906862 -121.576020
38.907672 -121.575409
38.908596 -121.574960
38.909058 -121.574766
38.909634 -121.574693
38.910578 -121.574572
38.911230 -121.574230
38.911579 -121.573936
38.911910 -121.573438
38.912180 -121.573289
38.912562 -121.573096
38.913266 -121.572980
38.914193 -121.572797
38.914896 -121.572640
38.915390 -121.572425
38.915659 -121.572173
38.915942 -121.571716
38.916302 -121.571032
38.916791 -121.570366
38.917203 -121.570009
38.917569 -121.569817
38.918288 -121.569659
38.919376 -121.569576
38.920368 -121.569474
38.921153 -121.569417
38.923136 -121.569111
38.925006 -121.568786
38.926941 -121.568522
38.927470 -121.568491
38.928144 -121.568600
38.928930 -121.568687
38.929345 -121.568596
38.929902 -121.568278
38.930665 -121.567790
38.931207 -121.567513
38.931638 -121.567422
38.932247 -121.567410
38.933112 -121.567393
38.934809 -121.567358
38.935788 -121.567421
38.936301 -121.567513
38.937440 -121.567572
38.938932 -121.567747
38.941336 -121.567884
38.941512 -121.567839
38.942715 -121.567083
38.945564 -121.564992
38.947550 -121.563578
38.948932 -121.562627
38.950410 -121.561653
38.951169 -121.560858
38.951341 -121.560547
38.951556 -121.559783
38.951598 -121.559290
38.951530 -121.557691
38.951395 -121.555827
38.951386 -121.555088
38.951491 -121.554491
38.951836 -121.553889
38.952530 -121.553054
38.953145 -121.552241
38.953934 -121.551241
38.954468 -121.550388
38.954988 -121.549721
38.955871 -121.548554
38.956426 -121.548112
38.957015 -121.547833
38.958371 -121.547313
38.959090 -121.547155
38.960704 -121.546855
38.961455 -121.546696
38.962124 -121.546354
38.963125 -121.545677
38.964991 -121.544594
38.965724 -121.544251
38.966713 -121.543902
38.967448 -121.543723
38.968248 -121.543666
38.969031 -121.543654
38.969404 -121.543552
38.969487 -121.542799
38.969482 -121.542389
38.969549 -121.541341
38.969688 -121.539634
38.969750 -121.538217
38.969196 -121.537490
38.968595 -121.536784
38.967908 -121.535731
38.967226 -121.534944
38.966334 -121.534101
38.965057 -121.534497
38.963820 -121.535446
38.963645 -121.535572
38.963452 -121.535494
38.963044 -121.534928
38.962467 -121.533647
38.961822 -121.531998
38.961424 -121.529667
38.961433 -121.529154
38.961588 -121.528679
38.961996 -121.527993
38.962373 -121.527452
38.962675 -121.527281
38.962753 -121.527054
38.962781 -121.526787
38.962803 -121.525986
38.962840 -121.525103
38.963107 -121.523435
38.963443 -121.522115
38.963654 -121.521023
38.963802 -121.520096
38.963838 -121.519152
38.963793 -121.518085
38.963667 -121.517000
38.963538 -121.515478
38.963250 -121.514663
38.962769 -121.513825
38.962313 -121.513260
38.961884 -121.513077
38.961411 -121.512868
38.961047 -121.512766
38.960788 -121.512580
38.960247 -121.511990
38.959726 -121.511344
38.959352 -121.510558
38.959260 -121.509986
38.959269 -121.509055
38.959326 -121.508480
38.959378 -121.507548
38.959274 -121.506073
38.958827 -121.504523
38.958222 -121.502347
38.957877 -121.500412
38.957662 -121.498638
38.957610 -121.496313
38.957820 -121.494367
38.957921 -121.492729
38.957926 -121.492641
38.957933 -121.491491
38.957728 -121.490566
38.957133 -121.489128
38.956224 -121.488190
38.955662 -121.487782
38.955257 -121.487317
38.954876 -121.486450
38.954713 -121.484884
38.954775 -121.483096
38.954734 -121.482112
38.954559 -121.480989
38.954547 -121.480912
38.954240 -121.479168
38.954100 -121.477362
38.954034 -121.476509
38.953953 -121.472462
38.954333 -121.468879
38.954834 -121.463616
38.955904 -121.460565
38.956669 -121.458068
38.957509 -121.454876
38.958458 -121.451244
38.959187 -121.448201
38.959728 -121.446110
38.960408 -121.443687
38.961006 -121.441522
38.961117 -121.439221
38.960574 -121.436935
38.959480 -121.433894
38.957400 -121.429599
38.955530 -121.426102
38.955256 -121.424795
38.955114 -121.422719
38.955145 -121.420822
38.955405 -121.418956
38.955676 -121.418612
38.956049 -121.418139
38.956665 -121.417396
38.956997 -121.416695
38.956990 -121.416148
38.956898 -121.415640
38.956295 -121.415325
38.955522 -121.414977
38.955478 -121.414970
38.954751 -121.414848
38.953695 -121.414726
38.952409 -121.414353
38.951318 -121.413721
38.950536 -121.412754
38.949796 -121.411069
38.949536 -121.410478
38.948882 -121.408450
38.948544 -121.406634
38.948257 -121.404416
38.948189 -121.402248
38.948156 -121.401208
38.948220 -121.399222
38.948256 -121.398106
38.948299 -121.397084
38.948202 -121.396211
38.947738 -121.395637
38.946778 -121.394451
38.946521 -121.394133
38.945815 -121.392508
38.945417 -121.390474
38.945218 -121.388400
38.945121 -121.385557
38.945031 -121.385195
38.944739 -121.384691
38.944268 -121.383607
38.943729 -121.381687
38.943526 -121.379866
38.943436 -121.379067
38.943208 -121.376957
38.942601 -121.374272
38.941963 -121.372181
38.940770 -121.369391
38.940524 -121.368576
38.940364 -121.367814
38.940311 -121.367076
38.940264 -121.366619
38.940242 -121.366169
38.940175 -121.365944
38.939863 -121.365439
38.939600 -121.364932
38.939324 -121.364672
38.938955 -121.364639
38.937556 -121.364222
38.937242 -121.363591
38.937059 -121.363103
38.936824 -121.362329
38.936770 -121.361920
38.936828 -121.361488
38.936982 -121.361074
38.937072 -121.360621
38.937173 -121.360224
38.937209 -121.360084
38.937283 -121.359693
38.937296 -121.359467
38.937260 -121.359139
38.937159 -121.358834
38.937135 -121.358704
38.937133 -121.358494
38.937064 -121.358075
38.936933 -121.357864
38.936609 -121.357801
38.936282 -121.357766
38.935908 -121.357612
38.935748 -121.357446
38.935681 -121.356955
38.935639 -121.356556
38.935605 -121.355849
38.935731 -121.355416
38.936093 -121.354684
38.936278 -121.354172
38.936393 -121.353770
38.936649 -121.352997
38.936922 -121.352927
38.937389 -121.352839
38.938232 -121.352958
38.939188 -121.353413
38.939969 -121.353891
38.940133 -121.353991
38.940896 -121.354435
38.941248 -121.354658
38.941500 -121.354636
38.941655 -121.354540
38.941964 -121.354302
38.942463 -121.353906
38.942652 -121.353702
38.942708 -121.353439
38.942731 -121.353215
38.942655 -121.352963
38.942641 -121.352594
38.942644 -121.352144
38.942631 -121.351868
38.942600 -121.351714
38.942582 -121.351626
38.942560 -121.351338
38.942630 -121.351152
38.942755 -121.351103
38.942926 -121.351076
38.943079 -121.351061
38.943216 -121.351069
38.943431 -121.351111
38.943530 -121.351085
38.943643 -121.350829
38.943740 -121.350642
38.943881 -121.350396
38.944075 -121.350126
38.944142 -121.349993
38.944098 -121.349814
38.944030 -121.349470
38.944037 -121.349319
38.944142 -121.349132
38.944239 -121.349015
38.944308 -121.348759
38.944324 -121.348609
38.944377 -121.348550
38.944458 -121.348548
38.944585 -121.348580
38.944703 -121.348635
38.944884 -121.348711
38.945190 -121.348749
38.945461 -121.348744
38.945694 -121.348658
38.945838 -121.348631
38.945953 -121.348479
38.946069 -121.348384
38.946257 -121.348322
38.946401 -121.348318
38.946554 -121.348246
38.946695 -121.348058
38.946782 -121.347859
38.946993 -121.347462
38.947026 -121.347254
38.947050 -121.347057
38.947019 -121.346723
38.946975 -121.346450
38.946969 -121.346413
38.946953 -121.345905
38.946947 -121.345513
38.946960 -121.345097
38.947039 -121.344945
38.947363 -121.344938
38.947724 -121.344964
38.948176 -121.345069
38.948466 -121.345178
38.948729 -121.345232
38.948818 -121.345250
38.949079 -121.345244
38.949502 -121.345154
38.949590 -121.345067
38.949742 -121.344917
38.949926 -121.344578
38.950066 -121.344286
38.950203 -121.343852
38.950244 -121.343749
38.950435 -121.343278
38.950407 -121.343017
38.950440 -121.342770
38.950601 -121.342304
38.950656 -121.341903
38.950698 -121.341517
38.950730 -121.341240
38.950751 -121.340993
38.950851 -121.340406
38.950976 -121.339941
38.951125 -121.339461
38.951208 -121.339320
38.951263 -121.338965
38.951259 -121.338688
38.951182 -121.338336
38.951028 -121.337709
38.951059 -121.337323
38.951006 -121.337002
38.950908 -121.336786
38.950783 -121.336514
38.950634 -121.336149
38.950605 -121.335811
38.950624 -121.335441
38.950717 -121.335254
38.950920 -121.335126
38.951159 -121.335059
38.951408 -121.334853
38.951718 -121.334692
38.952290 -121.334356
38.952493 -121.334274
38.952756 -121.334175
38.953045 -121.334169
38.953200 -121.334209
38.953262 -121.334225
38.953525 -121.334173
38.953705 -121.334107
38.953943 -121.333978
38.954202 -121.333603
38.954259 -121.333503
38.954460 -121.333151
38.954731 -121.332760
38.955016 -121.332522
38.955363 -121.332422
38.955721 -121.332335
38.955854 -121.332302
38.956286 -121.332292
38.956516 -121.332410
38.956747 -121.332605
38.957051 -121.332874
38.957318 -121.333038
38.957523 -121.333079
38.957568 -121.332847
38.957597 -121.332369
38.957652 -121.331999
38.957707 -121.331659
38.957818 -121.331056
38.957826 -121.330763
38.957728 -121.330596
38.957435 -121.330296
38.957252 -121.330069
38.956979 -121.329521
38.956961 -121.329474
38.956879 -121.329262
38.956970 -121.328860
38.957183 -121.328639
38.957203 -121.328331
38.957224 -121.328131
38.957243 -121.327807
38.957287 -121.327498
38.957270 -121.327175
38.957283 -121.326375
38.957371 -121.325819
38.957436 -121.325340
38.957528 -121.325015
38.957838 -121.323906
38.958275 -121.323610
38.958607 -121.323279
38.958806 -121.323001
38.958953 -121.322796
38.959116 -121.322426
38.959366 -121.322204
38.959707 -121.322153
38.959870 -121.322149
38.960122 -121.322143
38.960272 -121.322032
38.960371 -121.321879
38.960467 -121.321448
38.960482 -121.321380
38.960576 -121.320947
38.960791 -121.320683
38.961406 -121.320086
38.961985 -121.319426
38.962432 -121.318919
38.962829 -121.318414
38.963159 -121.317954
38.963474 -121.317623
38.963758 -121.317487
38.964461 -121.317211
38.965178 -121.316698
38.965875 -121.315992
38.966287 -121.315379
38.966994 -121.314219
38.967438 -121.313497
38.968037 -121.313008
38.968623 -121.312822
38.969110 -121.312767
38.969632 -121.312755
38.970003 -121.312789
38.970205 -121.312784
38.970250 -121.312438
38.970312 -121.312070
38.970358 -121.311767
38.970348 -121.311034
38.970338 -121.310345
38.970468 -121.310040
38.970970 -121.309855
38.971606 -121.309581
38.972127 -121.309526
38.972498 -121.309603
38.972871 -121.309745
38.973106 -121.309740
38.973509 -121.309644
38.973792 -121.309422
38.974087 -121.308854
38.974333 -121.308438
38.974717 -121.308235
38.975071 -121.308227
38.975876 -121.308078
38.976531 -121.307955
38.976915 -121.307752
38.977117 -121.307725
38.977451 -121.307566
38.977652 -121.307454
38.977985 -121.307230
38.978751 -121.306673
38.979117 -121.306341
38.979379 -121.305860
38.979922 -121.305027
38.980302 -121.304479
38.980566 -121.304128
38.980799 -121.303928
38.981269 -121.303874
38.981841 -121.303860
38.982448 -121.303889
38.983171 -121.303893
38.984014 -121.303938
38.984317 -121.303931
38.984667 -121.303685
38.984933 -121.303463
38.985201 -121.303370
38.985478 -121.303186
38.985601 -121.302972
38.985685 -121.302647
38.985808 -121.302466
38.986008 -121.302332
38.986336 -121.302292
38.986563 -121.302319
38.986919 -121.302456
38.987374 -121.302477
38.987512 -121.302425
38.987673 -121.302244
38.988011 -121.302025
38.988224 -121.301923
38.988538 -121.301835
38.988776 -121.301683
38.988887 -121.301519
38.989022 -121.301257
38.989144 -121.300914
38.989253 -121.300653
38.989306 -121.299956
38.989376 -121.299534
38.989508 -121.299094
38.989681 -121.298782
38.989953 -121.298436
38.990354 -121.298200
38.990706 -121.298095
38.990933 -121.298105
38.991250 -121.298211
38.991618 -121.298332
38.991782 -121.298295
38.991970 -121.298210
38.992272 -121.298138
38.992575 -121.298115
38.992726 -121.298111
38.992900 -121.297945
38.993187 -121.297679
38.993475 -121.297511
38.993915 -121.297371
38.994404 -121.297181
38.994817 -121.296961
38.995016 -121.296730
38.995463 -121.296217
38.995736 -121.295871
38.996083 -121.295426
38.996233 -121.295309
38.996396 -121.295240
38.996622 -121.295154
38.996809 -121.295004
38.997060 -121.294885
38.997308 -121.294636
38.997558 -121.294468
38.997884 -121.294299
38.998161 -121.294211
38.998400 -121.294157
38.998754 -121.294181
38.999094 -121.294173
38.999410 -121.294181
38.999738 -121.294189
39.000206 -121.294194
39.000585 -121.294218
39.001102 -121.294205
39.001314 -121.294055
39.001476 -121.293873
39.001548 -121.293791
39.001737 -121.293575
39.001972 -121.293246
39.002094 -121.292984
39.002153 -121.292692
39.002142 -121.292503
39.002136 -121.292385
39.002132 -121.292093
39.002304 -121.291814
39.002553 -121.291533
39.002640 -121.291425
39.002887 -121.291121
39.003136 -121.290823
39.003282 -121.290464
39.003353 -121.290139
39.003412 -121.289878
39.003423 -121.289731
39.003444 -121.289441
39.003587 -121.288871
39.003809 -121.288542
39.004015 -121.288449
39.004110 -121.288405
39.004287 -121.288401
39.004539 -121.288395
39.004754 -121.288438
39.005121 -121.288494
39.005388 -121.288617
39.005642 -121.288692
39.005970 -121.288684
39.006248 -121.288694
39.006438 -121.288786
39.006668 -121.288942
39.006873 -121.289115
39.006949 -121.289162
39.007161 -121.288979
39.007632 -121.288401
39.007915 -121.287909
39.008277 -121.287609
39.008667 -121.287503
39.009121 -121.287476
39.009291 -121.287358
39.009538 -121.287153
39.009562 -121.287133
39.009705 -121.287142
39.009847 -121.287199
39.009949 -121.287281
39.010097 -121.287399
39.010488 -121.287645
39.010793 -121.287873
39.010826 -121.287564
39.010860 -121.287239
39.010776 -121.286724
39.010570 -121.286127
39.010341 -121.285456
39.010170 -121.284991
