Aliso-San_Onofre
33.716744 -117.524370
33.716649 -117.523706
33.716602 -117.523374
33.716538 -117.523185
33.716474 -117.522996
33.716530 -117.522828
33.716584 -117.522564
33.716557 -117.522207
33.716507 -117.521780
33.716524 -117.521132
33.716052 -117.520552
33.715446 -117.520166
33.715156 -117.520069
33.714924 -117.519992
33.714528 -117.519836
33.714361 -117.519771
33.714000 -117.519639
33.713636 -117.519412
33.713555 -117.519379
33.713475 -117.519346
33.713436 -117.519262
33.713245 -117.518853
33.713156 -117.518731
33.712937 -117.518433
33.712550 -117.518040
33.712284 -117.517739
33.711897 -117.517370
33.711613 -117.517140
33.711389 -117.516885
33.711219 -117.516438
33.710907 -117.515828
33.710829 -117.515173
33.710881 -117.514704
33.710796 -117.514402
33.710653 -117.514215
33.710488 -117.513913
33.710479 -117.513588
33.710475 -117.513387
33.710386 -117.512984
33.710215 -117.512442
33.709989 -117.512139
33.709814 -117.511430
33.709479 -117.510678
33.709475 -117.510487
33.709549 -117.510246
33.709696 -117.509694
33.709703 -117.509302
33.709705 -117.509169
33.709540 -117.508912
33.709236 -117.508683
33.708492 -117.508397
33.708167 -117.508340
33.708032 -117.508316
33.707629 -117.508114
33.707326 -117.507909
33.707260 -117.507649
33.706993 -117.507346
33.706953 -117.507301
33.706908 -117.507267
33.706650 -117.507073
33.706488 -117.506821
33.706573 -117.506588
33.706617 -117.506478
33.706674 -117.506379
33.706744 -117.505947
33.706939 -117.505727
33.707366 -117.505213
33.707642 -117.505085
33.707836 -117.504841
33.707988 -117.504502
33.708235 -117.503946
33.708369 -117.502820
33.708361 -117.502441
33.708354 -117.502334
33.708331 -117.501989
33.708121 -117.501495
33.707811 -117.500981
33.707755 -117.500873
33.707693 -117.500754
33.707665 -117.500700
33.707658 -117.500390
33.707531 -117.500060
33.707385 -117.499731
33.707241 -117.499545
33.706974 -117.499172
33.706710 -117.498804
33.706630 -117.498747
33.706343 -117.498551
33.705701 -117.498402
33.705480 -117.498314
33.705240 -117.498250
33.704897 -117.498094
33.704515 -117.497916
33.704051 -117.497692
33.703911 -117.497672
33.703819 -117.497580
33.703728 -117.497488
33.703659 -117.497396
33.703605 -117.497325
33.703551 -117.497170
33.703487 -117.497014
33.703197 -117.496902
33.703157 -117.496886
33.703019 -117.496916
33.702899 -117.496942
33.702796 -117.496802
33.702626 -117.496331
33.702360 -117.495982
33.702294 -117.495722
33.702428 -117.495479
33.702658 -117.495067
33.702815 -117.494769
33.702926 -117.494558
33.703015 -117.494079
33.703011 -117.493874
33.703001 -117.493460
33.703094 -117.493123
33.703113 -117.493080
33.703246 -117.492785
33.703395 -117.492351
33.703446 -117.491921
33.703591 -117.491296
33.703585 -117.491011
33.703576 -117.490606
33.703688 -117.490269
33.703903 -117.490071
33.703957 -117.489807
33.703850 -117.489477
33.703717 -117.488862
33.703664 -117.488646
33.703607 -117.488413
33.703595 -117.487865
33.703684 -117.487409
33.703784 -117.487214
33.703856 -117.487070
33.703887 -117.486640
33.703831 -117.485927
33.703620 -117.485386
33.703608 -117.485350
33.703364 -117.484631
33.703063 -117.483640
33.702702 -117.482627
33.702547 -117.481941
33.702751 -117.481291
33.703021 -117.480853
33.703056 -117.480810
33.703195 -117.480634
33.703211 -117.480466
33.703164 -117.480134
33.703126 -117.480046
33.702870 -117.479452
33.702634 -117.477759
33.702609 -117.477578
33.702592 -117.477519
33.702501 -117.477200
33.702334 -117.476848
33.702241 -117.476255
33.702233 -117.476155
33.702213 -117.475875
33.702248 -117.475683
33.701989 -117.475692
33.701696 -117.475715
33.701492 -117.475731
33.701280 -117.475624
33.701118 -117.475510
33.700938 -117.475468
33.700839 -117.475447
33.700638 -117.475406
33.700386 -117.475414
33.700239 -117.475418
33.699821 -117.475432
33.699367 -117.475637
33.699193 -117.475551
33.699157 -117.475482
33.699081 -117.475312
33.698975 -117.475030
33.698907 -117.474931
33.698831 -117.474820
33.698730 -117.474728
33.698307 -117.474551
33.697506 -117.474386
33.697344 -117.474269
33.697358 -117.474009
33.697355 -117.473842
33.697348 -117.473533
33.697265 -117.473393
33.697262 -117.473362
33.697214 -117.472918
33.697244 -117.472440
33.697088 -117.471730
33.696996 -117.471634
33.696844 -117.471476
33.696506 -117.471196
33.696234 -117.470971
33.695750 -117.470677
33.695607 -117.470451
33.695440 -117.470187
33.695111 -117.469744
33.695024 -117.469610
33.694616 -117.468974
33.694321 -117.468268
33.694170 -117.467773
33.693753 -117.466952
33.693554 -117.466077
33.693423 -117.465557
33.693112 -117.465019
33.692909 -117.464859
33.692567 -117.464679
33.692261 -117.464500
33.692142 -117.464431
33.691904 -117.464462
33.691669 -117.464636
33.691537 -117.464930
33.691517 -117.464975
33.691474 -117.465015
33.691361 -117.465123
33.691238 -117.465127
33.691142 -117.465130
33.690978 -117.464921
33.690859 -117.464538
33.690854 -117.464299
33.690850 -117.464134
33.690847 -117.463968
33.690842 -117.463753
33.690697 -117.463519
33.690552 -117.463262
33.690266 -117.462961
33.690002 -117.462731
33.689970 -117.462692
33.689776 -117.462453
33.689572 -117.462221
33.689490 -117.462128
33.689189 -117.462019
33.688946 -117.461860
33.688565 -117.461729
33.688378 -117.461538
33.688359 -117.461500
33.688193 -117.461169
33.688087 -117.460886
33.688020 -117.460555
33.687722 -117.459707
33.687495 -117.459357
33.687200 -117.458628
33.687017 -117.458241
33.686707 -117.457976
33.686330 -117.457949
33.686248 -117.457944
33.685989 -117.457952
33.685788 -117.457887
33.685644 -117.457705
33.685604 -117.457654
33.685396 -117.457563
33.685100 -117.457432
33.684675 -117.456868
33.684392 -117.456412
33.684203 -117.456070
33.683763 -117.455196
33.683464 -117.454699
33.683128 -117.454822
33.682983 -117.454909
33.682718 -117.455069
33.682347 -117.455432
33.682138 -117.455921
33.681882 -117.456499
33.681347 -117.457159
33.681116 -117.457382
33.681096 -117.457401
33.680706 -117.457457
33.680471 -117.457333
33.680087 -117.457126
33.680057 -117.457119
33.679141 -117.456908
33.678674 -117.456880
33.678108 -117.456887
33.677654 -117.457073
33.677404 -117.457274
33.677353 -117.457657
33.677520 -117.458183
33.677633 -117.458601
33.677491 -117.458715
33.677303 -117.458867
33.677009 -117.458966
33.676588 -117.459087
33.675951 -117.459085
33.675133 -117.459141
33.674857 -117.459214
33.674489 -117.459226
33.674140 -117.459237
33.674108 -117.459248
33.673745 -117.459369
33.673364 -117.459274
33.672943 -117.459180
33.672122 -117.459170
33.671901 -117.458923
33.671709 -117.458535
33.671695 -117.458495
33.671604 -117.458231
33.671585 -117.458194
33.671245 -117.457519
33.671118 -117.457268
33.670881 -117.457071
33.670514 -117.457068
33.670230 -117.456902
33.670151 -117.456826
33.670067 -117.456746
33.669940 -117.456502
33.669936 -117.456356
33.669944 -117.456137
33.669970 -117.455951
33.670007 -117.455696
33.670002 -117.455492
33.669971 -117.455311
33.669946 -117.455172
33.669951 -117.454849
33.669981 -117.454556
33.670012 -117.454277
33.670091 -117.453983
33.670219 -117.453730
33.670609 -117.453119
33.671014 -117.452097
33.671081 -117.451757
33.671113 -117.451598
33.671118 -117.451276
33.671051 -117.451030
33.670875 -117.450623
33.670868 -117.449969
33.670834 -117.449517
33.670638 -117.448968
33.670521 -117.448780
33.670350 -117.448506
33.670308 -117.448438
33.670157 -117.448253
33.670074 -117.448191
33.669784 -117.447973
33.669609 -117.447789
33.669544 -117.447615
33.669512 -117.447281
33.669432 -117.446991
33.669425 -117.446684
33.669393 -117.446349
33.669339 -117.446117
33.669420 -117.445925
33.669459 -117.445485
33.669438 -117.445062
33.669335 -117.444846
33.669330 -117.444627
33.669373 -117.444377
33.669621 -117.443853
33.669653 -117.443784
33.669660 -117.443738
33.669727 -117.443270
33.669760 -117.443093
33.669782 -117.442976
33.669715 -117.442745
33.669313 -117.442772
33.668931 -117.442668
33.668596 -117.442459
33.668331 -117.442088
33.668227 -117.441950
33.668029 -117.441689
33.667594 -117.441352
33.667306 -117.441055
33.667046 -117.440931
33.667018 -117.440924
33.666795 -117.440869
33.666626 -117.440711
33.666288 -117.440372
33.666004 -117.440249
33.665924 -117.440177
33.665862 -117.440121
33.665817 -117.440080
33.665703 -117.439877
33.665575 -117.439649
33.665515 -117.439365
33.665493 -117.439258
33.665609 -117.439005
33.665746 -117.438707
33.665807 -117.438575
33.665859 -117.438165
33.665875 -117.437808
33.665868 -117.437752
33.665831 -117.437458
33.665604 -117.436604
33.665535 -117.436270
33.665340 -117.435750
33.665086 -117.435320
33.664968 -117.435003
33.664753 -117.434644
33.664658 -117.434253
33.664534 -117.433614
33.664392 -117.433297
33.664074 -117.432738
33.663927 -117.432464
33.663844 -117.432307
33.663618 -117.432146
33.663198 -117.431846
33.662676 -117.431468
33.662436 -117.431140
33.662456 -117.430964
33.662684 -117.430767
33.663007 -117.430464
33.663244 -117.430106
33.663270 -117.429696
33.663248 -117.429602
33.663165 -117.429319
33.663014 -117.429120
33.662863 -117.428394
33.662710 -117.427581
33.662507 -117.427252
33.662463 -117.426932
33.662475 -117.426376
33.662612 -117.425948
33.662775 -117.425621
33.662866 -117.425430
33.663021 -117.425104
33.663044 -117.425056
33.663134 -117.424985
33.663296 -117.424858
33.663516 -117.424851
33.663711 -117.424859
33.664051 -117.424191
33.664120 -117.424013
33.664128 -117.423892
33.664147 -117.423603
33.664136 -117.423432
33.664129 -117.423326
33.664084 -117.423165
33.664049 -117.423037
33.663931 -117.422690
33.663825 -117.422313
33.663831 -117.422065
33.663927 -117.421640
33.663965 -117.421476
33.664166 -117.420874
33.664530 -117.419982
33.664690 -117.419524
33.664696 -117.419261
33.664663 -117.419240
33.664498 -117.419136
33.664057 -117.419106
33.663688 -117.419016
33.663115 -117.418538
33.662952 -117.418368
33.662707 -117.417777
33.662515 -117.417277
33.662148 -117.416320
33.662133 -117.416279
33.661927 -117.415728
33.661739 -117.415559
33.661554 -117.415492
33.661116 -117.415579
33.660941 -117.415380
33.660849 -117.415135
33.660797 -117.414961
33.660619 -117.414675
33.660383 -117.414522
33.660239 -117.414233
33.660160 -117.413872
33.660090 -117.413465
33.660010 -117.413378
33.659827 -117.413181
33.659345 -117.412949
33.659000 -117.412828
33.658552 -117.412475
33.658373 -117.412159
33.658307 -117.412012
33.658251 -117.411887
33.658206 -117.411785
33.658098 -117.411365
33.658002 -117.410900
33.657899 -117.410655
33.657573 -117.410263
33.657120 -117.409746
33.656948 -117.409414
33.656890 -117.409301
33.656597 -117.409310
33.656161 -117.409384
33.655550 -117.409491
33.654641 -117.409330
33.653940 -117.409119
33.653642 -117.408939
33.653550 -117.408650
33.653578 -117.408208
33.653651 -117.407862
33.653715 -117.407563
33.653716 -117.407281
33.653684 -117.406776
33.653561 -117.406535
33.653365 -117.406150
33.653114 -117.405604
33.652895 -117.405442
33.652643 -117.405239
33.652375 -117.404875
33.652004 -117.404813
33.651683 -117.404811
33.651330 -117.404588
33.650842 -117.404162
33.650557 -117.403717
33.650365 -117.403540
33.650271 -117.403453
33.649917 -117.403371
33.649589 -117.403317
33.649376 -117.403090
33.649163 -117.402834
33.649085 -117.402632
33.649091 -117.402383
33.649135 -117.402148
33.649231 -117.401833
33.649153 -117.401588
33.648688 -117.401315
33.648343 -117.400941
33.648189 -117.400673
33.647855 -117.400446
33.647679 -117.400247
33.647476 -117.399933
33.647153 -117.399710
33.646540 -117.399087
33.646142 -117.398779
33.645793 -117.398483
33.645654 -117.398327
33.645404 -117.398087
33.645227 -117.397815
33.645185 -117.397569
33.645348 -117.397242
33.645486 -117.396858
33.645506 -117.396112
33.645520 -117.395800
33.645381 -117.395488
33.645256 -117.395346
33.645107 -117.395234
33.645042 -117.395090
33.644989 -117.394888
33.644805 -117.394631
33.644540 -117.394230
33.644358 -117.393783
33.644217 -117.392985
33.644110 -117.392485
33.644092 -117.392332
33.643983 -117.392241
33.643905 -117.392177
33.643744 -117.391835
33.643696 -117.391731
33.643648 -117.391631
33.643520 -117.391357
33.643388 -117.391335
33.643299 -117.391321
33.642920 -117.391347
33.642506 -117.391391
33.642361 -117.391454
33.642226 -117.391458
33.642042 -117.391336
33.641953 -117.391277
33.641727 -117.390993
33.641536 -117.390692
33.641397 -117.390508
33.641309 -117.390393
33.641149 -117.390311
33.641079 -117.390292
33.640657 -117.390181
33.640628 -117.390149
33.640516 -117.390021
33.640456 -117.389954
33.640415 -117.389780
33.640362 -117.389313
33.640354 -117.389241
33.640226 -117.388997
33.640056 -117.388785
33.639880 -117.388848
33.639073 -117.388831
33.638802 -117.388737
33.638638 -117.388509
33.638517 -117.388046
33.638336 -117.387614
33.637966 -117.386954
33.637097 -117.386189
33.636536 -117.385906
33.635513 -117.385560
33.634654 -117.385398
33.634227 -117.385441
33.633885 -117.385453
33.633797 -117.385368
33.633817 -117.385163
33.633921 -117.384897
33.633902 -117.384605
33.633645 -117.384048
33.633641 -117.383642
33.633637 -117.383187
33.633684 -117.382593
33.633832 -117.382114
33.634119 -117.381842
33.634518 -117.381639
33.634798 -117.381450
33.634903 -117.381378
33.634974 -117.381273
33.634918 -117.381176
33.634809 -117.380987
33.634643 -117.380700
33.634428 -117.380401
33.634301 -117.380200
33.633967 -117.380007
33.633731 -117.379869
33.633602 -117.379672
33.633544 -117.379413
33.633537 -117.379379
33.633542 -117.379072
33.633510 -117.378766
33.633063 -117.377934
33.632388 -117.376773
33.632082 -117.376214
33.631929 -117.376064
33.631794 -117.375931
33.631171 -117.375937
33.630671 -117.375983
33.630308 -117.376156
33.630156 -117.376201
33.630089 -117.376221
33.629978 -117.376152
33.629822 -117.375748
33.629525 -117.375072
33.629192 -117.373900
33.628960 -117.373382
33.628719 -117.373025
33.628713 -117.372733
33.628820 -117.372101
33.629094 -117.371260
33.629028 -117.371058
33.628853 -117.370888
33.628531 -117.370709
33.628315 -117.370366
33.627803 -117.369872
33.627383 -117.369455
33.627290 -117.369363
33.626600 -117.368939
33.626453 -117.368849
33.626378 -117.368742
33.626355 -117.368710
33.626263 -117.368578
33.626298 -117.368007
33.626325 -117.367583
33.626462 -117.366599
33.626575 -117.366216
33.626574 -117.366058
33.626432 -117.365841
33.626033 -117.365543
33.625909 -117.365450
33.625509 -117.365360
33.624742 -117.365211
33.624252 -117.365184
33.623884 -117.365123
33.623635 -117.364941
33.623557 -117.364739
33.623441 -117.364480
33.622995 -117.364232
33.621931 -117.363669
33.621447 -117.363349
33.620577 -117.362828
33.619575 -117.362229
33.619163 -117.361863
33.618928 -117.361783
33.618635 -117.361764
33.618475 -117.361740
33.618301 -117.361599
33.618061 -117.361389
33.617952 -117.361292
33.617393 -117.360929
33.617091 -117.360898
33.616424 -117.360829
33.615850 -117.360819
33.615301 -117.360882
33.615043 -117.361069
33.613474 -117.362213
33.613210 -117.362361
33.611797 -117.363159
33.611471 -117.363345
33.611330 -117.363598
33.611297 -117.363745
33.611180 -117.363997
33.610991 -117.364192
33.610663 -117.364335
33.608825 -117.364688
33.607969 -117.364824
33.606964 -117.364983
33.606376 -117.364840
33.605716 -117.364635
33.605447 -117.364538
33.605080 -117.364550
33.604731 -117.364781
33.604296 -117.364999
33.604274 -117.365016
33.603936 -117.365274
33.603636 -117.365503
33.603428 -117.365510
33.603045 -117.365347
33.602382 -117.364852
33.602368 -117.363761
33.602699 -117.362985
33.602816 -117.362197
33.602548 -117.361414
33.602282 -117.361042
33.601786 -117.360729
33.601283 -117.360305
33.601414 -117.360015
33.601441 -117.359480
33.601293 -117.358972
33.600921 -117.358105
33.600476 -117.357532
33.599809 -117.357300
33.599458 -117.357016
33.600624 -117.356148
33.600870 -117.355430
33.601094 -117.354931
33.601288 -117.354352
33.601427 -117.353703
33.601362 -117.352999
33.600867 -117.352314
33.600215 -117.351964
33.599523 -117.351667
33.599159 -117.351547
33.598959 -117.351185
33.599152 -117.350920
33.599380 -117.350545
33.599566 -117.350004
33.599618 -117.349602
33.599461 -117.348943
33.599511 -117.348736
33.599638 -117.347895
33.599821 -117.346844
33.600412 -117.345940
33.600928 -117.345315
33.601407 -117.344856
33.601914 -117.344305
33.602251 -117.343899
33.602443 -117.343604
33.602434 -117.343381
33.602371 -117.343346
33.602310 -117.343312
33.601807 -117.343256
33.601249 -117.342895
33.601031 -117.342464
33.600798 -117.341932
33.600730 -117.341613
33.600717 -117.341088
33.600660 -117.340710
33.600496 -117.340324
33.600144 -117.340095
33.599777 -117.340073
33.599434 -117.340055
33.599407 -117.340021
33.599194 -117.339742
33.599041 -117.339455
33.598981 -117.339005
33.598971 -117.338553
33.599067 -117.337965
33.599084 -117.337644
33.599076 -117.337337
33.598947 -117.337021
33.598566 -117.335909
33.598268 -117.335204
33.598123 -117.334591
33.598096 -117.333710
33.598215 -117.332263
33.598241 -117.331950
33.598326 -117.330925
33.598252 -117.330358
33.598256 -117.330022
33.598233 -117.329570
33.598395 -117.328660
33.598374 -117.328296
33.598290 -117.328154
33.598247 -117.328081
33.598035 -117.327884
33.597945 -117.327712
33.597976 -117.327477
33.598031 -117.327212
33.598042 -117.326656
33.597917 -117.326004
33.597919 -117.325056
33.598106 -117.324203
33.598383 -117.323506
33.598387 -117.323141
33.598454 -117.322365
33.598408 -117.321447
33.598396 -117.320440
33.598477 -117.320247
33.598595 -117.320039
33.598590 -117.319835
33.598561 -117.319631
33.598562 -117.319223
33.598562 -117.319164
33.598582 -117.319006
33.598596 -117.318900
33.598760 -117.318749
33.599105 -117.318709
33.599594 -117.318600
33.600265 -117.318547
33.600630 -117.318627
33.600911 -117.318494
33.600777 -117.318282
33.600513 -117.318075
33.600314 -117.317791
33.600260 -117.317218
33.600201 -117.316911
33.599819 -117.316197
33.599436 -117.316297
33.599241 -117.316428
33.599033 -117.316449
33.598840 -117.316651
33.598704 -117.316794
33.598612 -117.316894
33.598534 -117.316980
33.598196 -117.316977
33.597951 -117.316930
33.597829 -117.316712
33.597828 -117.316432
33.597762 -117.316339
33.597697 -117.316328
33.597505 -117.316293
33.597310 -117.316369
33.597110 -117.316278
33.596888 -117.316148
33.596419 -117.316079
33.596069 -117.316050
33.595728 -117.315867
33.595665 -117.315838
33.595560 -117.315790
33.595246 -117.315647
33.595009 -117.315461
33.594807 -117.315315
33.594472 -117.314896
33.594134 -117.314393
33.594058 -117.314118
33.593529 -117.313400
33.593504 -117.313372
33.593461 -117.313323
33.592944 -117.312740
33.592466 -117.312714
33.592004 -117.312855
33.591042 -117.312485
33.590690 -117.312344
33.590426 -117.312019
33.590343 -117.311925
33.590327 -117.311773
33.590312 -117.311621
33.590260 -117.311400
33.590152 -117.311265
33.589848 -117.310678
33.589600 -117.310020
33.589401 -117.309513
33.589201 -117.309409
33.589061 -117.309358
33.589032 -117.309137
33.589056 -117.308971
33.589082 -117.308788
33.588982 -117.308514
33.588652 -117.307752
33.588104 -117.307280
33.587688 -117.307083
33.587326 -117.307095
33.586678 -117.307055
33.586133 -117.307012
33.585796 -117.306992
33.585590 -117.306713
33.585638 -117.306367
33.585646 -117.306306
33.585660 -117.306211
33.585664 -117.305905
33.585687 -117.305405
33.585588 -117.305144
33.585451 -117.304997
33.585301 -117.304835
33.585080 -117.304842
33.584812 -117.304823
33.584522 -117.304833
33.584243 -117.304843
33.584022 -117.304850
33.583740 -117.304735
33.583528 -117.304603
33.583390 -117.304205
33.583380 -117.303761
33.583307 -117.303625
33.583188 -117.303504
33.583127 -117.303433
33.582913 -117.303180
33.582863 -117.303043
33.582664 -117.303008
33.582506 -117.303194
33.582468 -117.303242
33.582370 -117.303365
33.582074 -117.303416
33.581581 -117.303474
33.581095 -117.303520
33.580914 -117.303600
33.580657 -117.303715
33.580355 -117.303698
33.580282 -117.303688
33.580080 -117.303661
33.579846 -117.303635
33.579737 -117.303686
33.579687 -117.303970
33.579618 -117.304403
33.579596 -117.304542
33.579485 -117.305268
33.579237 -117.305610
33.578838 -117.305942
33.578456 -117.306156
33.578310 -117.306238
33.578188 -117.306492
33.578222 -117.306921
33.578161 -117.307798
33.578015 -117.308391
33.577880 -117.308870
33.577617 -117.309306
33.577526 -117.309458
33.577438 -117.309482
33.577128 -117.309568
33.577056 -117.309564
33.576836 -117.309550
33.576464 -117.309595
33.576287 -117.309786
33.576114 -117.310132
33.575810 -117.310389
33.575655 -117.310394
33.575345 -117.310405
33.574439 -117.310436
33.574020 -117.310610
33.573953 -117.310637
33.573766 -117.310935
33.573379 -117.311553
33.573078 -117.311778
33.572947 -117.311876
33.572328 -117.312646
33.572155 -117.313417
33.572040 -117.314238
33.571910 -117.314145
33.571766 -117.313942
33.571350 -117.313485
33.571288 -117.313417
33.570846 -117.313418
33.570171 -117.313307
33.570145 -117.313303
33.569944 -117.313157
33.569936 -117.312810
33.569732 -117.312068
33.569287 -117.311430
33.568375 -117.310615
33.567956 -117.310240
33.567830 -117.309856
33.567839 -117.309703
33.567767 -117.309636
33.567525 -117.309727
33.567341 -117.309992
33.567278 -117.310082
33.567013 -117.310202
33.566596 -117.310229
33.563665 -117.310417
33.562867 -117.310468
33.562168 -117.310408
33.561854 -117.310419
33.561575 -117.310414
33.561239 -117.310467
33.560997 -117.310545
33.560946 -117.310840
33.560938 -117.310991
33.560575 -117.310906
33.560324 -117.310759
33.560174 -117.310670
33.559856 -117.310514
33.559089 -117.310013
33.557616 -117.308230
33.557286 -117.307831
33.556663 -117.307047
33.556086 -117.306248
33.555790 -117.306050
33.555650 -117.306019
33.555346 -117.305954
33.555224 -117.305832
33.554798 -117.305403
33.554423 -117.305095
33.554182 -117.304952
33.554112 -117.304952
33.553880 -117.304949
33.553589 -117.304959
33.553333 -117.304954
33.552995 -117.304923
33.552751 -117.304904
33.552470 -117.304830
33.552154 -117.304758
33.551992 -117.304693
33.551833 -117.304684
33.550939 -117.304388
33.550694 -117.304223
33.550335 -117.304043
33.550194 -117.303802
33.550158 -117.303740
33.550131 -117.303341
33.550051 -117.302914
33.549957 -117.302676
33.549915 -117.302572
33.549592 -117.302308
33.549291 -117.301746
33.549190 -117.301400
33.549139 -117.301224
33.549144 -117.300905
33.549148 -117.300627
33.549133 -117.300597
33.548940 -117.300198
33.548609 -117.299974
33.548547 -117.299823
33.548549 -117.299772
33.548554 -117.299601
33.548546 -117.299296
33.548540 -117.299032
33.548452 -117.298744
33.548416 -117.298736
33.548346 -117.298720
33.548184 -117.298725
33.547781 -117.298905
33.547642 -117.298910
33.547510 -117.298776
33.547176 -117.298413
33.546934 -117.298018
33.546694 -117.297694
33.546054 -117.297346
33.545664 -117.297358
33.545305 -117.297491
33.545022 -117.297348
33.544993 -117.297243
33.544920 -117.296977
33.544755 -117.296386
33.544661 -117.296297
33.544458 -117.296104
33.543918 -117.295527
33.543628 -117.295480
33.543542 -117.295483
33.543454 -117.295486
33.543317 -117.295574
33.543254 -117.295714
33.543140 -117.295969
33.542972 -117.296252
33.542568 -117.297348
33.542105 -117.297919
33.541795 -117.298096
33.541296 -117.298141
33.540979 -117.298152
33.540754 -117.298301
33.540552 -117.298652
33.540244 -117.299032
33.540078 -117.299237
33.539909 -117.299451
33.539583 -117.299947
33.539456 -117.300726
33.539420 -117.300874
33.539188 -117.301193
33.539131 -117.301222
33.538844 -117.301371
33.538754 -117.301527
33.538761 -117.301790
33.538831 -117.302287
33.538883 -117.302528
33.538909 -117.302646
33.538855 -117.302814
33.538463 -117.302966
33.538334 -117.302901
33.537916 -117.302638
33.537390 -117.302350
33.537071 -117.302361
33.536925 -117.302366
33.536366 -117.302316
33.535281 -117.302200
33.534813 -117.302049
33.534657 -117.302014
33.534544 -117.301989
33.534346 -117.301996
33.534142 -117.302197
33.533954 -117.302600
33.533931 -117.302648
33.533671 -117.302934
33.533414 -117.302915
33.532953 -117.303070
33.532807 -117.303123
33.532492 -117.303238
33.531873 -117.303634
33.531716 -117.303875
33.531236 -117.304238
33.531077 -117.304410
33.530920 -117.304623
33.530721 -117.305074
33.530543 -117.305399
33.530269 -117.305631
33.529853 -117.305756
33.529650 -117.305852
33.529600 -117.305875
33.528956 -117.305689
33.528371 -117.305557
33.528018 -117.305530
33.527943 -117.305495
33.527668 -117.305466
33.527602 -117.305496
33.527204 -117.305639
33.527069 -117.305657
33.526805 -117.305692
33.526597 -117.305758
33.526216 -117.305879
33.526121 -117.306020
33.525890 -117.306362
33.525539 -117.306734
33.525434 -117.306758
33.525249 -117.306800
33.524848 -117.306928
33.524606 -117.307154
33.524595 -117.307192
33.524407 -117.307807
33.524986 -117.308208
33.526054 -117.308588
33.526285 -117.308772
33.526557 -117.309196
33.526900 -117.309448
33.527035 -117.309748
33.526998 -117.310083
33.526671 -117.310593
33.526288 -117.310606
33.525893 -117.310645
33.525858 -117.310648
33.525619 -117.310837
33.525609 -117.311406
33.525900 -117.313380
33.525781 -117.313569
33.525586 -117.313876
33.525267 -117.314137
33.524920 -117.314218
33.524593 -117.314173
33.524275 -117.314004
33.523993 -117.313780
33.523791 -117.313715
33.523619 -117.313804
33.523455 -117.314085
33.523429 -117.314129
33.522939 -117.314548
33.522296 -117.314903
33.521156 -117.315143
33.520957 -117.315080
33.520724 -117.315074
33.520098 -117.315137
33.519932 -117.315017
33.519610 -117.314695
33.519257 -117.314513
33.518586 -117.314675
33.518310 -117.314700
33.517890 -117.314740
33.517598 -117.314791
33.517403 -117.314826
33.517122 -117.314710
33.516851 -117.314594
33.516509 -117.314370
33.515849 -117.314004
33.515218 -117.313832
33.515170 -117.313819
33.515125 -117.313825
33.514742 -117.313877
33.514486 -117.313911
33.513710 -117.314298
33.513674 -117.314458
33.513626 -117.314676
33.513538 -117.314901
33.513161 -117.315191
33.513122 -117.315483
33.513129 -117.315802
33.513060 -117.316318
33.512937 -117.316558
33.512537 -117.317127
33.512343 -117.317309
33.512173 -117.317586
33.511540 -117.318126
33.510542 -117.318657
33.510503 -117.318672
33.510462 -117.318665
33.509926 -117.318700
33.509603 -117.318672
33.509199 -117.318667
33.508927 -117.318753
33.508882 -117.318870
33.508936 -117.318983
33.509209 -117.319555
33.509287 -117.319768
33.509555 -117.320191
33.509934 -117.320857
33.510053 -117.321532
33.510070 -117.322241
33.509926 -117.322970
33.509911 -117.323290
33.509911 -117.323559
33.509911 -117.323817
33.509668 -117.324352
33.509259 -117.324754
33.508948 -117.324876
33.508249 -117.324816
33.507733 -117.324667
33.507247 -117.324608
33.506928 -117.324569
33.506582 -117.324692
33.506421 -117.324767
33.506202 -117.324830
33.506170 -117.324874
33.506095 -117.324977
33.506088 -117.325051
33.506083 -117.325222
33.506089 -117.325472
33.506092 -117.325582
33.506086 -117.326332
33.506030 -117.326916
33.505798 -117.327423
33.505402 -117.327880
33.504798 -117.328243
33.504668 -117.328321
33.503964 -117.328567
33.503556 -117.328539
33.503380 -117.328347
33.503246 -117.328202
33.503060 -117.327723
33.503001 -117.327464
33.502944 -117.327214
33.502933 -117.326770
33.502931 -117.326694
33.502930 -117.326642
33.502920 -117.326216
33.502916 -117.326046
33.502913 -117.325911
33.502751 -117.325473
33.502501 -117.325218
33.502203 -117.324909
33.502101 -117.324831
33.501824 -117.324616
33.501135 -117.324043
33.500797 -117.323765
33.500644 -117.323640
33.500323 -117.323377
33.499688 -117.322580
33.499095 -117.322101
33.497572 -117.321744
33.497492 -117.321725
33.496313 -117.321543
33.495895 -117.321557
33.495040 -117.321780
33.494464 -117.322035
33.493925 -117.322345
33.493379 -117.322848
33.492797 -117.323902
33.492754 -117.323979
33.492636 -117.324111
33.492599 -117.324153
33.491876 -117.324962
33.491495 -117.325314
33.491284 -117.325509
33.491082 -117.325835
33.491395 -117.326268
33.491757 -117.326563
33.491869 -117.326654
33.492523 -117.327256
33.492609 -117.327591
33.492664 -117.327806
33.492672 -117.328153
33.492562 -117.328406
33.492314 -117.328747
33.492158 -117.329002
33.492089 -117.329559
33.491967 -117.330298
33.491931 -117.331215
33.491958 -117.331879
33.491971 -117.331938
33.492114 -117.332581
33.492426 -117.333001
33.492675 -117.333173
33.493074 -117.333340
33.493664 -117.333708
33.494217 -117.333967
33.494340 -117.334120
33.494462 -117.334500
33.494473 -117.334957
33.494429 -117.335555
33.494449 -117.335887
33.494374 -117.336181
33.494265 -117.336489
33.494270 -117.336711
33.494306 -117.337026
33.494314 -117.337098
33.494678 -117.337710
33.495034 -117.338031
33.495394 -117.338518
33.495577 -117.338872
33.495557 -117.339081
33.495549 -117.339164
33.495468 -117.339680
33.495521 -117.340427
33.495604 -117.340601
33.495781 -117.340776
33.496254 -117.341306
33.496696 -117.341781
33.496905 -117.341980
33.496761 -117.342472
33.496731 -117.342673
33.496681 -117.343015
33.496580 -117.343295
33.496233 -117.344264
33.495987 -117.345160
33.495784 -117.345417
33.495560 -117.345461
33.495193 -117.345533
33.494703 -117.345480
33.494226 -117.345469
33.494026 -117.345350
33.493933 -117.345354
33.493520 -117.345617
33.493346 -117.345609
33.493133 -117.345477
33.493002 -117.345343
33.492954 -117.345297
33.492847 -117.345196
33.492670 -117.345077
33.492461 -117.345084
33.492148 -117.345136
33.491846 -117.345280
33.491610 -117.345487
33.491403 -117.345618
33.491092 -117.345740
33.490872 -117.345789
33.490686 -117.345795
33.490487 -117.345704
33.490310 -117.345627
33.489996 -117.345624
33.489603 -117.345657
33.489456 -117.345669
33.488738 -117.345777
33.488534 -117.346019
33.488067 -117.346922
33.487931 -117.347093
33.487752 -117.347115
33.487317 -117.347169
33.486905 -117.346989
33.486809 -117.346887
33.486599 -117.346665
33.486383 -117.346549
33.486223 -117.346665
33.486139 -117.347042
33.485972 -117.347339
33.485804 -117.347622
33.485553 -117.347838
33.485407 -117.348102
33.485392 -117.348130
33.485296 -117.348304
33.485304 -117.348637
33.485313 -117.348997
33.485404 -117.349438
33.485550 -117.350154
33.485575 -117.350278
33.485559 -117.350627
33.485544 -117.350944
33.485478 -117.351159
33.485436 -117.351295
33.485338 -117.351521
33.485271 -117.351675
33.485263 -117.351841
33.485130 -117.352109
33.484996 -117.352349
33.485181 -117.352801
33.485272 -117.352962
33.485326 -117.353059
33.485271 -117.353201
33.485206 -117.353368
33.485084 -117.353636
33.485111 -117.353788
33.485191 -117.353843
33.485359 -117.353960
33.485598 -117.354229
33.485705 -117.354323
33.485673 -117.354434
33.485544 -117.354556
33.485369 -117.354874
33.485250 -117.355239
33.485187 -117.355532
33.485227 -117.355780
33.485255 -117.355960
33.485353 -117.356139
33.485225 -117.356183
33.485026 -117.356120
33.484839 -117.356085
33.484641 -117.356091
33.484502 -117.356096
33.484034 -117.356228
33.483961 -117.356092
33.483808 -117.356013
33.483468 -117.355900
33.482729 -117.355647
33.482485 -117.355655
33.482173 -117.355707
33.481948 -117.355820
33.481838 -117.355816
33.481673 -117.355752
33.481423 -117.355497
33.481269 -117.355363
33.481092 -117.355244
33.480801 -117.355254
33.480557 -117.355276
33.480282 -117.355424
33.480005 -117.355544
33.479950 -117.355656
33.479921 -117.355907
33.479846 -117.356187
33.479912 -117.356545
33.479916 -117.356579
33.479958 -117.357001
33.480018 -117.357568
33.479946 -117.357986
33.479574 -117.358484
33.479285 -117.359048
33.479023 -117.359917
33.478815 -117.360339
33.478701 -117.360454
33.478447 -117.360545
33.478309 -117.360696
33.478246 -117.360899
33.478112 -117.361139
33.477899 -117.361451
33.477438 -117.361646
33.477109 -117.362004
33.477024 -117.362367
33.476961 -117.362618
33.476907 -117.362829
33.476544 -117.363700
33.476402 -117.364093
33.476213 -117.364331
33.476108 -117.364463
33.475930 -117.364549
33.475705 -117.364657
33.475442 -117.364832
33.475409 -117.364930
33.475454 -117.365047
33.475504 -117.365181
33.475675 -117.365351
33.475837 -117.365417
33.475992 -117.365479
33.476225 -117.365499
33.476304 -117.365483
33.476457 -117.365450
33.476622 -117.365327
33.476884 -117.365311
33.477108 -117.365456
33.477378 -117.365572
33.477657 -117.365563
33.477865 -117.365487
33.478118 -117.365367
33.478319 -117.365499
33.478406 -117.365746
33.478412 -117.366023
33.478443 -117.366341
33.478615 -117.366737
33.478945 -117.367392
33.479186 -117.367786
33.479290 -117.367984
33.479228 -117.368076
33.479078 -117.368122
33.478953 -117.368265
33.478563 -117.368500
33.478288 -117.368675
33.478137 -117.368680
33.477960 -117.368589
33.477817 -117.368414
33.477688 -117.368407
33.477429 -117.368260
33.477165 -117.368394
33.476513 -117.368845
33.476049 -117.368916
33.475804 -117.368882
33.475672 -117.368707
33.475551 -117.368530
33.475436 -117.368548
33.475026 -117.368685
33.474474 -117.368953
33.474050 -117.369216
33.473720 -117.369532
33.473315 -117.369615
33.473153 -117.369648
33.472996 -117.369753
33.472935 -117.369794
33.472845 -117.369949
33.472766 -117.370548
33.472776 -117.370963
33.472777 -117.371019
33.472769 -117.371110
33.472706 -117.371465
33.472555 -117.371456
33.472368 -117.371407
33.472092 -117.371438
33.472018 -117.371419
33.471883 -117.371383
33.471674 -117.371267
33.471416 -117.371337
33.471241 -117.371472
33.471152 -117.371142
33.471217 -117.370542
33.471202 -117.370445
33.471171 -117.370252
33.471106 -117.370173
33.470896 -117.370125
33.470605 -117.370134
33.470498 -117.370041
33.470169 -117.369683
33.469823 -117.369523
33.469550 -117.369320
33.469490 -117.369256
33.469302 -117.369206
33.469132 -117.369207
33.468994 -117.369270
33.468873 -117.369423
33.468702 -117.369562
33.468609 -117.369639
33.468417 -117.369776
33.468221 -117.369953
33.468069 -117.370062
33.468030 -117.370073
33.468001 -117.370050
33.467945 -117.370000
33.467870 -117.369934
33.467729 -117.369913
33.467603 -117.369903
33.467494 -117.369977
33.467266 -117.370120
33.466943 -117.370214
33.466689 -117.370292
33.466437 -117.370231
33.466237 -117.370113
33.465810 -117.369766
33.465543 -117.369761
33.465392 -117.369808
33.464976 -117.369919
33.464805 -117.370049
33.464811 -117.370326
33.464706 -117.370801
33.464643 -117.371108
33.464636 -117.371350
33.464623 -117.371732
33.464439 -117.371927
33.464339 -117.372033
33.464211 -117.372037
33.463934 -117.372129
33.463590 -117.372307
33.463490 -117.372518
33.463449 -117.372769
33.463221 -117.372957
33.462944 -117.373063
33.462819 -117.373178
33.462693 -117.373252
33.462195 -117.372889
33.461900 -117.372654
33.461748 -117.372631
33.461530 -117.372763
33.461267 -117.372966
33.460996 -117.372809
33.460793 -117.372827
33.460764 -117.372830
33.460460 -117.372901
33.460347 -117.372927
33.460162 -117.372975
33.459961 -117.373328
33.459958 -117.373449
33.459955 -117.373550
33.459948 -117.373758
33.459811 -117.373860
33.459348 -117.373958
33.459018 -117.374052
33.458786 -117.374060
33.458470 -117.373960
33.458378 -117.373930
33.458235 -117.373884
33.458012 -117.373767
33.457944 -117.373753
33.457649 -117.373695
33.457593 -117.373660
33.457378 -117.373524
33.457054 -117.373504
33.456687 -117.373339
33.456528 -117.373185
33.456423 -117.372939
33.456397 -117.372878
33.456501 -117.372734
33.456751 -117.372589
33.456897 -117.372362
33.456804 -117.371852
33.456777 -117.371811
33.456511 -117.371709
33.456019 -117.371615
33.455418 -117.371274
33.454900 -117.371000
33.454738 -117.370921
33.453970 -117.370546
33.453646 -117.370308
33.453391 -117.370122
33.453029 -117.370078
33.452725 -117.370019
33.452139 -117.369817
33.451669 -117.369610
33.451436 -117.369618
33.451159 -117.369683
33.450745 -117.369890
33.450482 -117.370107
33.450373 -117.370388
33.450370 -117.370762
33.450374 -117.370956
33.450465 -117.371046
33.450565 -117.371144
33.450871 -117.371411
33.451034 -117.371835
33.451210 -117.372520
33.451208 -117.372799
33.451147 -117.373162
33.451157 -117.373223
33.451201 -117.373479
33.451162 -117.373813
33.451111 -117.373880
33.450959 -117.374083
33.450864 -117.374516
33.450718 -117.374728
33.450675 -117.374896
33.450625 -117.375258
33.450471 -117.375623
33.450353 -117.376043
33.450348 -117.376334
33.450414 -117.376679
33.450572 -117.376940
33.450902 -117.377162
33.450941 -117.377320
33.450959 -117.377581
33.450847 -117.377793
33.450829 -117.378001
33.450890 -117.378099
33.451063 -117.378376
33.451143 -117.378504
33.451284 -117.379095
33.451354 -117.379564
33.451348 -117.379814
33.451271 -117.380024
33.451092 -117.380321
33.450928 -117.380756
33.450783 -117.381038
33.450655 -117.381093
33.450448 -117.381132
33.450246 -117.381444
33.450034 -117.381853
33.449852 -117.382039
33.449644 -117.382101
33.449434 -117.382053
33.449193 -117.382047
33.448962 -117.382262
33.448694 -117.382756
33.448542 -117.383225
33.448499 -117.383358
33.448459 -117.383422
33.448185 -117.383868
33.447831 -117.384170
33.447684 -117.384314
33.447536 -117.384485
33.447473 -117.384764
33.447390 -117.385197
33.447223 -117.385507
33.447193 -117.385744
33.447109 -117.386134
33.446988 -117.386416
33.446766 -117.386894
33.446668 -117.387188
33.446454 -117.387487
33.446204 -117.387716
33.446048 -117.388040
33.445864 -117.388615
33.445818 -117.388747
33.445665 -117.389188
33.445635 -117.389274
33.445560 -117.389710
33.445576 -117.390259
33.445432 -117.391010
33.444768 -117.390884
33.444451 -117.390657
33.444239 -117.390520
33.443870 -117.390289
33.443542 -117.390084
33.443359 -117.389859
33.443327 -117.389820
33.443235 -117.389380
33.443133 -117.389197
33.443114 -117.389162
33.442877 -117.388948
33.442593 -117.388777
33.442358 -117.388660
33.441501 -117.388314
33.441141 -117.388326
33.440441 -117.388266
33.440163 -117.388289
33.439843 -117.388022
33.439212 -117.387433
33.438973 -117.387136
33.438557 -117.386748
33.438123 -117.386610
33.437668 -117.386555
33.437462 -117.386659
33.437188 -117.386904
33.436877 -117.387053
33.436730 -117.386988
33.436701 -117.386975
33.436605 -117.386878
33.436463 -117.386734
33.436109 -117.386538
33.435817 -117.386450
33.435501 -117.386377
33.435241 -117.386192
33.434946 -117.386008
33.434767 -117.385833
33.434553 -117.385646
33.434142 -117.385466
33.433925 -117.385361
33.433674 -117.385343
33.433579 -117.385360
33.433396 -117.385393
33.433039 -117.385530
33.432915 -117.385454
33.432836 -117.385301
33.432609 -117.385045
33.432301 -117.384833
33.431948 -117.384651
33.431379 -117.384199
33.431131 -117.384041
33.430816 -117.383996
33.430630 -117.384002
33.430469 -117.384062
33.430400 -117.384116
33.430320 -117.384178
33.430249 -117.384111
33.430176 -117.383947
33.430171 -117.383740
33.430049 -117.383499
33.430012 -117.383426
33.429856 -117.383196
33.429635 -117.382974
33.429106 -117.382715
33.428332 -117.382435
33.427791 -117.382204
33.427474 -117.382048
33.427184 -117.381600
33.427176 -117.381254
33.427149 -117.381089
33.427028 -117.380871
33.426916 -117.380547
33.426804 -117.380269
33.426742 -117.380091
33.426697 -117.379635
33.426651 -117.379533
33.426562 -117.379334
33.426432 -117.379256
33.426125 -117.379072
33.425915 -117.379023
33.425726 -117.378905
33.425398 -117.378334
33.424988 -117.377682
33.424739 -117.377468
33.424467 -117.377297
33.424292 -117.377275
33.424130 -117.377308
33.423887 -117.377372
33.423530 -117.377508
33.423400 -117.377603
33.423158 -117.377535
33.423019 -117.377539
33.422854 -117.377537
33.422693 -117.377536
33.422454 -117.377267
33.422354 -117.377133
33.422262 -117.377010
33.421654 -117.376379
33.421450 -117.376108
33.421386 -117.376089
33.421286 -117.376058
33.421204 -117.376033
33.421033 -117.376164
33.420945 -117.376402
33.420833 -117.376586
33.420687 -117.376799
33.420495 -117.377040
33.420384 -117.377266
33.420247 -117.377395
33.420029 -117.377844
33.419981 -117.377944
33.419787 -117.378103
33.419590 -117.378065
33.419289 -117.378123
33.419059 -117.378058
33.418927 -117.377998
33.418857 -117.377884
33.418658 -117.377835
33.418481 -117.377953
33.418394 -117.378010
33.418244 -117.378043
33.418104 -117.378006
33.418296 -117.377792
33.418385 -117.377623
33.418402 -117.377331
33.418340 -117.377181
33.418265 -117.376961
33.418253 -117.376915
33.418201 -117.376714
33.418149 -117.376439
33.418050 -117.376207
33.417953 -117.376016
33.417832 -117.375840
33.417594 -117.375612
33.417371 -117.375509
33.417027 -117.375229
33.416908 -117.375122
33.416759 -117.375267
33.416647 -117.375380
33.416480 -117.375704
33.416229 -117.375934
33.415972 -117.375887
33.415677 -117.375956
33.415625 -117.375968
33.415336 -117.375726
33.415107 -117.375680
33.415065 -117.375695
33.414934 -117.375741
33.414798 -117.375789
33.414714 -117.375818
33.414608 -117.375869
33.414530 -117.375907
33.414448 -117.375868
33.414320 -117.375621
33.414106 -117.375448
33.413943 -117.375151
33.413651 -117.375091
33.413551 -117.375069
33.413487 -117.375055
33.413325 -117.375103
33.413117 -117.375164
33.412979 -117.375224
33.412750 -117.375384
33.412687 -117.375649
33.412675 -117.375783
33.412659 -117.375969
33.412569 -117.376083
33.412288 -117.376516
33.412221 -117.376620
33.412108 -117.376763
33.411876 -117.376826
33.411565 -117.376947
33.411396 -117.377160
33.411210 -117.377166
33.411053 -117.376936
33.410972 -117.376915
33.410772 -117.376862
33.410593 -117.376848
33.410514 -117.376924
33.410438 -117.376998
33.410367 -117.376931
33.410269 -117.376740
33.410215 -117.376423
33.410205 -117.376350
33.410187 -117.376217
33.410209 -117.375634
33.410171 -117.375530
33.410112 -117.375368
33.410095 -117.375336
33.410037 -117.375238
33.409834 -117.375037
33.409678 -117.374820
33.409662 -117.374641
33.409657 -117.374414
33.409652 -117.374198
33.409511 -117.373648
33.409270 -117.373296
33.409190 -117.372869
33.409121 -117.372401
33.409103 -117.372097
33.409096 -117.371806
33.408987 -117.371643
33.408888 -117.371372
33.408732 -117.371183
33.408635 -117.371006
33.408478 -117.370762
33.408262 -117.370465
33.408187 -117.370232
33.407928 -117.369617
33.407792 -117.369275
33.407576 -117.368977
33.406924 -117.368445
33.406683 -117.368079
33.406582 -117.367651
33.406556 -117.367155
33.406570 -117.366753
33.406642 -117.366349
33.406755 -117.366179
33.406943 -117.365985
33.407061 -117.365864
33.407255 -117.365619
33.407348 -117.365203
33.407433 -117.364854
33.407527 -117.364742
33.407637 -117.364612
33.407644 -117.364326
33.407654 -117.363864
33.407526 -117.363327
33.407308 -117.362462
33.407325 -117.362212
33.407389 -117.361960
33.407742 -117.361630
33.408028 -117.361454
33.408062 -117.361412
33.407965 -117.361235
33.407845 -117.361086
33.407654 -117.360843
33.407478 -117.360808
33.407198 -117.360748
33.406914 -117.360549
33.406822 -117.360594
33.406745 -117.360777
33.406749 -117.360957
33.406659 -117.361084
33.406472 -117.361035
33.406156 -117.360976
33.405665 -117.360854
33.405455 -117.360833
33.405312 -117.360686
33.404983 -117.360342
33.404912 -117.360308
33.404391 -117.360336
33.404001 -117.360273
33.403643 -117.360124
33.403033 -117.359837
33.402711 -117.359590
33.402407 -117.359383
33.402312 -117.359253
33.402254 -117.359176
33.402204 -117.359024
33.402115 -117.358758
33.401861 -117.358694
33.401557 -117.358328
33.401435 -117.358017
33.401287 -117.357757
33.401000 -117.357441
33.400840 -117.357264
33.400585 -117.357201
33.400325 -117.357378
33.399945 -117.357584
33.399082 -117.357775
33.398610 -117.357725
33.398146 -117.357621
33.397893 -117.357363
33.397827 -117.357172
33.397827 -117.356501
33.397580 -117.356118
33.397351 -117.355884
33.396836 -117.355539
33.396087 -117.354719
33.395706 -117.354032
33.395531 -117.353483
33.395484 -117.353426
33.395239 -117.353131
33.394893 -117.353015
33.394695 -117.353002
33.394525 -117.352913
33.393904 -117.353223
33.393377 -117.353241
33.392420 -117.353055
33.391997 -117.353142
33.391733 -117.353151
33.391437 -117.353407
33.391356 -117.353477
33.390583 -117.353493
33.390113 -117.353503
33.389236 -117.353625
33.388901 -117.353390
33.388759 -117.353147
33.388716 -117.352409
33.388698 -117.351639
33.388687 -117.351177
33.388468 -117.350692
33.387963 -117.350123
33.387441 -117.348815
33.387321 -117.347864
33.387295 -117.347563
33.387250 -117.347338
33.387204 -117.347105
33.386925 -117.347103
33.386514 -117.347070
33.386489 -117.346675
33.386423 -117.346327
33.386278 -117.346089
33.385894 -117.345708
33.385537 -117.345311
33.385193 -117.345104
33.384862 -117.344992
33.384557 -117.344960
33.384226 -117.345037
33.383999 -117.345210
33.383799 -117.345494
33.383373 -117.346251
33.382773 -117.347182
33.382453 -117.347734
33.382320 -117.347986
33.382306 -117.348287
33.382305 -117.348666
33.382211 -117.349188
33.382152 -117.349666
33.382143 -117.349741
33.382009 -117.350183
33.381836 -117.350419
33.381556 -117.350766
33.381370 -117.351042
33.381290 -117.351160
33.381168 -117.351419
33.381090 -117.351586
33.380863 -117.351790
33.380339 -117.351976
33.380178 -117.352086
33.379984 -117.352218
33.379795 -117.352377
33.379536 -117.352892
33.379318 -117.353482
33.379141 -117.354421
33.379080 -117.354590
33.378978 -117.354875
33.378923 -117.355026
33.378737 -117.355339
33.378358 -117.355628
33.377836 -117.355890
33.377336 -117.355983
33.377130 -117.355990
33.376960 -117.355858
33.376834 -117.355737
33.376775 -117.355680
33.376526 -117.355504
33.376187 -117.355456
33.375480 -117.355355
33.375337 -117.355331
33.375002 -117.355273
33.374113 -117.355379
33.373858 -117.355409
33.372699 -117.355938
33.372304 -117.356120
33.371887 -117.356471
33.371681 -117.356999
33.371574 -117.357493
33.371518 -117.357755
33.371353 -117.358389
33.371152 -117.358687
33.370970 -117.359123
33.370730 -117.359299
33.370616 -117.359417
33.370227 -117.359822
33.369694 -117.360161
33.369390 -117.360371
33.368815 -117.360433
33.368154 -117.360120
33.367607 -117.359601
33.366438 -117.358859
33.365205 -117.358250
33.364926 -117.358112
33.364676 -117.357891
33.364129 -117.357633
33.363751 -117.357415
33.363142 -117.357252
33.362735 -117.356928
33.362577 -117.356780
33.362419 -117.356632
33.362200 -117.356639
33.361908 -117.356818
33.361281 -117.356992
33.360285 -117.357086
33.359561 -117.356942
33.358969 -117.356976
33.358394 -117.357149
33.357993 -117.357637
33.357521 -117.358358
33.357336 -117.359268
33.357335 -117.359774
33.357487 -117.360214
33.357583 -117.360381
33.357608 -117.360424
33.357826 -117.360953
33.357848 -117.361320
33.357530 -117.361648
33.357495 -117.361684
33.357386 -117.361949
33.357400 -117.362546
33.357409 -117.362959
33.357415 -117.363174
33.357269 -117.364650
33.357307 -117.365185
33.357139 -117.365727
33.356902 -117.366057
33.356384 -117.366491
33.355816 -117.366966
33.355091 -117.367507
33.354613 -117.367864
33.353570 -117.368971
33.352888 -117.369515
33.352660 -117.369691
33.352308 -117.369488
33.351887 -117.368921
33.351796 -117.368797
33.350676 -117.367715
33.349566 -117.366511
33.349024 -117.365900
33.348713 -117.365819
33.348401 -117.366243
33.348036 -117.366638
33.347460 -117.366780
33.347052 -117.366946
33.346504 -117.367179
33.345426 -117.367935
33.345149 -117.368174
33.344936 -117.368441
33.344740 -117.368862
33.344505 -117.369107
33.344166 -117.369126
33.343663 -117.369066
33.343459 -117.369164
33.343464 -117.369379
33.343363 -117.369733
33.342485 -117.370775
33.342212 -117.370928
33.341969 -117.370976
33.341865 -117.370965
33.341633 -117.370941
33.341129 -117.370850
33.340961 -117.370856
33.340809 -117.370953
33.340634 -117.371188
33.340356 -117.371412
33.340019 -117.371883
33.339946 -117.372039
33.339793 -117.372411
33.339666 -117.372722
33.339308 -117.372872
33.339276 -117.372874
33.339013 -117.372897
33.338352 -117.372719
33.337941 -117.372764
33.337379 -117.372966
33.337086 -117.373113
33.336974 -117.373255
33.336214 -117.373832
33.335706 -117.374124
33.335363 -117.374335
33.335063 -117.374712
33.334674 -117.375154
33.334535 -117.375694
33.334343 -117.375885
33.334086 -117.375909
33.333701 -117.375952
33.333085 -117.376049
33.332973 -117.376248
33.332810 -117.376622
33.332682 -117.376997
33.332193 -117.377565
33.332021 -117.377923
33.331882 -117.378050
33.331766 -117.378038
33.331751 -117.377947
33.331745 -117.377671
33.331689 -117.377505
33.331582 -117.377309
33.331488 -117.377159
33.331369 -117.377025
33.331030 -117.376852
33.330746 -117.376800
33.330490 -117.376870
33.329977 -117.376979
33.329784 -117.376985
33.329670 -117.376962
33.329590 -117.376946
33.329549 -117.377070
33.329434 -117.377426
33.329107 -117.377789
33.328892 -117.377949
33.328459 -117.378163
33.328152 -117.378265
33.327935 -117.378348
33.327745 -117.378462
33.327183 -117.379200
33.326963 -117.379729
33.326497 -117.380188
33.326379 -117.380270
33.326218 -117.380381
33.326185 -117.380604
33.326129 -117.380981
33.325944 -117.381340
33.325606 -117.381749
33.325413 -117.381756
33.325102 -117.381674
33.324904 -117.381466
33.324431 -117.381037
33.324051 -117.380774
33.323741 -117.380723
33.323186 -117.380680
33.323164 -117.380647
33.322946 -117.380320
33.322836 -117.380017
33.322765 -117.379744
33.322584 -117.379183
33.322356 -117.378777
33.322159 -117.378630
33.322062 -117.378879
33.322019 -117.379248
33.321822 -117.379637
33.321631 -117.380287
33.321779 -117.380527
33.321860 -117.380697
33.321887 -117.380753
33.321853 -117.380969
33.321545 -117.381576
33.321256 -117.381892
33.320826 -117.382198
33.320611 -117.382373
33.320242 -117.382569
33.319881 -117.382906
33.319794 -117.383266
33.319638 -117.383729
33.319616 -117.383898
33.319562 -117.384329
33.319449 -117.384470
33.319261 -117.384706
33.319077 -117.385095
33.318697 -117.385383
33.318453 -117.385422
33.318233 -117.385337
33.318048 -117.385175
33.317990 -117.385100
33.317836 -117.384906
33.317706 -117.384864
33.317501 -117.384886
33.317335 -117.384968
33.317120 -117.385266
33.316597 -117.385912
33.316087 -117.386648
33.315989 -117.386866
33.315808 -117.386872
33.315628 -117.386863
33.315406 -117.386732
33.315146 -117.386618
33.314770 -117.386508
33.314267 -117.386509
33.313918 -117.386459
33.313529 -117.386319
33.313207 -117.386314
33.312913 -117.386400
33.312430 -117.386676
33.312286 -117.386739
33.312124 -117.386809
33.311529 -117.387273
33.311367 -117.387492
33.311268 -117.387695
33.311117 -117.387838
33.311055 -117.387971
33.310994 -117.388102
33.310726 -117.388187
33.310572 -117.388192
33.310287 -117.388156
33.310185 -117.388190
33.309941 -117.388198
33.309254 -117.388312
33.308900 -117.388584
33.308608 -117.388778
33.308394 -117.388999
33.308185 -117.389419
33.308020 -117.389517
33.307688 -117.389620
33.307240 -117.389741
33.306788 -117.389695
33.306281 -117.389497
33.306060 -117.389412
33.305862 -117.389205
33.305566 -117.389199
33.305242 -117.389148
33.304808 -117.389285
33.304221 -117.389534
33.303969 -117.389757
33.303670 -117.390195
33.303444 -117.390463
33.303214 -117.390547
33.302897 -117.390741
33.302737 -117.391053
33.302426 -117.391538
33.302007 -117.391827
33.301156 -117.392315
33.300634 -117.392561
33.299965 -117.392905
33.299737 -117.393035
33.299243 -117.393434
33.298400 -117.393706
33.297862 -117.393847
33.297605 -117.393855
33.297500 -117.393782
33.297329 -117.393619
33.296954 -117.393344
33.296509 -117.393278
33.296212 -117.393211
33.295822 -117.393071
33.295572 -117.392834
33.295220 -117.392662
33.294834 -117.392674
33.294638 -117.392558
33.294516 -117.392271
33.294315 -117.391956
33.294119 -117.391825
33.293848 -117.391803
33.293441 -117.392046
33.292594 -117.392166
33.292490 -117.392123
33.292319 -117.391945
33.292186 -117.391766
33.292050 -117.391464
33.291865 -117.391256
33.291673 -117.391141
33.291113 -117.391066
33.290775 -117.390893
33.290150 -117.390607
33.289591 -117.390396
33.288861 -117.390297
33.288402 -117.389960
33.287894 -117.389686
33.287243 -117.389386
33.287029 -117.389025
33.286890 -117.388616
33.286815 -117.388396
33.286766 -117.388253
33.286621 -117.388120
33.286274 -117.388131
33.285910 -117.388077
33.285412 -117.388190
33.285139 -117.388092
33.285046 -117.387942
33.284757 -117.387691
33.284588 -117.387650
33.284435 -117.387717
33.284297 -117.387859
33.284199 -117.388092
33.284026 -117.388389
33.283786 -117.388611
33.283507 -117.388788
33.283111 -117.388840
33.283032 -117.388850
33.282595 -117.389080
33.282054 -117.388331
33.281394 -117.387682
33.281007 -117.387676
33.280490 -117.387654
33.279822 -117.387487
33.279221 -117.387063
33.278800 -117.386692
33.277782 -117.386872
33.276679 -117.386750
33.275949 -117.386932
33.275492 -117.387343
33.275003 -117.387835
33.273975 -117.388715
33.272747 -117.389772
33.271791 -117.390240
33.271134 -117.390697
33.270914 -117.391699
33.270901 -117.392132
33.271119 -117.392917
33.271435 -117.393558
33.271448 -117.393633
33.271437 -117.393813
33.271432 -117.393885
33.271360 -117.393948
33.271163 -117.394120
33.270873 -117.394406
33.270922 -117.394510
33.270985 -117.394653
33.271296 -117.395297
33.271373 -117.395384
33.271643 -117.395688
33.271675 -117.396164
33.271603 -117.396720
33.270936 -117.397726
33.270747 -117.398218
33.270700 -117.398507
33.270567 -117.399318
33.270292 -117.400436
33.270017 -117.401516
33.269734 -117.402238
33.269554 -117.403321
33.269531 -117.403360
33.269314 -117.403808
33.269210 -117.403826
33.268965 -117.403868
33.268598 -117.403931
33.268517 -117.403883
33.268276 -117.403741
33.268085 -117.404037
33.268011 -117.404152
33.267964 -117.404185
33.267865 -117.404257
33.267592 -117.404341
33.267153 -117.404557
33.266346 -117.404432
33.266062 -117.404572
33.265936 -117.404592
33.265906 -117.404597
33.265782 -117.404775
33.265466 -117.405152
33.264324 -117.406267
33.263350 -117.407409
33.261217 -117.408905
33.260624 -117.409005
33.259755 -117.409151
33.258511 -117.408715
33.256753 -117.407663
33.255227 -117.406603
33.254242 -117.405729
33.253168 -117.404907
33.252724 -117.404921
33.251121 -117.406843
33.250399 -117.407636
33.248170 -117.408918
33.245682 -117.410165
33.243373 -117.411205
33.241851 -117.411826
33.240306 -117.412228
33.238899 -117.413022
33.238022 -117.413512
33.237257 -117.414064
33.235868 -117.414835
33.234655 -117.415226
33.232016 -117.416345
33.230653 -117.416291
33.199573 -117.464210
33.199653 -117.464271
33.200363 -117.464811
33.200677 -117.465104
33.201370 -117.465738
33.202073 -117.466357
33.202784 -117.466961
33.203504 -117.467551
33.204233 -117.468125
33.204970 -117.468684
33.205068 -117.468757
33.205246 -117.468948
33.205900 -117.469638
33.206565 -117.470313
33.207239 -117.470975
33.207923 -117.471623
33.208616 -117.472257
33.209319 -117.472876
33.210031 -117.473480
33.210751 -117.474070
33.211480 -117.474644
33.212217 -117.475203
33.212962 -117.475747
33.213715 -117.476276
33.214476 -117.476788
33.214552 -117.476838
33.215100 -117.477414
33.215765 -117.478090
33.216439 -117.478752
33.217123 -117.479399
33.217816 -117.480033
33.217945 -117.480148
33.218332 -117.480499
33.219035 -117.481118
33.219747 -117.481723
33.220467 -117.482312
33.221196 -117.482887
33.221933 -117.483446
33.222678 -117.483990
33.223044 -117.484249
33.223725 -117.484827
33.224445 -117.485417
33.225174 -117.485992
33.225911 -117.486551
33.226656 -117.487095
33.227409 -117.487623
33.227737 -117.487847
33.228328 -117.488260
33.229089 -117.488773
33.229857 -117.489269
33.230633 -117.489750
33.230778 -117.489838
33.231065 -117.490108
33.231759 -117.490741
33.232461 -117.491361
33.233173 -117.491965
33.233893 -117.492555
33.234454 -117.492999
33.234516 -117.493048
33.234849 -117.493314
33.235266 -117.493720
33.235950 -117.494368
33.236643 -117.495002
33.237346 -117.495621
33.238057 -117.496226
33.238778 -117.496816
33.239506 -117.497390
33.240244 -117.497950
33.240989 -117.498494
33.241742 -117.499022
33.241880 -117.499117
33.242267 -117.499408
33.243012 -117.499952
33.243765 -117.500480
33.244279 -117.500829
33.244848 -117.501242
33.245512 -117.501710
33.245886 -117.502101
33.246551 -117.502777
33.247225 -117.503439
33.247909 -117.504087
33.248603 -117.504721
33.249305 -117.505341
33.250017 -117.505945
33.250655 -117.506469
33.251132 -117.506902
33.251532 -117.507258
33.251813 -117.507531
33.252497 -117.508179
33.253191 -117.508813
33.253893 -117.509433
33.254258 -117.509745
33.254502 -117.509966
33.255204 -117.510585
33.255916 -117.511190
33.256636 -117.511779
33.257365 -117.512354
33.258102 -117.512914
33.258848 -117.513458
33.259601 -117.513987
33.259894 -117.514187
33.260120 -117.514384
33.260831 -117.514988
33.261552 -117.515578
33.261866 -117.515829
33.262385 -117.516414
33.262426 -117.516459
33.263015 -117.517148
33.263649 -117.517865
33.264293 -117.518568
33.264948 -117.519258
33.265612 -117.519934
33.266287 -117.520597
33.266971 -117.521245
33.267664 -117.521879
33.268367 -117.522498
33.269070 -117.523096
33.269444 -117.523412
33.270165 -117.524002
33.270894 -117.524576
33.271631 -117.525136
33.272376 -117.525680
33.273129 -117.526209
33.273890 -117.526722
33.274658 -117.527219
33.275403 -117.527682
33.275506 -117.527750
33.275605 -117.527815
33.275902 -117.528094
33.276595 -117.528728
33.276836 -117.528943
33.277468 -117.529541
33.278161 -117.530175
33.278238 -117.530244
33.278710 -117.530689
33.279403 -117.531323
33.280106 -117.531942
33.280818 -117.532547
33.281340 -117.532977
33.281543 -117.533189
33.282208 -117.533865
33.282691 -117.534343
33.282930 -117.534592
33.283595 -117.535268
33.284269 -117.535931
33.284850 -117.536483
33.284972 -117.536600
33.285656 -117.537249
33.286349 -117.537883
33.286493 -117.538011
33.287051 -117.538736
33.287652 -117.539491
33.288265 -117.540234
33.288888 -117.540964
33.289522 -117.541681
33.290166 -117.542385
33.290821 -117.543075
33.291151 -117.543414
33.291263 -117.543552
33.291875 -117.544295
33.292499 -117.545025
33.293133 -117.545742
33.293777 -117.546446
33.294431 -117.547136
33.295096 -117.547812
33.295770 -117.548475
33.296454 -117.549123
33.297148 -117.549758
33.297850 -117.550377
33.298562 -117.550982
33.298762 -117.551148
33.299162 -117.551552
33.299836 -117.552215
33.300520 -117.552863
33.300956 -117.553265
33.300963 -117.553275
33.301542 -117.554055
33.302133 -117.554823
33.302734 -117.555578
33.303347 -117.556321
33.303970 -117.557051
33.304604 -117.557768
33.304740 -117.557918
33.304857 -117.558058
33.305480 -117.558788
33.306031 -117.559413
33.306032 -117.559415
33.306564 -117.560241
33.306803 -117.560603
33.307038 -117.560978
33.307570 -117.561804
33.308114 -117.562619
33.308381 -117.563008
33.308787 -117.563636
33.309183 -117.564233
33.309292 -117.564426
33.309787 -117.565284
33.310294 -117.566132
33.310814 -117.566969
33.311346 -117.567796
33.311890 -117.568611
33.312446 -117.569414
33.313012 -117.570205
33.313303 -117.570636
33.313858 -117.571440
33.314426 -117.572232
33.315005 -117.573012
33.315596 -117.573780
33.316197 -117.574536
33.316810 -117.575279
33.317433 -117.576009
33.317525 -117.576114
33.317760 -117.576440
33.318339 -117.577220
33.318930 -117.577988
33.319531 -117.578743
33.320144 -117.579486
33.320566 -117.580015
33.321084 -117.580644
33.321215 -117.580877
33.321710 -117.581736
33.322218 -117.582584
33.322591 -117.583188
33.322892 -117.583905
33.323296 -117.584829
33.323713 -117.585744
33.324143 -117.586651
33.324587 -117.587548
33.324843 -117.588052
33.325233 -117.588871
33.325677 -117.589769
33.326133 -117.590657
33.326222 -117.590826
33.326334 -117.591090
33.326738 -117.592014
33.327155 -117.592929
33.327585 -117.593836
33.328029 -117.594734
33.328485 -117.595622
33.328849 -117.596305
33.329183 -117.596979
33.329640 -117.597867
33.330110 -117.598746
33.330592 -117.599614
33.331087 -117.600473
33.331594 -117.601321
33.332114 -117.602158
33.332646 -117.602985
33.332836 -117.603273
33.333317 -117.604019
33.333584 -117.604422
33.333670 -117.604839
33.333888 -117.605848
33.334122 -117.606852
33.334147 -117.606957
33.334262 -117.607439
33.334510 -117.608438
33.334773 -117.609431
33.335050 -117.610419
33.335341 -117.611401
33.335647 -117.612377
33.335968 -117.613346
33.336302 -117.614308
33.336651 -117.615264
33.337013 -117.616212
33.337389 -117.617152
33.337779 -117.618084
33.338183 -117.619008
33.338313 -117.619299
33.338425 -117.619551
33.338842 -117.620467
33.339272 -117.621373
33.339716 -117.622271
33.340172 -117.623159
33.340642 -117.624038
33.341124 -117.624907
33.341619 -117.625765
33.342127 -117.626614
33.342647 -117.627451
33.343179 -117.628278
33.343723 -117.629093
33.344278 -117.629897
33.344342 -117.629988
33.344746 -117.630660
33.345266 -117.631498
33.345798 -117.632324
33.346342 -117.633140
33.346898 -117.633944
33.347465 -117.634736
33.348044 -117.635517
33.348635 -117.636285
33.349236 -117.637041
33.349849 -117.637784
33.350472 -117.638515
33.351106 -117.639232
33.351751 -117.639936
33.352081 -117.640288
33.352313 -117.640548
33.352958 -117.641252
33.353612 -117.641943
33.354277 -117.642620
33.354951 -117.643283
33.355540 -117.643843
33.355814 -117.644109
33.356498 -117.644758
33.357191 -117.645393
33.357894 -117.646013
33.358605 -117.646618
33.359325 -117.647209
33.360054 -117.647784
33.360791 -117.648345
33.361537 -117.648889
33.362290 -117.649419
33.362385 -117.649484
33.362391 -117.649488
33.362602 -117.649895
33.363072 -117.650774
33.363554 -117.651643
33.364049 -117.652502
33.364556 -117.653350
33.365076 -117.654188
33.365608 -117.655015
33.366152 -117.655830
33.366708 -117.656635
33.367276 -117.657427
33.367855 -117.658208
33.368445 -117.658976
33.369047 -117.659732
33.369659 -117.660476
33.370283 -117.661206
33.370916 -117.661924
33.371561 -117.662628
33.372215 -117.663319
33.372880 -117.663996
33.373554 -117.664659
33.374238 -117.665308
33.374932 -117.665943
33.375634 -117.666563
33.376346 -117.667169
33.377066 -117.667760
33.377795 -117.668335
33.378532 -117.668896
33.379277 -117.669440
33.380030 -117.669970
33.380791 -117.670483
33.381559 -117.670981
33.382335 -117.671463
33.382526 -117.671579
33.383092 -117.671917
33.383366 -117.672284
33.383957 -117.673052
33.384558 -117.673808
33.385171 -117.674552
33.385794 -117.675283
33.386428 -117.676001
33.387073 -117.676705
33.387727 -117.677396
33.388392 -117.678073
33.389066 -117.678736
33.389750 -117.679386
33.390444 -117.680020
33.391146 -117.680641
33.391858 -117.681246
33.392578 -117.681837
33.393307 -117.682413
33.394044 -117.682973
33.394789 -117.683518
33.394968 -117.683646
33.395215 -117.683831
33.395960 -117.684376
33.396713 -117.684906
33.397474 -117.685420
33.398242 -117.685917
33.399017 -117.686399
33.399800 -117.686865
33.400589 -117.687314
33.401243 -117.687671
33.401519 -117.688550
33.401839 -117.689519
33.402174 -117.690483
33.402522 -117.691439
33.402884 -117.692387
33.403261 -117.693328
33.403651 -117.694261
33.404054 -117.695186
33.404296 -117.695722
33.404300 -117.695788
33.404368 -117.696827
33.404452 -117.697865
33.404551 -117.698900
33.404665 -117.699934
33.404794 -117.700965
33.404938 -117.701993
33.405098 -117.703018
33.405272 -117.704039
33.405461 -117.705057
33.405665 -117.706071
33.405884 -117.707080
33.406117 -117.708085
33.406365 -117.709084
33.406628 -117.710078
33.406644 -117.710136
33.406623 -117.710566
33.406585 -117.711607
33.406563 -117.712649
33.406555 -117.713692
33.406563 -117.714734
33.406585 -117.715776
33.406623 -117.716818
33.406677 -117.717858
33.406745 -117.718897
33.406829 -117.719935
33.406928 -117.720971
33.407042 -117.722004
33.407171 -117.723035
33.407315 -117.724063
33.407475 -117.725088
33.407649 -117.726110
33.407838 -117.727128
33.408042 -117.728141
33.408261 -117.729151
33.408494 -117.730155
33.408743 -117.731155
33.409005 -117.732149
33.409283 -117.733138
33.409574 -117.734120
33.409880 -117.735097
33.410201 -117.736067
33.410535 -117.737030
33.410883 -117.737986
33.411246 -117.738935
33.411622 -117.739876
33.412012 -117.740809
33.412415 -117.741734
33.412832 -117.742650
33.413263 -117.743558
33.413706 -117.744456
33.414163 -117.745345
33.414632 -117.746225
33.415115 -117.747094
33.415610 -117.747954
33.416117 -117.748803
33.416637 -117.749641
33.417169 -117.750468
33.417713 -117.751284
33.418269 -117.752089
33.418836 -117.752882
33.419415 -117.753663
33.419947 -117.754357
33.420387 -117.755014
33.420942 -117.755819
33.421510 -117.756612
33.422089 -117.757393
33.422679 -117.758162
33.423281 -117.758918
33.423894 -117.759662
33.424517 -117.760393
33.425151 -117.761111
33.425795 -117.761816
33.426450 -117.762507
33.427114 -117.763185
33.427789 -117.763849
33.428473 -117.764498
33.429166 -117.765133
33.429869 -117.765754
33.430580 -117.766360
33.431300 -117.766951
33.432029 -117.767527
33.432766 -117.768087
33.433512 -117.768633
33.434265 -117.769162
33.435025 -117.769676
33.435794 -117.770174
33.436569 -117.770656
33.437351 -117.771122
33.438140 -117.771571
33.438935 -117.772004
33.439737 -117.772421
33.440545 -117.772820
33.441358 -117.773203
33.442177 -117.773569
33.443001 -117.773917
33.443585 -117.774153
33.444194 -117.774395
33.445027 -117.774709
33.445866 -117.775005
33.446708 -117.775285
33.447506 -117.775532
33.447937 -117.776052
33.448560 -117.776784
33.449194 -117.777502
33.449838 -117.778207
33.450493 -117.778898
33.451158 -117.779576
33.451832 -117.780240
33.452516 -117.780889
33.453209 -117.781525
33.453912 -117.782145
33.454019 -117.782238
33.454271 -117.782467
33.454974 -117.783087
33.455685 -117.783694
33.455922 -117.783890
33.456573 -117.784530
33.457257 -117.785180
33.457950 -117.785815
33.458653 -117.786436
33.459364 -117.787042
33.460085 -117.787634
33.460813 -117.788210
33.461551 -117.788771
33.462296 -117.789316
33.463049 -117.789846
33.463810 -117.790360
33.464578 -117.790858
33.465167 -117.791227
33.465587 -117.791638
33.466271 -117.792287
33.466965 -117.792923
33.467170 -117.793106
33.467448 -117.793359
33.468151 -117.793980
33.468862 -117.794586
33.469583 -117.795177
33.470034 -117.795537
33.470429 -117.795909
33.471122 -117.796544
33.471825 -117.797165
33.472536 -117.797771
33.473257 -117.798363
33.473778 -117.798777
33.474212 -117.799186
33.474852 -117.799774
33.475056 -117.800056
33.475635 -117.800838
33.476226 -117.801607
33.476827 -117.802364
33.477440 -117.803109
33.478063 -117.803840
33.478697 -117.804559
33.479341 -117.805264
33.479996 -117.805955
33.480355 -117.806325
33.480959 -117.806962
33.481623 -117.807640
33.482297 -117.808304
33.482981 -117.808953
33.483675 -117.809589
33.484377 -117.810210
33.485089 -117.810816
33.485809 -117.811408
33.486538 -117.811984
33.487252 -117.812527
33.487403 -117.812797
33.487898 -117.813657
33.488405 -117.814506
33.488925 -117.815345
33.489457 -117.816173
33.490001 -117.816990
33.490557 -117.817796
33.491124 -117.818589
33.491703 -117.819371
33.492294 -117.820141
33.492895 -117.820898
33.493508 -117.821642
33.494131 -117.822374
33.494765 -117.823093
33.495410 -117.823798
33.496064 -117.824490
33.496729 -117.825168
33.497403 -117.825832
33.498087 -117.826482
33.498551 -117.826910
33.498555 -117.826923
33.498876 -117.827894
33.499210 -117.828859
33.499558 -117.829816
33.499921 -117.830765
33.500297 -117.831707
33.500687 -117.832641
33.501090 -117.833567
33.501507 -117.834484
33.501938 -117.835393
33.502381 -117.836292
33.502838 -117.837182
33.503307 -117.838062
33.503789 -117.838933
33.504284 -117.839793
33.504792 -117.840643
33.505312 -117.841482
33.505844 -117.842310
33.506331 -117.843044
33.506493 -117.843529
33.506828 -117.844493
33.507176 -117.845450
33.507539 -117.846400
33.507915 -117.847342
33.508305 -117.848276
33.508708 -117.849202
33.509125 -117.850119
33.509555 -117.851028
33.509999 -117.851927
33.510455 -117.852817
33.510925 -117.853698
33.511407 -117.854568
33.511902 -117.855429
33.512410 -117.856279
33.560219 -117.822247
33.561660 -117.822320
33.561703 -117.822318
33.561963 -117.822302
33.562428 -117.822173
33.562534 -117.822144
33.562911 -117.821886
33.563051 -117.821750
33.563483 -117.821328
33.563684 -117.821248
33.564117 -117.821168
33.564668 -117.821191
33.565271 -117.821290
33.565481 -117.821324
33.565650 -117.821296
33.565771 -117.821264
33.565799 -117.821256
33.565914 -117.821039
33.565928 -117.820753
33.565912 -117.820420
33.565975 -117.820074
33.566307 -117.819731
33.566579 -117.819320
33.566832 -117.818942
33.566879 -117.818871
33.567024 -117.818514
33.567240 -117.817981
33.567511 -117.817557
33.567755 -117.817253
33.568017 -117.816901
33.568300 -117.816596
33.568456 -117.816401
33.568772 -117.816238
33.569092 -117.815917
33.569576 -117.815573
33.569801 -117.815459
33.570070 -117.815322
33.570388 -117.815277
33.571148 -117.815447
33.571884 -117.815593
33.572211 -117.815679
33.572415 -117.815733
33.572744 -117.815736
33.573069 -117.815658
33.573368 -117.815552
33.573564 -117.815368
33.573833 -117.815397
33.574069 -117.815699
33.574264 -117.816042
33.574527 -117.816210
33.574897 -117.816260
33.575226 -117.816274
33.575572 -117.816158
33.576010 -117.816086
33.576249 -117.816115
33.576348 -117.816089
33.576535 -117.815965
33.576594 -117.815822
33.576650 -117.815688
33.576817 -117.815600
33.576984 -117.815464
33.577351 -117.815336
33.577594 -117.815055
33.577783 -117.815002
33.578041 -117.814948
33.578214 -117.814935
33.579146 -117.814870
33.579564 -117.814858
33.579831 -117.814756
33.580154 -117.814420
33.580290 -117.814279
33.580654 -117.814007
33.580769 -117.813918
33.581017 -117.813724
33.581082 -117.813629
33.581332 -117.813262
33.581496 -117.812971
33.581601 -117.812754
33.582133 -117.812418
33.582665 -117.812071
33.582943 -117.812039
33.583331 -117.811993
33.583668 -117.811888
33.583925 -117.811810
33.584282 -117.811717
33.584682 -117.811753
33.585081 -117.811790
33.585230 -117.811912
33.585334 -117.811997
33.585525 -117.812063
33.585754 -117.812069
33.586192 -117.812021
33.586396 -117.811766
33.586541 -117.811386
33.586557 -117.811345
33.586827 -117.811063
33.587095 -117.810782
33.587385 -117.810358
33.587554 -117.809818
33.587723 -117.809254
33.587893 -117.808761
33.587985 -117.808380
33.587983 -117.808271
33.588070 -117.808150
33.588446 -117.807711
33.588818 -117.807391
33.589182 -117.807155
33.589825 -117.806899
33.590380 -117.806706
33.590971 -117.806380
33.591609 -117.806350
33.591690 -117.806327
33.592064 -117.806219
33.592371 -117.806103
33.593242 -117.805782
33.593822 -117.805373
33.594075 -117.805242
33.594187 -117.805184
33.594356 -117.805129
33.594979 -117.804924
33.595605 -117.804824
33.596022 -117.804741
33.596495 -117.804466
33.596773 -117.804411
33.596963 -117.804406
33.597168 -117.804374
33.597762 -117.804526
33.597936 -117.804542
33.598062 -117.804554
33.598403 -117.804651
33.598723 -117.804733
33.598823 -117.804759
33.598899 -117.804767
33.599433 -117.804825
33.600140 -117.804794
33.600487 -117.804701
33.600814 -117.804608
33.601360 -117.804486
33.601577 -117.804409
33.601871 -117.804162
33.602109 -117.804073
33.602396 -117.803981
33.602862 -117.803826
33.602905 -117.803824
33.603061 -117.803820
33.603744 -117.803855
33.603975 -117.803932
33.604229 -117.804210
33.604413 -117.804431
33.604777 -117.804683
33.604998 -117.804772
33.605338 -117.804835
33.605465 -117.804870
33.605477 -117.804795
33.605472 -117.804743
33.605370 -117.804385
33.605363 -117.804070
33.605339 -117.803938
33.605314 -117.803876
33.605274 -117.803795
33.605224 -117.803697
33.605044 -117.803404
33.605001 -117.803238
33.605064 -117.803052
33.605086 -117.802986
33.605279 -117.802519
33.605590 -117.801806
33.605623 -117.801742
33.605636 -117.801708
33.605766 -117.801405
33.606040 -117.800722
33.606097 -117.800421
33.606153 -117.800122
33.606317 -117.799809
33.606364 -117.799777
33.606543 -117.799659
33.606642 -117.799621
33.606647 -117.799527
33.606560 -117.799390
33.606088 -117.798502
33.606031 -117.798436
33.605602 -117.797912
33.604973 -117.797335
33.604297 -117.796943
33.604227 -117.796903
33.603995 -117.796755
33.603575 -117.796659
33.603419 -117.796628
33.603364 -117.796617
33.603278 -117.796620
33.603194 -117.796580
33.603122 -117.796434
33.603126 -117.796193
33.603114 -117.796161
33.603096 -117.796125
33.603068 -117.796084
33.603003 -117.795973
33.603000 -117.795818
33.603005 -117.795556
33.602996 -117.795081
33.602978 -117.794712
33.602916 -117.794583
33.602734 -117.794433
33.602589 -117.794140
33.602613 -117.793854
33.602798 -117.793658
33.603004 -117.793462
33.603251 -117.793360
33.603366 -117.793321
33.603479 -117.793282
33.603763 -117.793024
33.603974 -117.792626
33.604024 -117.792108
33.603995 -117.791624
33.604055 -117.791269
33.604330 -117.790397
33.604426 -117.790252
33.604579 -117.789879
33.604676 -117.789269
33.604664 -117.789023
33.604431 -117.788260
33.604399 -117.787888
33.604367 -117.787719
33.604229 -117.787306
33.604225 -117.787068
33.604229 -117.786758
33.604174 -117.786510
33.603906 -117.786076
33.603788 -117.785935
33.603665 -117.785772
33.603600 -117.785489
33.603595 -117.785219
33.603504 -117.784898
33.603182 -117.784238
33.603046 -117.783905
33.603015 -117.783335
33.603060 -117.783069
33.603078 -117.782964
33.603108 -117.782452
33.603107 -117.781916
33.602990 -117.781659
33.602920 -117.781505
33.602718 -117.780880
33.602630 -117.780430
33.602478 -117.779815
33.602266 -117.779190
33.602212 -117.778866
33.602176 -117.778646
33.602122 -117.778445
33.601909 -117.778111
33.601875 -117.778059
33.601727 -117.777644
33.601661 -117.777291
33.601643 -117.776887
33.601785 -117.776502
33.601830 -117.776267
33.601834 -117.776077
33.602101 -117.776054
33.602455 -117.775912
33.602501 -117.775911
33.602571 -117.775909
33.602887 -117.775874
33.603555 -117.775798
33.603804 -117.775791
33.604174 -117.775817
33.604417 -117.775888
33.604695 -117.775969
33.604965 -117.776021
33.605263 -117.775976
33.605748 -117.775796
33.605882 -117.775698
33.606052 -117.775574
33.606385 -117.775534
33.606521 -117.775536
33.606931 -117.775586
33.607030 -117.775583
33.607159 -117.775544
33.607356 -117.775431
33.607660 -117.775209
33.607726 -117.775165
33.607773 -117.775154
33.608131 -117.775120
33.608402 -117.775196
33.608464 -117.775229
33.608614 -117.775309
33.608884 -117.775373
33.609133 -117.775366
33.609495 -117.775022
33.609917 -117.774689
33.610182 -117.774479
33.610429 -117.774353
33.610476 -117.774209
33.610480 -117.773924
33.610342 -117.773475
33.610308 -117.773286
33.610296 -117.773179
33.610151 -117.772909
33.610112 -117.772458
33.610007 -117.772175
33.609847 -117.771868
33.609738 -117.771659
33.609614 -117.771472
33.609551 -117.771283
33.609498 -117.771106
33.609423 -117.770835
33.609399 -117.770633
33.609304 -117.770362
33.609279 -117.770281
33.609240 -117.770150
33.609187 -117.769996
33.609115 -117.769891
33.609063 -117.769833
33.608961 -117.769822
33.608796 -117.769876
33.608716 -117.769913
33.608489 -117.770016
33.608152 -117.770109
33.607953 -117.770079
33.607763 -117.770096
33.607457 -117.770235
33.607179 -117.770291
33.606812 -117.770373
33.606692 -117.770364
33.606619 -117.770188
33.606584 -117.769927
33.606519 -117.769655
33.606464 -117.769406
33.606460 -117.769204
33.606472 -117.768775
33.606536 -117.768488
33.606535 -117.768451
33.606532 -117.768298
33.606526 -117.768012
33.606511 -117.767751
33.606437 -117.767539
33.606402 -117.767254
33.606397 -117.767028
33.606408 -117.766564
33.606393 -117.766278
33.606439 -117.765611
33.606418 -117.765028
33.606401 -117.764707
33.606251 -117.763413
33.606254 -117.763032
33.606238 -117.762747
33.606085 -117.762573
33.605972 -117.762397
33.605881 -117.762201
33.605868 -117.762174
33.605785 -117.762022
33.605702 -117.761833
33.605716 -117.761524
33.605780 -117.761272
33.605907 -117.761126
33.605953 -117.761102
33.606055 -117.761050
33.606280 -117.760817
33.606495 -117.760621
33.606845 -117.760159
33.607143 -117.759648
33.607558 -117.758937
33.607779 -117.758502
33.607948 -117.758009
33.608020 -117.757751
33.608032 -117.757709
33.608202 -117.757252
33.608235 -117.756894
33.608230 -117.756644
33.608135 -117.756361
33.608049 -117.756031
33.607969 -117.755595
33.607892 -117.755178
33.607885 -117.755086
33.607852 -117.754667
33.607894 -117.754273
33.607910 -117.754059
33.607956 -117.753891
33.607981 -117.753640
33.607978 -117.753462
33.607804 -117.753264
33.607520 -117.753011
33.607347 -117.752829
33.607315 -117.752710
33.607281 -117.752473
33.607278 -117.752340
33.607276 -117.752224
33.607246 -117.752148
33.607202 -117.752035
33.607031 -117.751933
33.606779 -117.751833
33.606666 -117.751658
33.606624 -117.751516
33.606622 -117.751409
33.606694 -117.751256
33.606708 -117.751228
33.606873 -117.751021
33.607157 -117.750787
33.607331 -117.750520
33.607375 -117.750209
33.607397 -117.749816
33.607415 -117.749408
33.607418 -117.749339
33.607515 -117.749120
33.607670 -117.748987
33.607796 -117.748805
33.607980 -117.748562
33.608154 -117.748295
33.608268 -117.747994
33.608283 -117.747756
33.608286 -117.747422
33.608267 -117.746947
33.608253 -117.746733
33.608025 -117.746311
33.607759 -117.745961
33.607591 -117.745550
33.607413 -117.745114
33.607348 -117.744366
33.607318 -117.744064
33.607103 -117.743510
33.606909 -117.743348
33.606789 -117.743323
33.606493 -117.743222
33.606393 -117.743119
33.606344 -117.743065
33.606286 -117.743022
33.606255 -117.742964
33.606321 -117.742748
33.606397 -117.742481
33.606419 -117.742262
33.606463 -117.741952
33.606529 -117.741747
33.606735 -117.741610
33.606981 -117.741461
33.607447 -117.741401
33.607586 -117.741358
33.607815 -117.741282
33.608034 -117.741276
33.608381 -117.741159
33.608697 -117.741021
33.608951 -117.740752
33.609023 -117.740405
33.609005 -117.740335
33.608926 -117.740039
33.608717 -117.739557
33.608431 -117.739208
33.608345 -117.738889
33.608196 -117.738405
33.608181 -117.738144
33.608315 -117.737866
33.608483 -117.737679
33.608602 -117.737275
33.608646 -117.737000
33.608659 -117.736619
33.608612 -117.736275
33.608426 -117.735959
33.608183 -117.735775
33.608038 -117.735482
33.607819 -117.734976
33.607724 -117.734741
33.607454 -117.734689
33.607255 -117.734695
33.606913 -117.734957
33.606803 -117.735041
33.606438 -117.735218
33.605925 -117.735483
33.605351 -117.735690
33.604847 -117.735906
33.604718 -117.735922
33.604685 -117.735768
33.604679 -117.735447
33.604752 -117.735112
33.604768 -117.735036
33.604806 -117.734860
33.604749 -117.734493
33.604715 -117.734256
33.604561 -117.734070
33.604308 -117.733996
33.604060 -117.734068
33.603836 -117.734153
33.603516 -117.734397
33.603121 -117.734587
33.602817 -117.734660
33.602556 -117.734722
33.602316 -117.734801
33.602078 -117.734747
33.601788 -117.734696
33.601690 -117.734770
33.601477 -117.735156
33.601448 -117.735199
33.601158 -117.735583
33.601063 -117.735723
33.600878 -117.735996
33.600782 -117.736141
33.600480 -117.736284
33.600413 -117.736322
33.600340 -117.736350
33.599950 -117.736451
33.599506 -117.736678
33.599178 -117.736758
33.599060 -117.736755
33.598959 -117.736753
33.598717 -117.736617
33.598596 -117.736525
33.598499 -117.736390
33.598416 -117.736289
33.598194 -117.735944
33.597940 -117.735486
33.597835 -117.735339
33.597756 -117.735230
33.597632 -117.735075
33.597583 -117.735016
33.597392 -117.734881
33.597407 -117.734501
33.597431 -117.734209
33.597650 -117.733674
33.597694 -117.732835
33.597993 -117.732516
33.598340 -117.732342
33.598655 -117.732042
33.598892 -117.731689
33.599005 -117.731184
33.599084 -117.730573
33.599317 -117.729768
33.599297 -117.729349
33.599482 -117.728383
33.599679 -117.728066
33.599933 -117.727721
33.600271 -117.727059
33.600343 -117.726470
33.600295 -117.726056
33.600253 -117.725691
33.600204 -117.725254
33.600193 -117.725158
33.600200 -117.725027
33.600237 -117.725007
33.600269 -117.724989
33.600660 -117.725133
33.601040 -117.725193
33.601329 -117.725197
33.601705 -117.725079
33.602366 -117.724798
33.602821 -117.724643
33.603417 -117.724520
33.604075 -117.724383
33.604299 -117.724328
33.604576 -117.724134
33.605166 -117.723359
33.605351 -117.722433
33.605427 -117.721687
33.605860 -117.721214
33.607112 -117.719839
33.607851 -117.718633
33.608082 -117.718358
33.608430 -117.717941
33.609046 -117.717206
33.610340 -117.715964
33.613221 -117.713433
33.614537 -117.711840
33.615822 -117.709869
33.617018 -117.707457
33.618323 -117.704782
33.618572 -117.704233
33.618904 -117.703832
33.619358 -117.703345
33.619860 -117.702979
33.620430 -117.702597
33.620906 -117.702056
33.621342 -117.701191
33.621989 -117.699274
33.623375 -117.697602
33.623712 -117.696881
33.623841 -117.696604
33.624423 -117.694577
33.624550 -117.694135
33.624940 -117.693299
33.625113 -117.693072
33.625414 -117.692676
33.626161 -117.692060
33.627637 -117.690596
33.628686 -117.689862
33.628885 -117.689787
33.630304 -117.689247
33.631599 -117.688621
33.631885 -117.688297
33.632297 -117.687830
33.632967 -117.686850
33.633160 -117.686290
33.633235 -117.685557
33.633246 -117.684961
33.633492 -117.684251
33.633820 -117.683700
33.634989 -117.682164
33.635901 -117.681353
33.636611 -117.681041
33.638001 -117.680429
33.639094 -117.680040
33.639372 -117.679993
33.639606 -117.679797
33.639747 -117.679476
33.639840 -117.679060
33.639809 -117.678695
33.639799 -117.678168
33.639800 -117.677695
33.639917 -117.677299
33.640203 -117.676898
33.640539 -117.676713
33.640936 -117.676200
33.641175 -117.675693
33.641546 -117.675560
33.641812 -117.675605
33.641955 -117.675629
33.642425 -117.675940
33.642791 -117.676092
33.642894 -117.676170
33.642980 -117.676479
33.643109 -117.676691
33.643235 -117.676782
33.643530 -117.676787
33.643776 -117.676645
33.643813 -117.676626
33.644000 -117.676530
33.644373 -117.676519
33.645207 -117.676332
33.645500 -117.676359
33.645792 -117.676694
33.646191 -117.676817
33.646615 -117.676754
33.646942 -117.676717
33.647383 -117.676704
33.647621 -117.676684
33.647757 -117.676693
33.648180 -117.676897
33.648547 -117.677103
33.649153 -117.677129
33.649284 -117.677176
33.649327 -117.677214
33.649561 -117.677425
33.649747 -117.677650
33.649893 -117.678132
33.650022 -117.678386
33.650410 -117.678537
33.650820 -117.678633
33.651467 -117.678695
33.651783 -117.678659
33.652030 -117.678543
33.652496 -117.678070
33.652762 -117.677832
33.652926 -117.677502
33.652946 -117.677145
33.652868 -117.676895
33.652756 -117.676425
33.652751 -117.676181
33.652981 -117.675782
33.653028 -117.675689
33.653057 -117.675631
33.653148 -117.675192
33.653233 -117.674273
33.653159 -117.673978
33.653074 -117.673709
33.652746 -117.673191
33.652630 -117.673019
33.652324 -117.672460
33.652224 -117.671989
33.652262 -117.671636
33.652482 -117.671359
33.652533 -117.671307
33.652667 -117.671171
33.653015 -117.670816
33.653362 -117.670643
33.653645 -117.670648
33.653682 -117.670668
33.654012 -117.670841
33.654308 -117.670940
33.655312 -117.670762
33.656355 -117.670251
33.657291 -117.669586
33.658087 -117.669144
33.658464 -117.668754
33.658706 -117.668423
33.658951 -117.668199
33.659262 -117.667919
33.659560 -117.667545
33.659636 -117.667398
33.659908 -117.666872
33.660140 -117.666581
33.660485 -117.666259
33.660614 -117.666109
33.660691 -117.666020
33.661071 -117.665579
33.661122 -117.665546
33.661428 -117.665352
33.661581 -117.665063
33.661552 -117.664841
33.661541 -117.664753
33.661569 -117.663927
33.661342 -117.663365
33.661326 -117.663136
33.661307 -117.663032
33.661221 -117.662773
33.661233 -117.662637
33.661248 -117.662153
33.661170 -117.661803
33.661020 -117.661494
33.660936 -117.661266
33.660898 -117.661037
33.660844 -117.660633
33.660839 -117.660390
33.660959 -117.660156
33.661159 -117.660001
33.661485 -117.659843
33.661928 -117.659585
33.662823 -117.659397
33.663049 -117.659391
33.663466 -117.659311
33.664254 -117.659057
33.664862 -117.658918
33.665154 -117.658787
33.665343 -117.658633
33.665575 -117.658321
33.665604 -117.658118
33.665508 -117.657975
33.665463 -117.657824
33.665460 -117.657702
33.665581 -117.657536
33.665840 -117.657447
33.665868 -117.657447
33.666123 -117.657439
33.666413 -117.657227
33.666611 -117.656951
33.666627 -117.656877
33.666663 -117.656719
33.666851 -117.656538
33.667197 -117.656284
33.667597 -117.655934
33.667803 -117.655836
33.667900 -117.655790
33.668034 -117.655704
33.668122 -117.655572
33.668256 -117.655468
33.668282 -117.655462
33.668481 -117.655421
33.668939 -117.655096
33.669161 -117.654913
33.669283 -117.654788
33.669355 -117.654663
33.669426 -117.654540
33.669466 -117.654295
33.669412 -117.653891
33.669383 -117.653567
33.669379 -117.653405
33.669499 -117.653185
33.669546 -117.653144
33.669644 -117.653058
33.669907 -117.652631
33.670093 -117.652328
33.670247 -117.652093
33.670312 -117.651956
33.670339 -117.651644
33.670253 -117.651295
33.670234 -117.651228
33.670179 -117.651026
33.670095 -117.650785
33.670079 -117.650569
33.670070 -117.650150
33.670166 -117.649849
33.670319 -117.649574
33.670485 -117.649407
33.670725 -117.649334
33.670970 -117.649297
33.671068 -117.649119
33.671095 -117.649004
33.671120 -117.648900
33.671213 -117.648478
33.671394 -117.648185
33.671946 -117.647793
33.672483 -117.647453
33.672603 -117.647259
33.672607 -117.647170
33.672611 -117.647056
33.672553 -117.646950
33.672387 -117.646781
33.672205 -117.646466
33.672180 -117.646432
33.672162 -117.646391
33.672119 -117.646286
33.672116 -117.646124
33.672323 -117.645738
33.672473 -117.645575
33.672789 -117.645232
33.673107 -117.645030
33.673745 -117.644440
33.673894 -117.644183
33.673965 -117.644118
33.674274 -117.643701
33.674448 -117.643373
33.674758 -117.643053
33.674989 -117.642735
33.675162 -117.642350
33.675209 -117.641875
33.675220 -117.641775
33.675213 -117.641619
33.675183 -117.641450
33.675168 -117.641367
33.675073 -117.641227
33.675057 -117.641181
33.675132 -117.640890
33.675229 -117.640657
33.675470 -117.640284
33.675828 -117.640057
33.676053 -117.640030
33.676133 -117.640021
33.676402 -117.639891
33.676636 -117.639735
33.676959 -117.639468
33.677147 -117.639233
33.677277 -117.638972
33.677360 -117.638705
33.677470 -117.638424
33.677546 -117.638273
33.677756 -117.638050
33.677905 -117.637978
33.677992 -117.637935
33.678271 -117.637778
33.678549 -117.637526
33.678815 -117.637234
33.678903 -117.636943
33.678931 -117.636851
33.679029 -117.636090
33.679143 -117.635613
33.679273 -117.635312
33.679461 -117.635103
33.680013 -117.634951
33.680088 -117.634944
33.680239 -117.634931
33.680469 -117.634871
33.680532 -117.634855
33.680603 -117.634849
33.680803 -117.634833
33.680880 -117.634803
33.680950 -117.634776
33.681185 -117.634686
33.681476 -117.634515
33.681589 -117.634389
33.681763 -117.634195
33.682022 -117.634063
33.682211 -117.633965
33.682707 -117.633829
33.683152 -117.633477
33.683329 -117.633269
33.684069 -117.632712
33.684182 -117.632627
33.684415 -117.632417
33.684662 -117.632302
33.684929 -117.632206
33.685157 -117.632124
33.685382 -117.632063
33.685696 -117.631946
33.685862 -117.631765
33.685949 -117.631565
33.685940 -117.631153
33.685934 -117.630883
33.685849 -117.630574
33.685834 -117.630412
33.685841 -117.630182
33.685945 -117.630108
33.686019 -117.630055
33.686220 -117.629900
33.686340 -117.629680
33.686390 -117.629224
33.686397 -117.629163
33.686431 -117.628634
33.686458 -117.628309
33.686624 -117.628128
33.686968 -117.627806
33.687145 -117.627584
33.687224 -117.627582
33.687337 -117.627579
33.687655 -117.627623
33.688054 -117.627733
33.688353 -117.627954
33.688528 -117.628193
33.688693 -117.628499
33.689099 -117.628961
33.689341 -117.629184
33.689689 -117.629566
33.689781 -117.629631
33.690043 -117.629704
33.690470 -117.629570
33.690798 -117.629519
33.690845 -117.629524
33.690920 -117.629581
33.691056 -117.629720
33.691177 -117.629820
33.691258 -117.629888
33.691360 -117.629910
33.691389 -117.629919
33.691566 -117.629983
33.691659 -117.630102
33.691787 -117.630275
33.691880 -117.630394
33.691973 -117.630526
33.692180 -117.630656
33.692420 -117.630743
33.692523 -117.630808
33.692605 -117.630954
33.692667 -117.631196
33.692731 -117.631573
33.692770 -117.631789
33.692807 -117.631950
33.692935 -117.632095
33.693096 -117.632226
33.693223 -117.632330
33.693324 -117.632313
33.693470 -117.632228
33.693614 -117.632170
33.693691 -117.632167
33.693734 -117.632166
33.693780 -117.632171
33.693925 -117.632323
33.694088 -117.632534
33.694217 -117.632761
33.694323 -117.632974
33.694427 -117.633079
33.694552 -117.633103
33.694756 -117.633097
33.694903 -117.633092
33.695087 -117.633222
33.695316 -117.633364
33.695412 -117.633605
33.695495 -117.633778
33.695755 -117.633771
33.696231 -117.633811
33.696502 -117.633962
33.696658 -117.634139
33.696794 -117.634310
33.696966 -117.634344
33.697036 -117.634396
33.697222 -117.634620
33.697300 -117.634835
33.697351 -117.635077
33.697444 -117.635209
33.697672 -117.635270
33.697921 -117.635276
33.698252 -117.635415
33.698481 -117.635517
33.698651 -117.635525
33.698767 -117.635671
33.698903 -117.635680
33.699027 -117.635650
33.699230 -117.635630
33.699400 -117.635625
33.699525 -117.635635
33.699699 -117.635819
33.699816 -117.636005
33.699967 -117.636217
33.700126 -117.636226
33.700171 -117.636230
33.700738 -117.636275
33.700931 -117.636270
33.701125 -117.636372
33.701293 -117.636523
33.701415 -117.636661
33.701542 -117.636820
33.701678 -117.636830
33.701949 -117.636781
33.702212 -117.636910
33.702349 -117.636815
33.702826 -117.636484
33.703052 -117.636325
33.703351 -117.636116
33.703705 -117.635713
33.703971 -117.635462
33.704279 -117.635046
33.704308 -117.634959
33.704433 -117.634586
33.704559 -117.634334
33.704703 -117.634207
33.704891 -117.633972
33.704954 -117.633712
33.704946 -117.633347
33.704893 -117.633206
33.704790 -117.632932
33.704695 -117.632810
33.704616 -117.632707
33.704530 -117.632385
33.704517 -117.632194
33.704513 -117.632142
33.704610 -117.631909
33.704630 -117.631773
33.704502 -117.631587
33.704476 -117.631466
33.704415 -117.631251
33.704286 -117.631038
33.704257 -117.630728
33.704143 -117.630256
33.704136 -117.630225
33.704121 -117.630163
33.704055 -117.629718
33.703926 -117.629505
33.703843 -117.629318
33.703592 -117.629245
33.703352 -117.629130
33.703122 -117.628988
33.702881 -117.628819
33.702764 -117.628633
33.702860 -117.628373
33.702773 -117.627983
33.702695 -117.627511
33.702722 -117.627169
33.702740 -117.626941
33.702938 -117.626651
33.703016 -117.626588
33.703183 -117.626454
33.703291 -117.626207
33.703230 -117.625735
33.703239 -117.625564
33.703326 -117.625407
33.703641 -117.625100
33.703772 -117.624880
33.703788 -117.624527
33.703819 -117.624404
33.704065 -117.624235
33.704171 -117.624181
33.704378 -117.624076
33.704511 -117.623910
33.704427 -117.623682
33.704330 -117.623401
33.704279 -117.623131
33.704352 -117.622818
33.704362 -117.622478
33.704365 -117.622379
33.704356 -117.622342
33.704274 -117.622027
33.704230 -117.621855
33.704208 -117.621791
33.704049 -117.621319
33.703706 -117.620808
33.703557 -117.620575
33.703496 -117.620333
33.703525 -117.620116
33.703705 -117.619501
33.703845 -117.619186
33.704008 -117.618842
33.704181 -117.618444
33.704176 -117.618228
33.704155 -117.617782
33.704035 -117.617447
33.703857 -117.617031
33.703828 -117.616762
33.703716 -117.616251
33.703641 -117.615956
33.703513 -117.615756
33.703363 -117.615639
33.703258 -117.615480
33.703093 -117.615160
33.703009 -117.614973
33.702671 -117.614509
33.702321 -117.614005
33.702113 -117.613795
33.701990 -117.613646
33.701950 -117.613597
33.701929 -117.613529
33.701865 -117.613328
33.701857 -117.612923
33.701806 -117.612667
33.701772 -117.612461
33.701679 -117.611890
33.701637 -117.611629
33.701619 -117.611305
33.701579 -117.611021
33.701485 -117.610874
33.701279 -117.610759
33.701104 -117.610507
33.700776 -117.610002
33.700482 -117.609470
33.700319 -117.609166
33.700081 -117.608724
33.699845 -117.608345
33.699800 -117.608272
33.699670 -117.608018
33.699527 -117.607903
33.699347 -117.607757
33.698979 -117.607471
33.698714 -117.607262
33.698457 -117.606904
33.698314 -117.606543
33.698127 -117.606284
33.698104 -117.606251
33.698073 -117.606234
33.697875 -117.606123
33.697532 -117.606035
33.697319 -117.605273
33.697124 -117.604884
33.696967 -117.604617
33.696941 -117.604583
33.696746 -117.604324
33.696721 -117.604290
33.696355 -117.603944
33.695939 -117.603146
33.695381 -117.602210
33.694928 -117.601509
33.694885 -117.601303
33.694839 -117.601083
33.694889 -117.600581
33.695025 -117.600410
33.695392 -117.600186
33.695516 -117.600110
33.695822 -117.599843
33.696084 -117.599616
33.696222 -117.599427
33.696297 -117.599324
33.696351 -117.599072
33.696268 -117.598884
33.696087 -117.598708
33.695983 -117.598606
33.695715 -117.598398
33.695658 -117.598354
33.695145 -117.597631
33.695050 -117.597494
33.694672 -117.596954
33.694296 -117.596349
33.694280 -117.596323
33.694158 -117.596167
33.694116 -117.596114
33.694011 -117.595855
33.694006 -117.595617
33.694017 -117.595187
33.694011 -117.594902
33.693972 -117.594661
33.693910 -117.594534
33.693777 -117.594383
33.693695 -117.594185
33.693610 -117.593832
33.693629 -117.593475
33.693596 -117.593175
33.693544 -117.592846
33.693503 -117.592582
33.693459 -117.592393
33.693513 -117.592081
33.693608 -117.591888
33.693664 -117.591720
33.693659 -117.591481
33.693628 -117.591345
33.693615 -117.591292
33.693533 -117.591176
33.693369 -117.590942
33.692809 -117.589935
33.692626 -117.589556
33.692589 -117.589480
33.692559 -117.589418
33.692262 -117.588670
33.692222 -117.588571
33.692176 -117.588424
33.692073 -117.588099
33.692004 -117.587696
33.691918 -117.587389
33.691600 -117.586751
33.691544 -117.586638
33.691457 -117.586331
33.691382 -117.585594
33.691293 -117.585145
33.691304 -117.584739
33.691374 -117.584406
33.691229 -117.584027
33.690983 -117.583701
33.690579 -117.583475
33.690395 -117.583242
33.690371 -117.583028
33.690502 -117.582643
33.690695 -117.582375
33.690809 -117.582086
33.690976 -117.581509
33.690983 -117.580946
33.690980 -117.580908
33.690818 -117.580632
33.690764 -117.580546
33.690673 -117.580398
33.690667 -117.580355
33.690627 -117.580090
33.690620 -117.579757
33.690615 -117.579543
33.690928 -117.579247
33.691080 -117.578909
33.691086 -117.578289
33.691166 -117.577358
33.691156 -117.576881
33.691126 -117.576724
33.691089 -117.576526
33.691005 -117.576422
33.690884 -117.576270
33.690762 -117.576155
33.690592 -117.575684
33.690418 -117.575475
33.690275 -117.575379
33.690155 -117.575298
33.690012 -117.575106
33.689862 -117.574905
33.689662 -117.574632
33.689259 -117.574323
33.689084 -117.574100
33.689078 -117.573844
33.689076 -117.573732
33.689075 -117.573695
33.689083 -117.573123
33.689161 -117.572586
33.689170 -117.572525
33.689164 -117.572475
33.689119 -117.572050
33.689094 -117.571953
33.689033 -117.571719
33.688639 -117.571040
33.688189 -117.570459
33.687662 -117.570174
33.687604 -117.570143
33.687359 -117.569888
33.687191 -117.569512
33.687108 -117.569324
33.686703 -117.569027
33.686362 -117.568918
33.686151 -117.568836
33.686081 -117.568808
33.686013 -117.568463
33.685969 -117.568240
33.685857 -117.568042
33.685659 -117.567695
33.685596 -117.567584
33.685343 -117.566925
33.685193 -117.566429
33.685040 -117.565814
33.685020 -117.565682
33.684950 -117.565224
33.684924 -117.565056
33.684717 -117.564681
33.684420 -117.564390
33.684183 -117.564203
33.684167 -117.564108
33.684166 -117.564061
33.684243 -117.564003
33.684270 -117.563979
33.684375 -117.563896
33.684413 -117.563837
33.684560 -117.563602
33.684612 -117.563517
33.684812 -117.563107
33.684852 -117.563021
33.684846 -117.562948
33.684844 -117.562865
33.684810 -117.562813
33.684738 -117.562718
33.684716 -117.562685
33.684608 -117.562560
33.684541 -117.561991
33.684633 -117.561774
33.684672 -117.561681
33.684740 -117.561395
33.684763 -117.561297
33.684819 -117.561080
33.684754 -117.560844
33.684702 -117.560298
33.684832 -117.559841
33.685041 -117.559382
33.685331 -117.558968
33.685568 -117.558866
33.686042 -117.558660
33.686318 -117.558407
33.686446 -117.558005
33.686478 -117.557646
33.686666 -117.557093
33.686774 -117.556565
33.686987 -117.556297
33.687142 -117.556101
33.687652 -117.555728
33.687985 -117.555456
33.688493 -117.554964
33.688707 -117.554743
33.688745 -117.554689
33.688862 -117.554524
33.688871 -117.554486
33.688953 -117.554139
33.689026 -117.553804
33.689202 -117.553655
33.689691 -117.553235
33.689965 -117.553012
33.690340 -117.552810
33.690754 -117.552607
33.690929 -117.552435
33.691182 -117.552141
33.691538 -117.552011
33.691625 -117.551974
33.692091 -117.551779
33.692346 -117.551605
33.692382 -117.551547
33.692577 -117.551240
33.692714 -117.551117
33.692989 -117.550918
33.693143 -117.550675
33.693217 -117.550410
33.693473 -117.550199
33.693667 -117.550039
33.693942 -117.549840
33.694634 -117.549604
33.695071 -117.549519
33.695326 -117.549339
33.695424 -117.549270
33.696011 -117.548751
33.696243 -117.548434
33.696379 -117.548287
33.696563 -117.548232
33.696795 -117.548155
33.696947 -117.547964
33.697125 -117.547764
33.697153 -117.547740
33.697302 -117.547615
33.697436 -117.547373
33.697570 -117.547067
33.697702 -117.546769
33.698036 -117.546260
33.698351 -117.545936
33.698506 -117.545828
33.698744 -117.545662
33.699057 -117.545390
33.699491 -117.545210
33.700023 -117.544932
33.700672 -117.544506
33.701300 -117.544082
33.701915 -117.543578
33.702552 -117.542875
33.702686 -117.542728
33.702718 -117.542701
33.702921 -117.542530
33.703078 -117.542446
33.703157 -117.542404
33.703469 -117.542108
33.703680 -117.541697
33.703951 -117.541331
33.704196 -117.541133
33.704382 -117.540984
33.704634 -117.540605
33.704690 -117.540522
33.704941 -117.540156
33.705150 -117.539734
33.705228 -117.539576
33.705378 -117.539192
33.705417 -117.539093
33.705665 -117.538585
33.706009 -117.537907
33.706508 -117.537057
33.706871 -117.536331
33.707160 -117.535870
33.707391 -117.535481
33.707653 -117.535296
33.707744 -117.535232
33.708040 -117.535080
33.708414 -117.535083
33.708637 -117.535085
33.709055 -117.535048
33.709529 -117.534843
33.709726 -117.534741
33.710137 -117.534419
33.710862 -117.533824
33.711145 -117.533458
33.711407 -117.533236
33.711519 -117.533181
33.711683 -117.533092
33.711744 -117.532947
33.711998 -117.532569
33.712153 -117.532259
33.712401 -117.531750
33.712694 -117.531503
33.712926 -117.531162
33.713118 -117.530697
33.713191 -117.530534
33.713302 -117.530270
33.713343 -117.530172
33.713415 -117.529836
33.713435 -117.529569
33.713462 -117.529215
33.713515 -117.528904
33.713784 -117.528466
33.714363 -117.527614
33.714574 -117.527226
33.714808 -117.527004
33.715220 -117.526682
33.715613 -117.526455
33.715907 -117.526208
33.716324 -117.526171
33.716542 -117.526092
33.716697 -117.525897
33.716666 -117.525374
33.716682 -117.525206
33.716695 -117.524896
33.716749 -117.524632
33.716744 -117.524370
