Battle_Creek
40.638370 -121.639218
40.637607 -121.639105
40.637038 -121.638862
40.636143 -121.638582
40.635435 -121.638958
40.634899 -121.638863
40.634068 -121.638454
40.633399 -121.638043
40.632732 -121.637737
40.631918 -121.637414
40.631169 -121.637068
40.630240 -121.636640
40.629652 -121.636184
40.628491 -121.635315
40.628080 -121.634813
40.627728 -121.633799
40.627528 -121.633067
40.627508 -121.632996
40.627159 -121.632259
40.626847 -121.631877
40.626500 -121.631294
40.626299 -121.630724
40.626194 -121.629927
40.626174 -121.629770
40.626088 -121.629692
40.625650 -121.629292
40.625536 -121.629231
40.625534 -121.629061
40.625530 -121.628737
40.625527 -121.628508
40.625064 -121.627731
40.624670 -121.627497
40.624265 -121.627258
40.623838 -121.626799
40.623031 -121.625668
40.622384 -121.624405
40.621700 -121.623466
40.621103 -121.622901
40.620450 -121.622468
40.619585 -121.621912
40.619041 -121.621136
40.618412 -121.620044
40.618076 -121.619009
40.617757 -121.618297
40.617363 -121.617621
40.617062 -121.617357
40.616527 -121.616887
40.616296 -121.616692
40.615746 -121.617888
40.615292 -121.619194
40.614949 -121.619864
40.614896 -121.619967
40.614438 -121.620933
40.613996 -121.621963
40.613608 -121.622645
40.613568 -121.622716
40.613346 -121.623103
40.613155 -121.623425
40.612939 -121.623621
40.612586 -121.623947
40.612088 -121.624298
40.611746 -121.624503
40.611220 -121.624783
40.611164 -121.624826
40.610738 -121.625154
40.610224 -121.625526
40.609611 -121.625751
40.608802 -121.625810
40.608153 -121.625739
40.607241 -121.625311
40.606326 -121.624650
40.605900 -121.624297
40.605328 -121.623862
40.604647 -121.623813
40.603887 -121.623934
40.603337 -121.623924
40.602348 -121.623860
40.600607 -121.623781
40.600078 -121.623758
40.597983 -121.623555
40.596997 -121.623459
40.596115 -121.622819
40.595477 -121.622322
40.594624 -121.621447
40.594350 -121.621115
40.594279 -121.621029
40.593350 -121.620559
40.592633 -121.620213
40.591562 -121.620043
40.591389 -121.620015
40.589630 -121.619722
40.588574 -121.619404
40.587826 -121.619228
40.587290 -121.619090
40.587138 -121.619066
40.587190 -121.618816
40.587396 -121.618396
40.587538 -121.618108
40.587915 -121.617165
40.588132 -121.616310
40.588153 -121.615769
40.588169 -121.615354
40.588264 -121.613864
40.588466 -121.613095
40.588686 -121.612559
40.588797 -121.612366
40.588584 -121.612136
40.588319 -121.611696
40.587858 -121.611068
40.587387 -121.609611
40.587020 -121.608726
40.586672 -121.608032
40.586155 -121.606811
40.585718 -121.605524
40.585305 -121.604852
40.584742 -121.603887
40.584423 -121.602958
40.584505 -121.602546
40.584576 -121.602190
40.584586 -121.601659
40.584285 -121.600922
40.584009 -121.600842
40.583509 -121.600343
40.583404 -121.599750
40.583152 -121.598948
40.582936 -121.598506
40.582663 -121.598703
40.581249 -121.599646
40.580348 -121.600196
40.579803 -121.600611
40.579479 -121.600639
40.579217 -121.600462
40.579022 -121.600330
40.578727 -121.600106
40.578368 -121.599834
40.577878 -121.599525
40.577276 -121.599304
40.576642 -121.599126
40.576318 -121.599091
40.576059 -121.599117
40.575708 -121.598912
40.575407 -121.598490
40.575114 -121.597990
40.574881 -121.597506
40.574812 -121.597167
40.574581 -121.596811
40.574029 -121.596164
40.573726 -121.595809
40.572985 -121.594826
40.572507 -121.594135
40.571744 -121.593835
40.571336 -121.593714
40.571092 -121.593613
40.571033 -121.593557
40.570895 -121.593425
40.570630 -121.592985
40.570527 -121.592499
40.570561 -121.591923
40.570518 -121.591755
40.570467 -121.591556
40.570287 -121.591307
40.570060 -121.590924
40.569879 -121.590675
40.569533 -121.590178
40.569336 -121.589852
40.569079 -121.589430
40.568720 -121.589069
40.568481 -121.588899
40.568317 -121.588844
40.568574 -121.588043
40.568685 -121.587478
40.568827 -121.586951
40.569029 -121.586480
40.569134 -121.585997
40.568622 -121.585702
40.568079 -121.585689
40.567581 -121.585677
40.567257 -121.585669
40.566761 -121.585603
40.566171 -121.585572
40.565543 -121.585561
40.565246 -121.585494
40.564080 -121.585277
40.563746 -121.584869
40.562578 -121.583298
40.562315 -121.582614
40.562006 -121.581809
40.561794 -121.581159
40.561745 -121.580916
40.561696 -121.580677
40.561526 -121.580366
40.561321 -121.580176
40.561182 -121.580164
40.561129 -121.580159
40.561144 -121.580123
40.561183 -121.580031
40.561249 -121.579757
40.561328 -121.579465
40.561449 -121.579171
40.561650 -121.578640
40.562016 -121.577979
40.562340 -121.577300
40.562332 -121.576610
40.562296 -121.575938
40.562009 -121.575145
40.561748 -121.574206
40.561626 -121.573264
40.561532 -121.572376
40.561404 -121.571035
40.561264 -121.569957
40.560988 -121.568755
40.560771 -121.568015
40.560339 -121.566680
40.560011 -121.565924
40.559641 -121.565132
40.559123 -121.564689
40.558018 -121.563823
40.557223 -121.563404
40.556775 -121.563403
40.557181 -121.562654
40.557656 -121.561871
40.557975 -121.561115
40.558155 -121.560226
40.558428 -121.558563
40.558484 -121.557449
40.558473 -121.556564
40.558351 -121.555181
40.558396 -121.554613
40.558578 -121.553950
40.558638 -121.553155
40.558386 -121.552388
40.557927 -121.551717
40.557449 -121.550887
40.557097 -121.550463
40.556868 -121.550435
40.556629 -121.550405
40.556233 -121.550550
40.555785 -121.550787
40.555268 -121.550979
40.554683 -121.551287
40.553968 -121.551575
40.553743 -121.551512
40.553292 -121.551476
40.553065 -121.551367
40.552700 -121.551216
40.552477 -121.551021
40.552245 -121.550818
40.551878 -121.550553
40.551405 -121.550177
40.551056 -121.549935
40.550818 -121.549768
40.550427 -121.549495
40.549589 -121.548945
40.549027 -121.548344
40.548950 -121.548239
40.548587 -121.547741
40.548012 -121.547458
40.547526 -121.547423
40.546504 -121.547400
40.546183 -121.547489
40.545987 -121.547570
40.545639 -121.547419
40.545204 -121.547269
40.544693 -121.546577
40.544291 -121.545560
40.543977 -121.544731
40.543549 -121.543696
40.543036 -121.542867
40.542633 -121.542490
40.542090 -121.542048
40.541620 -121.541854
40.541291 -121.541793
40.541152 -121.541773
40.540842 -121.541893
40.540409 -121.541925
40.539888 -121.541778
40.538895 -121.541345
40.538293 -121.540291
40.537831 -121.539326
40.537477 -121.538743
40.537180 -121.538180
40.537087 -121.538003
40.536673 -121.536808
40.536679 -121.535878
40.536647 -121.535619
40.536621 -121.535402
40.536338 -121.534932
40.536002 -121.534372
40.535629 -121.533631
40.535308 -121.532957
40.534881 -121.532059
40.534721 -121.531722
40.534765 -121.531085
40.534741 -121.530586
40.534633 -121.530248
40.534469 -121.529989
40.534421 -121.529912
40.534469 -121.529787
40.534589 -121.529478
40.534671 -121.529158
40.534837 -121.528542
40.534866 -121.528132
40.534860 -121.527679
40.534715 -121.527160
40.534563 -121.526587
40.534389 -121.526199
40.534294 -121.525844
40.534173 -121.525691
40.534137 -121.525630
40.534171 -121.525404
40.534152 -121.524945
40.533978 -121.524489
40.533792 -121.524187
40.533768 -121.523319
40.533765 -121.523132
40.533723 -121.522895
40.533603 -121.522608
40.533338 -121.522205
40.533194 -121.522106
40.532996 -121.521906
40.532808 -121.521670
40.532700 -121.521596
40.532652 -121.521552
40.532483 -121.521396
40.532215 -121.521006
40.532182 -121.520969
40.532008 -121.520768
40.531948 -121.520655
40.531955 -121.520463
40.531990 -121.520169
40.532015 -121.519836
40.532033 -121.519734
40.532029 -121.519573
40.531991 -121.519515
40.531956 -121.519464
40.531841 -121.519396
40.531721 -121.519328
40.531646 -121.519254
40.531623 -121.519197
40.531625 -121.518899
40.531564 -121.518797
40.531454 -121.518682
40.531316 -121.518552
40.531151 -121.518313
40.531051 -121.518448
40.530851 -121.518727
40.530774 -121.518792
40.530594 -121.518796
40.530361 -121.518793
40.530277 -121.518803
40.530153 -121.518939
40.530006 -121.519162
40.529929 -121.519226
40.529721 -121.519333
40.529453 -121.519410
40.529189 -121.519400
40.528944 -121.519452
40.528807 -121.519510
40.528604 -121.519554
40.528485 -121.519611
40.528394 -121.519519
40.528094 -121.519494
40.527939 -121.519498
40.527814 -121.519532
40.527710 -121.519687
40.527712 -121.519869
40.527688 -121.520017
40.527570 -121.520115
40.527518 -121.520229
40.527493 -121.520289
40.527409 -121.520482
40.527331 -121.520625
40.527276 -121.520723
40.527196 -121.520833
40.527097 -121.520851
40.527068 -121.520895
40.527016 -121.521043
40.527007 -121.521089
40.526944 -121.521252
40.526911 -121.521276
40.526881 -121.521299
40.526797 -121.521359
40.526689 -121.521459
40.526572 -121.521579
40.526444 -121.521679
40.526213 -121.521827
40.526071 -121.521921
40.525924 -121.522041
40.525786 -121.522142
40.525613 -121.522152
40.525430 -121.522184
40.525309 -121.522233
40.525229 -121.522285
40.525204 -121.522302
40.525056 -121.522378
40.525001 -121.522394
40.524918 -121.522375
40.524896 -121.522395
40.524852 -121.522433
40.524819 -121.522473
40.524744 -121.522564
40.524651 -121.522669
40.524571 -121.522851
40.524517 -121.522939
40.524442 -121.523182
40.524433 -121.523388
40.524462 -121.523521
40.524453 -121.523735
40.524430 -121.523784
40.524376 -121.523837
40.524258 -121.523845
40.524224 -121.523902
40.524356 -121.524094
40.524392 -121.524150
40.524279 -121.524204
40.524142 -121.524243
40.524001 -121.524318
40.523896 -121.524325
40.523852 -121.524311
40.523796 -121.524209
40.523736 -121.524128
40.523633 -121.524064
40.523536 -121.523995
40.523392 -121.523894
40.523270 -121.523856
40.523162 -121.523806
40.523120 -121.523787
40.522994 -121.523728
40.522824 -121.523650
40.522631 -121.523556
40.522549 -121.523508
40.522220 -121.523363
40.521730 -121.523102
40.521302 -121.523032
40.521057 -121.522846
40.521054 -121.522638
40.521184 -121.522300
40.521227 -121.521901
40.521248 -121.521789
40.521307 -121.521468
40.521217 -121.521119
40.521135 -121.521080
40.521094 -121.521084
40.520922 -121.521099
40.520751 -121.521102
40.520622 -121.521035
40.520387 -121.520957
40.520150 -121.520822
40.519979 -121.520742
40.519871 -121.520660
40.519774 -121.520537
40.519676 -121.520441
40.519589 -121.520235
40.519511 -121.520053
40.519424 -121.519860
40.519337 -121.519750
40.519134 -121.519754
40.518964 -121.519653
40.518711 -121.519499
40.518641 -121.519514
40.518545 -121.519530
40.518396 -121.519575
40.518162 -121.519622
40.518032 -121.519499
40.518031 -121.519387
40.518058 -121.519271
40.518102 -121.519078
40.518196 -121.518978
40.517941 -121.518686
40.517711 -121.518514
40.517571 -121.518419
40.517463 -121.518352
40.517418 -121.518129
40.517363 -121.517990
40.517297 -121.517838
40.517280 -121.517802
40.517199 -121.517687
40.517027 -121.517621
40.516889 -121.517679
40.516750 -121.517669
40.516628 -121.517636
40.516558 -121.517617
40.516387 -121.517621
40.516259 -121.517596
40.516184 -121.517555
40.516202 -121.517317
40.516199 -121.517052
40.516187 -121.516940
40.515982 -121.516763
40.515852 -121.516654
40.515636 -121.516463
40.515454 -121.516356
40.515177 -121.516362
40.514930 -121.516283
40.514632 -121.516290
40.514503 -121.516209
40.514427 -121.516141
40.514298 -121.516060
40.514235 -121.516159
40.514089 -121.516386
40.513732 -121.516785
40.513480 -121.517013
40.513119 -121.517227
40.512893 -121.517170
40.512855 -121.517059
40.512829 -121.516916
40.512809 -121.516833
40.512777 -121.516694
40.512728 -121.516647
40.512594 -121.516634
40.512383 -121.516336
40.512247 -121.516195
40.512221 -121.516068
40.512193 -121.515734
40.512223 -121.515223
40.512193 -121.514840
40.512046 -121.514748
40.511895 -121.514799
40.511631 -121.514215
40.511392 -121.513598
40.511019 -121.512968
40.510380 -121.512551
40.509938 -121.512329
40.509620 -121.512169
40.509313 -121.511953
40.509231 -121.511893
40.508883 -121.511643
40.508526 -121.511364
40.508269 -121.511210
40.508085 -121.511102
40.507866 -121.510939
40.507847 -121.510911
40.507732 -121.510680
40.507704 -121.510377
40.507723 -121.509962
40.507609 -121.509613
40.507557 -121.509600
40.507206 -121.509511
40.506864 -121.509486
40.506619 -121.509316
40.506411 -121.509215
40.506276 -121.509149
40.505849 -121.509110
40.505577 -121.509030
40.505495 -121.509006
40.505224 -121.508821
40.504472 -121.508056
40.503942 -121.507557
40.503234 -121.507189
40.503206 -121.507175
40.502665 -121.506756
40.502490 -121.506646
40.502234 -121.506489
40.501881 -121.506359
40.501828 -121.506371
40.501407 -121.506465
40.500848 -121.506573
40.500509 -121.506660
40.500370 -121.506663
40.500266 -121.506666
40.500168 -121.506668
40.499765 -121.506597
40.499216 -121.506482
40.498690 -121.506350
40.498305 -121.506313
40.498154 -121.506298
40.497703 -121.506276
40.497639 -121.506273
40.497171 -121.506255
40.496936 -121.506245
40.496425 -121.506272
40.496072 -121.506328
40.495919 -121.506363
40.495757 -121.506399
40.495379 -121.506391
40.495172 -121.506396
40.495092 -121.506407
40.495039 -121.506415
40.494820 -121.506532
40.494574 -121.506776
40.494357 -121.506908
40.494177 -121.506969
40.494054 -121.507011
40.493874 -121.507222
40.493771 -121.507349
40.493732 -121.507389
40.493500 -121.507486
40.493161 -121.507605
40.493016 -121.507704
40.492833 -121.507724
40.492663 -121.507727
40.492395 -121.507799
40.492208 -121.507849
40.492136 -121.507868
40.491941 -121.507919
40.491711 -121.508004
40.491529 -121.508103
40.491335 -121.508124
40.490868 -121.507815
40.490692 -121.507404
40.490456 -121.507011
40.490281 -121.506696
40.490238 -121.506653
40.490158 -121.506539
40.490033 -121.506426
40.489819 -121.506361
40.489750 -121.506340
40.489591 -121.506298
40.489502 -121.506254
40.489431 -121.506186
40.489342 -121.506119
40.489146 -121.505950
40.488983 -121.505642
40.488929 -121.505574
40.488879 -121.505482
40.488724 -121.505325
40.488563 -121.505190
40.488429 -121.505066
40.488306 -121.505022
40.488195 -121.504975
40.488156 -121.505014
40.488009 -121.505237
40.487856 -121.505569
40.487663 -121.505729
40.487598 -121.505795
40.487480 -121.505917
40.487445 -121.505953
40.487420 -121.506034
40.487381 -121.506393
40.487350 -121.506597
40.487290 -121.506680
40.487209 -121.506789
40.487032 -121.506863
40.486885 -121.506900
40.486816 -121.507017
40.486695 -121.507181
40.486604 -121.507383
40.486532 -121.507543
40.486230 -121.507886
40.486177 -121.507963
40.486089 -121.508162
40.485991 -121.508458
40.485913 -121.508807
40.485799 -121.509398
40.485659 -121.509695
40.485510 -121.510006
40.485348 -121.510103
40.485196 -121.510173
40.484761 -121.510477
40.484438 -121.510712
40.484014 -121.511095
40.483711 -121.511383
40.483429 -121.511643
40.483207 -121.511835
40.482945 -121.512081
40.482369 -121.512548
40.482025 -121.512810
40.481782 -121.512976
40.481510 -121.513209
40.481147 -121.513551
40.480956 -121.513783
40.480733 -121.513962
40.480461 -121.514194
40.480097 -121.514443
40.479784 -121.514704
40.479513 -121.514917
40.479488 -121.514937
40.479400 -121.515006
40.479087 -121.515267
40.478764 -121.515595
40.478485 -121.516096
40.478234 -121.516422
40.478094 -121.516612
40.477803 -121.517006
40.477752 -121.517061
40.477631 -121.517104
40.477468 -121.517161
40.477388 -121.517270
40.477158 -121.517649
40.476998 -121.517946
40.476920 -121.518202
40.476933 -121.518442
40.476976 -121.518628
40.476989 -121.518819
40.476888 -121.518911
40.476706 -121.519035
40.476312 -121.519338
40.476140 -121.519435
40.475937 -121.519520
40.475658 -121.519634
40.475399 -121.519813
40.474874 -121.520212
40.474530 -121.520473
40.474445 -121.520544
40.474268 -121.520693
40.474014 -121.520805
40.473751 -121.520889
40.473699 -121.520906
40.473242 -121.521116
40.472907 -121.521271
40.472798 -121.521473
40.472846 -121.522060
40.472821 -121.522554
40.472637 -121.522725
40.472565 -121.522844
40.472500 -121.522900
40.472286 -121.523083
40.471961 -121.523381
40.471893 -121.523443
40.471568 -121.523751
40.471238 -121.524289
40.471119 -121.524562
40.470879 -121.525019
40.470570 -121.525366
40.470376 -121.525751
40.470296 -121.526114
40.470247 -121.526416
40.470206 -121.526828
40.470185 -121.527610
40.470138 -121.528112
40.470112 -121.528483
40.470033 -121.528876
40.469951 -121.529078
40.469795 -121.529453
40.469607 -121.529667
40.469406 -121.530093
40.469288 -121.530446
40.469177 -121.530789
40.469098 -121.531192
40.469109 -121.531506
40.469082 -121.531723
40.468965 -121.532137
40.468877 -121.532459
40.468831 -121.532579
40.468714 -121.532884
40.468689 -121.532943
40.468610 -121.533127
40.468459 -121.533290
40.468429 -121.533306
40.468215 -121.533416
40.468147 -121.533498
40.468127 -121.533669
40.468121 -121.533735
40.468107 -121.533910
40.467775 -121.534348
40.467473 -121.534675
40.467268 -121.534770
40.467090 -121.534765
40.467042 -121.534768
40.466810 -121.534840
40.466565 -121.534885
40.466313 -121.534891
40.466053 -121.534936
40.465878 -121.535030
40.465757 -121.535110
40.465529 -121.535258
40.465363 -121.535443
40.465321 -121.535627
40.465276 -121.535825
40.465075 -121.536311
40.464877 -121.536776
40.464668 -121.537372
40.464567 -121.537875
40.464375 -121.538481
40.464231 -121.539165
40.464131 -121.539759
40.464014 -121.540132
40.464019 -121.540523
40.463956 -121.541005
40.463960 -121.541345
40.463961 -121.541406
40.463944 -121.541459
40.463865 -121.541709
40.463765 -121.542232
40.463739 -121.542644
40.463743 -121.542934
40.463853 -121.543162
40.463988 -121.543540
40.464098 -121.543809
40.464154 -121.543998
40.464127 -121.544259
40.464137 -121.544469
40.464180 -121.544799
40.464274 -121.544967
40.464375 -121.545136
40.464485 -121.545364
40.464627 -121.545691
40.464746 -121.545999
40.464838 -121.546128
40.464902 -121.546217
40.464881 -121.546377
40.464784 -121.546600
40.464711 -121.546746
40.464597 -121.546975
40.464593 -121.547205
40.464452 -121.547589
40.464311 -121.547963
40.464290 -121.548064
40.464292 -121.548224
40.464247 -121.548345
40.464100 -121.548790
40.464033 -121.548931
40.463927 -121.549094
40.463753 -121.549188
40.463555 -121.549240
40.463425 -121.549275
40.463159 -121.549461
40.462833 -121.549719
40.462682 -121.549902
40.462454 -121.549988
40.462327 -121.550132
40.462081 -121.550186
40.461738 -121.550314
40.461703 -121.550329
40.461502 -121.550419
40.461152 -121.550607
40.460886 -121.550733
40.460597 -121.550899
40.460352 -121.551083
40.460219 -121.551136
40.460148 -121.551218
40.460127 -121.551255
40.459999 -121.551475
40.459777 -121.551747
40.459527 -121.552127
40.459317 -121.552452
40.459098 -121.552898
40.458809 -121.553438
40.458707 -121.553655
40.458649 -121.553776
40.458654 -121.554136
40.458678 -121.554416
40.458774 -121.554762
40.458815 -121.554857
40.458837 -121.554907
40.458622 -121.554832
40.458490 -121.554752
40.458344 -121.554664
40.458152 -121.554644
40.458027 -121.554631
40.457630 -121.554693
40.457383 -121.554713
40.457202 -121.554729
40.456878 -121.554624
40.456659 -121.554553
40.456280 -121.554468
40.455941 -121.554275
40.455573 -121.554229
40.455306 -121.554128
40.455218 -121.554106
40.454917 -121.554029
40.454717 -121.553920
40.454681 -121.553901
40.454506 -121.553771
40.454403 -121.553746
40.454353 -121.553787
40.454243 -121.553964
40.454051 -121.554155
40.453941 -121.554304
40.453534 -121.554447
40.453283 -121.554527
40.453219 -121.554547
40.452486 -121.554683
40.452018 -121.554813
40.451731 -121.554890
40.451367 -121.554987
40.451030 -121.554981
40.450724 -121.555001
40.450403 -121.554946
40.450376 -121.554942
40.450331 -121.554943
40.450223 -121.554945
40.450078 -121.554831
40.449976 -121.554750
40.449776 -121.554697
40.449556 -121.554639
40.449330 -121.554550
40.449251 -121.554552
40.449147 -121.554554
40.449016 -121.554690
40.448924 -121.554814
40.448855 -121.554908
40.448673 -121.555032
40.448632 -121.555049
40.448368 -121.555158
40.448196 -121.555256
40.447830 -121.555357
40.447382 -121.555420
40.446826 -121.555584
40.446590 -121.555735
40.446390 -121.555829
40.446231 -121.555960
40.446083 -121.556076
40.445948 -121.556320
40.445851 -121.556810
40.445679 -121.557242
40.445642 -121.557528
40.445576 -121.558103
40.445567 -121.558447
40.445555 -121.558830
40.445559 -121.559053
40.445531 -121.559254
40.445535 -121.559579
40.445077 -121.559664
40.444823 -121.559750
40.444716 -121.559790
40.444599 -121.559835
40.444345 -121.559894
40.444172 -121.559924
40.443723 -121.559934
40.443304 -121.559902
40.442886 -121.559911
40.442508 -121.559946
40.442121 -121.559968
40.441856 -121.559973
40.441611 -121.559979
40.441397 -121.559997
40.441093 -121.560190
40.440911 -121.560342
40.440809 -121.560356
40.440564 -121.560348
40.440339 -121.560340
40.439981 -121.560241
40.439296 -121.560122
40.439073 -121.560095
40.438723 -121.560054
40.438412 -121.559947
40.438076 -121.559646
40.437723 -121.559418
40.437488 -121.559085
40.437226 -121.558805
40.436869 -121.558546
40.436347 -121.558165
40.436058 -121.557904
40.435838 -121.557767
40.435631 -121.557486
40.435423 -121.557223
40.435325 -121.556976
40.435279 -121.556567
40.435221 -121.556248
40.435068 -121.555937
40.435039 -121.555878
40.434993 -121.555827
40.434852 -121.555675
40.434694 -121.555494
40.434475 -121.555374
40.434228 -121.555219
40.434036 -121.555167
40.433736 -121.555087
40.433673 -121.555047
40.433544 -121.554966
40.433080 -121.554833
40.432766 -121.554769
40.432665 -121.554805
40.432224 -121.554959
40.431654 -121.555042
40.430963 -121.555306
40.430408 -121.555550
40.429854 -121.555846
40.429188 -121.555950
40.428836 -121.556028
40.428508 -121.555982
40.428070 -121.555742
40.427729 -121.555696
40.427457 -121.555666
40.427318 -121.555491
40.427083 -121.555176
40.426822 -121.554967
40.426519 -121.554725
40.426260 -121.554641
40.425893 -121.554702
40.425513 -121.554746
40.425362 -121.554643
40.425278 -121.554520
40.425207 -121.554272
40.425111 -121.554221
40.424619 -121.554000
40.424344 -121.553810
40.424245 -121.553509
40.424186 -121.553119
40.424089 -121.552960
40.423936 -121.552714
40.423643 -121.552133
40.423601 -121.552059
40.423406 -121.551711
40.423294 -121.551428
40.423250 -121.551180
40.423124 -121.550898
40.422902 -121.550564
40.422601 -121.550428
40.422451 -121.550396
40.422367 -121.550237
40.422184 -121.549760
40.421768 -121.549111
40.421477 -121.548707
40.421283 -121.548444
40.421173 -121.548393
40.420997 -121.548397
40.420846 -121.548347
40.420613 -121.548192
40.420300 -121.548181
40.420217 -121.548111
40.420211 -121.547631
40.420139 -121.547329
40.419986 -121.547066
40.419779 -121.546803
40.419464 -121.546649
40.419259 -121.546565
40.418997 -121.546286
40.418902 -121.546288
40.418726 -121.546398
40.418605 -121.546472
40.418334 -121.546585
40.418168 -121.546428
40.418003 -121.546236
40.417700 -121.545940
40.417371 -121.545786
40.416919 -121.545565
40.416603 -121.545322
40.416202 -121.544832
40.415778 -121.544646
40.415520 -121.544651
40.415424 -121.544653
40.415342 -121.544602
40.415230 -121.544373
40.415187 -121.544142
40.415061 -121.543878
40.414881 -121.543668
40.414741 -121.543368
40.414751 -121.543030
40.414744 -121.542460
40.414710 -121.541945
40.414528 -121.541575
40.414213 -121.541421
40.413501 -121.541027
40.412911 -121.540684
40.412406 -121.540570
40.411887 -121.540439
40.411476 -121.540198
40.411187 -121.539955
40.410965 -121.539604
40.410661 -121.539219
40.410426 -121.538939
40.410303 -121.538871
40.410111 -121.538821
40.409962 -121.538807
40.409599 -121.539153
40.409287 -121.539284
40.408769 -121.539350
40.408608 -121.539370
40.408362 -121.539322
40.408169 -121.539131
40.408126 -121.538971
40.408067 -121.538581
40.407899 -121.538175
40.407663 -121.537842
40.407416 -121.537634
40.406936 -121.537395
40.406635 -121.537259
40.406442 -121.537085
40.406385 -121.536873
40.406086 -121.535775
40.405822 -121.535354
40.405585 -121.534950
40.405562 -121.534933
40.405105 -121.534604
40.404651 -121.534276
40.404156 -121.533859
40.403554 -121.533570
40.402500 -121.533094
40.401787 -121.532664
40.401444 -121.532458
40.401251 -121.532249
40.401099 -121.532074
40.401096 -121.531878
40.401215 -121.531555
40.401375 -121.531320
40.401563 -121.531121
40.401807 -121.531044
40.402091 -121.530913
40.402171 -121.530769
40.402055 -121.530220
40.401815 -121.529531
40.401467 -121.528969
40.401217 -121.528565
40.400362 -121.527622
40.399314 -121.526595
40.398790 -121.526019
40.398144 -121.525570
40.397571 -121.525405
40.396181 -121.525293
40.395416 -121.525042
40.395319 -121.524977
40.395059 -121.524801
40.394681 -121.524702
40.394404 -121.524691
40.393969 -121.524682
40.393669 -121.524618
40.393341 -121.524500
40.393178 -121.524277
40.392847 -121.524191
40.392697 -121.524158
40.392664 -121.524181
40.392535 -121.524269
40.392210 -121.524400
40.391845 -121.524604
40.391477 -121.524594
40.391068 -121.524532
40.390604 -121.524435
40.390059 -121.524358
40.389786 -121.524329
40.389107 -121.524415
40.388835 -121.524421
40.388371 -121.524342
40.387785 -121.524248
40.387376 -121.524203
40.387022 -121.524158
40.386572 -121.524114
40.385755 -121.524096
40.384952 -121.524078
40.384315 -121.524270
40.383802 -121.524584
40.383328 -121.524808
40.382758 -121.524891
40.382494 -121.524897
40.382009 -121.524890
40.381890 -121.524920
40.381480 -121.525026
40.381100 -121.525070
40.380816 -121.525183
40.380314 -121.525372
40.379797 -121.525312
40.379426 -121.525301
40.379197 -121.525254
40.378882 -121.525118
40.378712 -121.524992
40.378649 -121.524945
40.378347 -121.524774
40.378098 -121.524726
40.377829 -121.524696
40.377599 -121.524620
40.377528 -121.524596
40.377174 -121.524550
40.376913 -121.524538
40.376657 -121.524544
40.376358 -121.524568
40.376004 -121.524576
40.375691 -121.524601
40.375058 -121.525095
40.374396 -121.525465
40.374269 -121.525512
40.373835 -121.525670
40.373514 -121.525680
40.373147 -121.525688
40.372738 -121.525626
40.372191 -121.525442
40.371794 -121.525291
40.371547 -121.525065
40.371310 -121.524696
40.371129 -121.524362
40.371033 -121.524275
40.370979 -121.524330
40.370713 -121.524763
40.370311 -121.525305
40.369925 -121.525936
40.369322 -121.526697
40.369101 -121.527012
40.368841 -121.527383
40.368387 -121.528069
40.367974 -121.528754
40.367933 -121.528818
40.367440 -121.529602
40.367133 -121.530185
40.366804 -121.530833
40.366280 -121.531298
40.366158 -121.531407
40.365271 -121.532280
40.364839 -121.532837
40.364419 -121.533460
40.364018 -121.534082
40.363579 -121.534852
40.363243 -121.535713
40.362762 -121.536444
40.362371 -121.536973
40.362331 -121.537027
40.361923 -121.537917
40.361592 -121.538351
40.361157 -121.538694
40.360752 -121.538956
40.360387 -121.539084
40.360154 -121.539263
40.359995 -121.539600
40.359674 -121.540007
40.359567 -121.540121
40.359190 -121.540524
40.358596 -121.541151
40.358305 -121.541517
40.357803 -121.542195
40.357362 -121.542872
40.357195 -121.543396
40.357151 -121.543890
40.356975 -121.544316
40.356923 -121.544442
40.356752 -121.544699
40.356288 -121.545096
40.355610 -121.545538
40.355074 -121.545963
40.354557 -121.546201
40.354188 -121.546245
40.353913 -121.546175
40.353544 -121.546063
40.353457 -121.546070
40.353147 -121.546098
40.352619 -121.546363
40.351991 -121.546736
40.351556 -121.547039
40.351140 -121.547261
40.350916 -121.547306
40.350633 -121.547278
40.350477 -121.547262
40.350088 -121.547204
40.350055 -121.547191
40.349760 -121.547078
40.349590 -121.546966
40.349524 -121.546923
40.349284 -121.546915
40.348932 -121.546989
40.348596 -121.546996
40.348023 -121.546915
40.347634 -121.546856
40.346968 -121.546644
40.346690 -121.546463
40.346430 -121.546029
40.346357 -121.545956
40.346027 -121.545624
40.345699 -121.545537
40.345250 -121.545547
40.345166 -121.545561
40.344883 -121.545608
40.344787 -121.545538
40.344688 -121.545466
40.344450 -121.545271
40.344091 -121.545078
40.343721 -121.544913
40.343221 -121.544870
40.342956 -121.544943
40.342774 -121.545067
40.342410 -121.545360
40.341977 -121.545595
40.341497 -121.545814
40.341067 -121.545717
40.340566 -121.545608
40.340168 -121.545576
40.339831 -121.545597
40.339455 -121.545712
40.339099 -121.545853
40.338794 -121.545886
40.338665 -121.545843
40.338414 -121.545761
40.337991 -121.545383
40.337725 -121.545349
40.337460 -121.545368
40.337055 -121.545603
40.336875 -121.545804
40.336652 -121.546052
40.336217 -121.546341
40.335500 -121.546930
40.335053 -121.547153
40.334647 -121.547335
40.334577 -121.547443
40.334593 -121.547870
40.334597 -121.548190
40.334580 -121.548497
40.334481 -121.548753
40.334251 -121.549091
40.333889 -121.549406
40.333574 -121.549679
40.333263 -121.550099
40.333208 -121.550264
40.333136 -121.550477
40.333086 -121.550623
40.333042 -121.551144
40.333003 -121.552092
40.332910 -121.552867
40.332848 -121.553226
40.332701 -121.554072
40.332326 -121.555134
40.332129 -121.555698
40.331940 -121.555969
40.331798 -121.556172
40.331630 -121.556565
40.331471 -121.556939
40.331089 -121.557441
40.330912 -121.557991
40.330724 -121.558462
40.330486 -121.559027
40.330034 -121.559557
40.329753 -121.559977
40.329505 -121.560502
40.329328 -121.561106
40.329304 -121.561297
40.329263 -121.561614
40.329216 -121.561967
40.329189 -121.562176
40.329020 -121.562579
40.328840 -121.562877
40.328773 -121.563225
40.328666 -121.563667
40.328563 -121.564403
40.328578 -121.564803
40.328740 -121.565519
40.328814 -121.566115
40.328820 -121.566158
40.328840 -121.566247
40.328971 -121.566821
40.329180 -121.567204
40.329265 -121.567549
40.329417 -121.568226
40.329380 -121.568533
40.329321 -121.568748
40.329143 -121.569218
40.328953 -121.569556
40.328607 -121.570390
40.328309 -121.571076
40.327920 -121.571805
40.327791 -121.572141
40.327674 -121.572597
40.327450 -121.572978
40.327404 -121.573056
40.327247 -121.573383
40.327106 -121.573676
40.326787 -121.574322
40.326436 -121.574796
40.326135 -121.575243
40.325935 -121.575527
40.325653 -121.575715
40.325438 -121.575858
40.325228 -121.576209
40.325181 -121.576334
40.325060 -121.576652
40.325044 -121.576973
40.325049 -121.577386
40.325057 -121.578013
40.324972 -121.578575
40.324837 -121.579258
40.324521 -121.579941
40.324309 -121.580295
40.324098 -121.580553
40.323972 -121.581047
40.323962 -121.581090
40.323926 -121.581557
40.323871 -121.582010
40.323833 -121.582279
40.323787 -121.582707
40.323793 -121.583160
40.323799 -121.583620
40.323799 -121.583667
40.323734 -121.584135
40.323656 -121.584496
40.323602 -121.584560
40.323505 -121.584673
40.323102 -121.585108
40.323071 -121.585140
40.322689 -121.585530
40.322365 -121.585737
40.322098 -121.585890
40.321979 -121.585918
40.321632 -121.585886
40.321530 -121.585872
40.321127 -121.585820
40.321100 -121.585817
40.321037 -121.585822
40.320468 -121.585870
40.320164 -121.586010
40.319707 -121.586246
40.319382 -121.586359
40.319077 -121.586486
40.318814 -121.586678
40.318511 -121.586871
40.318208 -121.587184
40.317937 -121.587373
40.317874 -121.587417
40.317389 -121.587774
40.317106 -121.588025
40.316802 -121.588253
40.316771 -121.588258
40.316588 -121.588284
40.316364 -121.588289
40.316006 -121.588203
40.315780 -121.588114
40.315240 -121.588206
40.314599 -121.588339
40.314219 -121.588379
40.314130 -121.588389
40.313782 -121.588343
40.313474 -121.588176
40.313258 -121.588020
40.313105 -121.587924
40.313073 -121.587904
40.312928 -121.587787
40.312776 -121.587804
40.312460 -121.587890
40.312332 -121.588013
40.312117 -121.588217
40.311917 -121.588439
40.311889 -121.588472
40.311705 -121.588759
40.311487 -121.589310
40.311299 -121.589768
40.310940 -121.590468
40.310664 -121.591234
40.310607 -121.591595
40.310499 -121.591958
40.310381 -121.592293
40.310187 -121.593137
40.309959 -121.593715
40.309849 -121.593891
40.309547 -121.594204
40.309304 -121.594409
40.309040 -121.594534
40.308904 -121.594573
40.308786 -121.594606
40.308563 -121.594744
40.308342 -121.595002
40.308316 -121.595038
40.308141 -121.595286
40.308063 -121.595608
40.308048 -121.596035
40.307930 -121.596424
40.307821 -121.596719
40.307580 -121.597044
40.307390 -121.597342
40.307100 -121.597841
40.306953 -121.598281
40.306952 -121.598325
40.306947 -121.598711
40.306975 -121.599270
40.307064 -121.599882
40.307108 -121.600722
40.307117 -121.601422
40.307027 -121.602224
40.307094 -121.602722
40.306959 -121.602905
40.306534 -121.603264
40.306461 -121.603505
40.306463 -121.603735
40.306426 -121.603826
40.306120 -121.603862
40.305947 -121.603893
40.305861 -121.603908
40.305632 -121.603962
40.305464 -121.604006
40.305258 -121.604080
40.305120 -121.604033
40.304897 -121.603987
40.304560 -121.603934
40.304418 -121.603949
40.304225 -121.603966
40.304102 -121.603995
40.304012 -121.604104
40.303987 -121.604139
40.303851 -121.604334
40.303719 -121.604432
40.303629 -121.604498
40.303325 -121.604875
40.303050 -121.605564
40.302862 -121.606047
40.302728 -121.606326
40.302603 -121.606586
40.302547 -121.607014
40.302544 -121.607627
40.302559 -121.608053
40.302586 -121.608626
40.302683 -121.609037
40.302699 -121.609517
40.302754 -121.609876
40.302814 -121.610541
40.302890 -121.610939
40.303008 -121.611430
40.303189 -121.612026
40.303460 -121.612514
40.303526 -121.612760
40.303944 -121.612904
40.304200 -121.612952
40.304394 -121.612988
40.304734 -121.613221
40.305211 -121.613495
40.305381 -121.613621
40.305557 -121.613751
40.306009 -121.614048
40.306330 -121.614388
40.306663 -121.614802
40.307116 -121.615130
40.307427 -121.615401
40.307515 -121.615478
40.307640 -121.615653
40.307684 -121.615796
40.307739 -121.615971
40.307854 -121.616466
40.307996 -121.616934
40.308009 -121.616978
40.308189 -121.617170
40.308803 -121.617300
40.309581 -121.617569
40.309775 -121.617659
40.310307 -121.617909
40.310512 -121.618224
40.310835 -121.618824
40.311388 -121.619576
40.311846 -121.620278
40.312953 -121.621802
40.313439 -121.622681
40.313734 -121.623404
40.314082 -121.623640
40.314404 -121.623675
40.314715 -121.623544
40.314875 -121.623256
40.314964 -121.622721
40.315013 -121.622293
40.315094 -121.622088
40.315132 -121.621989
40.315375 -121.621842
40.315488 -121.621836
40.316056 -121.621810
40.316518 -121.621765
40.316952 -121.621685
40.317428 -121.621675
40.318042 -121.621805
40.318453 -121.621992
40.318758 -121.622128
40.319027 -121.622247
40.319363 -121.622580
40.319537 -121.622753
40.319733 -121.623008
40.320062 -121.623435
40.320379 -121.623749
40.320709 -121.624044
40.320889 -121.624272
40.320934 -121.624609
40.320935 -121.624739
40.320939 -121.625036
40.320930 -121.625480
40.320991 -121.625977
40.321064 -121.626438
40.321292 -121.627304
40.321670 -121.628150
40.322017 -121.628712
40.322096 -121.628852
40.322336 -121.629274
40.322694 -121.629605
40.323107 -121.630006
40.323368 -121.630231
40.323724 -121.630402
40.323752 -121.630434
40.323848 -121.630542
40.323843 -121.630683
40.323838 -121.630826
40.323943 -121.631660
40.324073 -121.632262
40.324204 -121.633006
40.324349 -121.633414
40.324429 -121.633642
40.324709 -121.634276
40.324879 -121.634877
40.324887 -121.635553
40.324875 -121.635737
40.324853 -121.636087
40.324859 -121.636620
40.324918 -121.637028
40.325132 -121.637842
40.325269 -121.638387
40.325332 -121.638638
40.325674 -121.639947
40.325957 -121.640866
40.326115 -121.641591
40.326160 -121.641964
40.326142 -121.642693
40.326124 -121.642885
40.326118 -121.642961
40.326192 -121.643510
40.326408 -121.644502
40.326389 -121.646405
40.326320 -121.647420
40.326154 -121.648419
40.325928 -121.648885
40.325687 -121.649157
40.325663 -121.649477
40.325802 -121.649688
40.326146 -121.650037
40.326601 -121.650508
40.327059 -121.651299
40.327584 -121.652018
40.327847 -121.652315
40.328432 -121.653512
40.328920 -121.654534
40.329202 -121.655364
40.329482 -121.656052
40.329843 -121.656685
40.330524 -121.657881
40.331130 -121.658958
40.331799 -121.659394
40.332214 -121.659604
40.332818 -121.659767
40.333198 -121.659833
40.333858 -121.659994
40.333997 -121.660078
40.334138 -121.660164
40.334160 -121.660205
40.334287 -121.660452
40.334335 -121.660772
40.334604 -121.661845
40.334794 -121.662861
40.334913 -121.663485
40.335064 -121.663992
40.335376 -121.664992
40.335466 -121.665521
40.335472 -121.665558
40.335545 -121.666067
40.335608 -121.666721
40.335640 -121.667580
40.335702 -121.668060
40.335783 -121.668479
40.335891 -121.669033
40.336158 -121.669945
40.336432 -121.670508
40.336604 -121.670928
40.336777 -121.671376
40.337255 -121.672255
40.337995 -121.673523
40.338229 -121.674040
40.338498 -121.674636
40.338786 -121.675431
40.339063 -121.676286
40.339180 -121.676735
40.339242 -121.677202
40.339314 -121.677738
40.339399 -121.678334
40.339677 -121.679218
40.339871 -121.679607
40.339999 -121.680115
40.340148 -121.680447
40.340387 -121.680909
40.340538 -121.681387
40.340575 -121.681692
40.340647 -121.682128
40.340704 -121.682405
40.340765 -121.682694
40.340913 -121.683522
40.340931 -121.683623
40.341004 -121.684132
40.341152 -121.684435
40.341512 -121.684824
40.341615 -121.684936
40.342043 -121.685321
40.342528 -121.685720
40.342834 -121.686224
40.342984 -121.686600
40.343102 -121.687196
40.343140 -121.687603
40.343192 -121.688258
40.343197 -121.688738
40.343179 -121.688906
40.343160 -121.689087
40.343147 -121.689206
40.343143 -121.689818
40.343151 -121.690532
40.343182 -121.691275
40.343334 -121.691898
40.343484 -121.692406
40.343500 -121.692799
40.343459 -121.693149
40.343386 -121.693559
40.343303 -121.694114
40.343285 -121.694552
40.343258 -121.695121
40.343129 -121.695531
40.343020 -121.695723
40.342681 -121.696283
40.342641 -121.696402
40.342465 -121.696928
40.342365 -121.697936
40.342294 -121.698564
40.342290 -121.699234
40.342296 -121.699759
40.342335 -121.700194
40.342360 -121.700472
40.342455 -121.701009
40.342743 -121.701849
40.343007 -121.702485
40.343205 -121.703283
40.343247 -121.703534
40.343277 -121.703719
40.343328 -121.704243
40.343382 -121.705101
40.343557 -121.705856
40.343695 -121.706203
40.344014 -121.706809
40.344146 -121.707094
40.344254 -121.707329
40.344493 -121.707718
40.344551 -121.707935
40.344588 -121.708241
40.344581 -121.708468
40.344572 -121.708810
40.344521 -121.709277
40.344595 -121.709888
40.344846 -121.710364
40.345388 -121.711038
40.345680 -121.711470
40.345797 -121.711643
40.346195 -121.712408
40.346393 -121.713103
40.346490 -121.713801
40.346501 -121.714850
40.346491 -121.714945
40.346410 -121.715697
40.346172 -121.716329
40.345901 -121.717048
40.345752 -121.717677
40.345625 -121.718292
40.345607 -121.718700
40.345684 -121.719559
40.345779 -121.720096
40.345954 -121.720807
40.346102 -121.721156
40.346458 -121.721993
40.346715 -121.723023
40.346799 -121.723619
40.346802 -121.723910
40.346835 -121.724813
40.346976 -121.725495
40.347183 -121.726074
40.347287 -121.726379
40.347289 -121.726594
40.347066 -121.727622
40.347018 -121.727947
40.346952 -121.728396
40.346828 -121.729229
40.346801 -121.729900
40.346678 -121.730835
40.346674 -121.730904
40.346650 -121.731302
40.346606 -121.731434
40.346451 -121.731525
40.346423 -121.731558
40.346231 -121.731791
40.346000 -121.732058
40.345946 -121.732136
40.345872 -121.732246
40.345769 -121.732397
40.345669 -121.732755
40.345555 -121.733159
40.345597 -121.733945
40.345621 -121.734059
40.345660 -121.734249
40.345785 -121.734845
40.346094 -121.735539
40.346410 -121.735941
40.346849 -121.736312
40.347303 -121.736960
40.347553 -121.737450
40.347739 -121.738117
40.347806 -121.738527
40.347823 -121.738626
40.347816 -121.738707
40.347783 -121.739122
40.347665 -121.739562
40.347471 -121.740163
40.347321 -121.740705
40.347217 -121.741421
40.347176 -121.742080
40.347170 -121.742180
40.347279 -121.742994
40.347479 -121.743923
40.347610 -121.744722
40.347755 -121.745725
40.347859 -121.746224
40.348073 -121.746764
40.348301 -121.747284
40.348425 -121.747690
40.348428 -121.748020
40.348390 -121.748643
40.348411 -121.749128
40.348430 -121.749594
40.348433 -121.749828
40.348467 -121.750216
40.348620 -121.750621
40.348730 -121.751182
40.348736 -121.751765
40.348684 -121.752446
40.348557 -121.753051
40.348340 -121.753580
40.348121 -121.753973
40.347819 -121.754892
40.347606 -121.755848
40.347523 -121.756413
40.347452 -121.756764
40.347268 -121.757642
40.347183 -121.758032
40.346925 -121.758931
40.346896 -121.759048
40.346683 -121.759887
40.346591 -121.761055
40.346584 -121.761735
40.346550 -121.762200
40.346506 -121.762825
40.346486 -121.763738
40.346418 -121.764303
40.346352 -121.765062
40.346374 -121.765762
40.346431 -121.766023
40.346530 -121.766478
40.346806 -121.767269
40.347124 -121.767749
40.347453 -121.767957
40.347542 -121.768016
40.347797 -121.768184
40.347965 -121.768531
40.348178 -121.769108
40.348513 -121.769745
40.348800 -121.770206
40.348891 -121.770322
40.349267 -121.770800
40.349657 -121.771124
40.349961 -121.771721
40.350387 -121.772419
40.350598 -121.772933
40.350890 -121.773744
40.351058 -121.774169
40.351142 -121.774452
40.351148 -121.774487
40.351131 -121.774567
40.351065 -121.774868
40.350934 -121.775123
40.350805 -121.775322
40.350729 -121.775438
40.350390 -121.775716
40.350127 -121.776168
40.349908 -121.776541
40.349821 -121.776756
40.349872 -121.777358
40.349920 -121.777794
40.349926 -121.778251
40.349933 -121.778873
40.349992 -121.779050
40.350056 -121.779240
40.350238 -121.779586
40.350508 -121.779834
40.350688 -121.779967
40.350995 -121.780071
40.351180 -121.780133
40.351493 -121.780224
40.351704 -121.780434
40.352050 -121.780817
40.352365 -121.781317
40.352413 -121.781393
40.352447 -121.781441
40.352579 -121.781624
40.352610 -121.781759
40.352627 -121.781953
40.352629 -121.782158
40.352631 -121.782400
40.352698 -121.782833
40.352814 -121.783165
40.352864 -121.783309
40.353122 -121.783810
40.353305 -121.784215
40.353337 -121.784486
40.353421 -121.785379
40.353606 -121.785997
40.353866 -121.786692
40.354155 -121.787290
40.354413 -121.787849
40.354654 -121.788058
40.354882 -121.788153
40.355191 -121.788262
40.355548 -121.788275
40.355949 -121.788249
40.356276 -121.788243
40.356299 -121.788442
40.356325 -121.788670
40.356388 -121.788979
40.356500 -121.789716
40.356610 -121.790336
40.356664 -121.791171
40.356670 -121.791754
40.356676 -121.792356
40.356670 -121.793231
40.356666 -121.794242
40.356716 -121.794785
40.356806 -121.795218
40.356841 -121.795385
40.357087 -121.796119
40.357351 -121.797242
40.357359 -121.797980
40.357363 -121.798369
40.357310 -121.799011
40.357319 -121.799866
40.357494 -121.800952
40.357667 -121.801901
40.357977 -121.803062
40.358133 -121.803759
40.358167 -121.804244
40.358126 -121.804556
40.357995 -121.804791
40.357960 -121.804797
40.357727 -121.804835
40.357416 -121.804860
40.357253 -121.804960
40.357065 -121.805507
40.356939 -121.806190
40.356899 -121.806657
40.356715 -121.807554
40.356441 -121.808434
40.356313 -121.808941
40.356042 -121.810218
40.355916 -121.810814
40.355728 -121.811386
40.355512 -121.812045
40.355136 -121.813063
40.354863 -121.813962
40.354858 -121.814208
40.354787 -121.814955
40.354656 -121.815766
40.354367 -121.816652
40.353847 -121.817476
40.349281 -121.820686
40.348260 -121.821151
40.347504 -121.821378
40.346942 -121.821640
40.346780 -121.821779
40.346756 -121.822343
40.346675 -121.823141
40.346582 -121.824251
40.346237 -121.825403
40.345875 -121.826400
40.345617 -121.826903
40.345452 -121.827224
40.344865 -121.827992
40.344220 -121.828916
40.343825 -121.829487
40.343437 -121.830340
40.343388 -121.830447
40.343245 -121.830935
40.343135 -121.831588
40.343104 -121.831773
40.342933 -121.832514
40.342556 -121.833453
40.342086 -121.834363
40.341652 -121.835140
40.341201 -121.836197
40.340885 -121.837310
40.340818 -121.837750
40.340801 -121.837859
40.340760 -121.838128
40.340785 -121.839049
40.340910 -121.839739
40.341137 -121.840143
40.341636 -121.840970
40.342068 -121.841653
40.342134 -121.841758
40.342754 -121.842719
40.343132 -121.843393
40.343448 -121.843756
40.344079 -121.844426
40.344590 -121.844961
40.344846 -121.845248
40.345146 -121.845573
40.345670 -121.845934
40.346046 -121.846297
40.346378 -121.846835
40.346784 -121.847256
40.347115 -121.847678
40.347205 -121.847793
40.347572 -121.848461
40.347739 -121.849086
40.347844 -121.849239
40.348024 -121.849340
40.348113 -121.849390
40.348369 -121.849697
40.348491 -121.850025
40.348587 -121.850665
40.348489 -121.851327
40.348230 -121.852148
40.348010 -121.852482
40.347866 -121.852951
40.347827 -121.853534
40.347835 -121.854273
40.347768 -121.855012
40.347654 -121.855558
40.347496 -121.856144
40.347221 -121.856906
40.346930 -121.857553
40.346728 -121.858158
40.346690 -121.858762
40.346653 -121.859578
40.346630 -121.860220
40.346684 -121.861191
40.346868 -121.861810
40.347054 -121.862225
40.347188 -121.862523
40.347238 -121.862599
40.347354 -121.862773
40.347445 -121.863005
40.347483 -121.863801
40.347487 -121.864209
40.347493 -121.864831
40.347470 -121.865550
40.347420 -121.866542
40.347502 -121.867240
40.347525 -121.868075
40.347475 -121.869087
40.347428 -121.869769
40.347423 -121.869846
40.347398 -121.870312
40.347394 -121.871498
40.347254 -121.872355
40.346997 -121.873428
40.346796 -121.874190
40.346655 -121.874950
40.346604 -121.875864
40.346554 -121.876798
40.346563 -121.877750
40.346571 -121.878527
40.346583 -121.879829
40.346566 -121.880550
40.346562 -121.880703
40.346331 -121.882942
40.346090 -121.884190
40.345947 -121.884756
40.345901 -121.884862
40.345685 -121.885362
40.345630 -121.885771
40.345517 -121.886376
40.345358 -121.886922
40.345427 -121.887838
40.345447 -121.888456
40.345339 -121.889546
40.345086 -121.891085
40.344801 -121.892373
40.344703 -121.893015
40.344573 -121.893406
40.344084 -121.895163
40.343591 -121.896473
40.343416 -121.896857
40.343055 -121.897648
40.342114 -121.898751
40.341328 -121.899567
40.340862 -121.900507
40.340766 -121.901124
40.340730 -121.902077
40.340568 -121.903809
40.340310 -121.905458
40.340288 -121.905601
40.339915 -121.907026
40.339688 -121.908254
40.339458 -121.909035
40.339277 -121.910359
40.339240 -121.911175
40.339262 -121.911952
40.339343 -121.912612
40.339453 -121.913232
40.339576 -121.913657
40.339863 -121.914197
40.340064 -121.914483
40.340361 -121.914908
40.340575 -121.915545
40.340808 -121.916669
40.340938 -121.917794
40.341085 -121.919210
40.341093 -121.920065
40.341037 -121.920435
40.340834 -121.920982
40.340676 -121.921567
40.340612 -121.922657
40.340573 -121.923260
40.340608 -121.923861
40.340672 -121.924405
40.340797 -121.924985
40.340920 -121.925450
40.340953 -121.925838
40.341004 -121.926498
40.341008 -121.926945
40.341025 -121.927178
40.341148 -121.927584
40.341345 -121.927930
40.341586 -121.928315
40.341842 -121.928661
40.341948 -121.928834
40.341950 -121.929067
40.341941 -121.929325
40.341938 -121.929398
40.341987 -121.929922
40.342050 -121.930232
40.342113 -121.930600
40.342101 -121.930969
40.342104 -121.931280
40.341960 -121.931768
40.341756 -121.932238
40.341699 -121.932530
40.341867 -121.932994
40.341928 -121.933187
40.341977 -121.933575
40.342024 -121.933827
40.342070 -121.934059
40.342147 -121.934330
40.342343 -121.934580
40.342495 -121.934927
40.342484 -121.935374
40.342490 -121.935996
40.342449 -121.936385
40.342481 -121.936637
40.342543 -121.936928
40.342636 -121.937334
40.342743 -121.937663
40.342939 -121.938029
40.343066 -121.938289
40.343124 -121.938478
40.343149 -121.938842
40.343286 -121.939160
40.343422 -121.939348
40.343605 -121.939568
40.343728 -121.939911
40.343886 -121.940098
40.344124 -121.940692
40.344454 -121.940998
40.344813 -121.941264
40.345157 -121.941492
40.345292 -121.941646
40.345210 -121.942015
40.345047 -121.942513
40.344928 -121.942850
40.344807 -121.943085
40.344611 -121.943555
40.344416 -121.944243
40.344265 -121.944741
40.344179 -121.944959
40.344333 -121.944871
40.344599 -121.944721
40.344922 -121.944687
40.345280 -121.944725
40.345671 -121.944835
40.345951 -121.945020
40.346132 -121.945265
40.346271 -121.945817
40.346422 -121.946543
40.346492 -121.946834
40.346584 -121.947153
40.346643 -121.947458
40.346812 -121.947674
40.346970 -121.947905
40.347162 -121.948135
40.347398 -121.948365
40.347568 -121.948610
40.347680 -121.948710
40.347907 -121.949043
40.348031 -121.949288
40.348110 -121.949447
40.348369 -121.949690
40.348492 -121.949784
40.348538 -121.949819
40.348942 -121.950192
40.349302 -121.950448
40.349650 -121.950720
40.350156 -121.951193
40.350181 -121.951217
40.350460 -121.951480
40.350773 -121.951563
40.350984 -121.951530
40.351084 -121.951441
40.351266 -121.951286
40.351504 -121.951085
40.351812 -121.950837
40.352153 -121.950657
40.352908 -121.950334
40.353366 -121.950235
40.353487 -121.950209
40.353738 -121.950088
40.353901 -121.949969
40.354013 -121.949838
40.354090 -121.949558
40.354283 -121.949438
40.354445 -121.949339
40.354682 -121.949218
40.354875 -121.949118
40.355217 -121.949132
40.355559 -121.949146
40.355813 -121.949267
40.355917 -121.949316
40.356262 -121.949621
40.356446 -121.950046
40.356628 -121.950437
40.356785 -121.950493
40.357198 -121.950588
40.357546 -121.950816
40.357939 -121.951145
40.358176 -121.951404
40.358286 -121.951534
40.358480 -121.951764
40.358650 -121.952038
40.358776 -121.952415
40.358992 -121.952908
40.359139 -121.953139
40.359410 -121.953470
40.359649 -121.953991
40.359874 -121.954264
40.360212 -121.954565
40.360585 -121.955128
40.360856 -121.955590
40.360970 -121.955793
40.361072 -121.955951
40.361119 -121.956228
40.361155 -121.956489
40.361268 -121.956736
40.361471 -121.956936
40.361674 -121.957210
40.361834 -121.957660
40.361984 -121.958197
40.362223 -121.958776
40.362228 -121.958873
40.362249 -121.959310
40.362379 -121.959547
40.362440 -121.959775
40.362483 -121.960327
40.362487 -121.960741
40.362478 -121.961033
40.362433 -121.961249
40.362364 -121.961450
40.362296 -121.961758
40.362276 -121.962096
40.362220 -121.962404
40.362187 -121.962681
40.362096 -121.963020
40.361935 -121.963407
40.361821 -121.963808
40.361805 -121.963851
40.361684 -121.964163
40.361477 -121.964658
40.361375 -121.965166
40.361261 -121.965567
40.361160 -121.965999
40.361140 -121.966429
40.361177 -121.966879
40.361259 -121.967308
40.361310 -121.967655
40.361640 -121.968664
40.361664 -121.968735
40.361842 -121.969408
40.361972 -121.969938
40.362037 -121.970163
40.362055 -121.970408
40.361979 -121.970696
40.361843 -121.971271
40.361861 -121.971558
40.361913 -121.972130
40.361948 -121.972539
40.362172 -121.973027
40.362490 -121.973596
40.362775 -121.973919
40.363280 -121.974362
40.363614 -121.974869
40.363820 -121.975234
40.364031 -121.975989
40.364225 -121.976744
40.364465 -121.977211
40.364685 -121.977290
40.365282 -121.977547
40.365662 -121.977951
40.365869 -121.978336
40.366126 -121.979131
40.366463 -121.980048
40.366909 -121.980901
40.367211 -121.981408
40.367483 -121.981998
40.367615 -121.982733
40.367619 -121.983245
40.367498 -121.983677
40.367344 -121.983987
40.367166 -121.985157
40.366940 -121.986143
40.366732 -121.987436
40.366475 -121.988566
40.366386 -121.989059
40.366312 -121.989613
40.366270 -121.990208
40.366164 -121.990598
40.365962 -121.990786
40.365745 -121.990973
40.365590 -121.991262
40.365640 -121.991528
40.366231 -121.992850
40.366805 -121.993988
40.367139 -121.994618
40.367656 -121.995291
40.367778 -121.995781
40.367962 -121.996715
40.367981 -121.997606
40.367930 -121.998451
40.367830 -121.999067
40.367766 -121.999836
40.367772 -122.000573
40.367781 -122.001602
40.367814 -122.002646
40.367854 -122.003260
40.367915 -122.003566
40.368001 -122.003979
40.368025 -122.004066
40.368112 -122.004389
40.368391 -122.004497
40.368483 -122.004533
40.368670 -122.004738
40.368760 -122.005001
40.368768 -122.005044
40.368853 -122.005553
40.368927 -122.005932
40.368929 -122.006105
40.368966 -122.006334
40.369029 -122.006495
40.369074 -122.006678
40.369086 -122.006955
40.369137 -122.007261
40.369175 -122.007660
40.369155 -122.007967
40.369089 -122.008537
40.369022 -122.008952
40.368931 -122.009292
40.368839 -122.009569
40.368736 -122.009847
40.368761 -122.010047
40.368902 -122.010060
40.369196 -122.010040
40.369361 -122.010084
40.369573 -122.010219
40.369997 -122.010259
40.370231 -122.010435
40.370435 -122.010493
40.370748 -122.010448
40.370966 -122.010301
40.371154 -122.010257
40.371577 -122.010251
40.371795 -122.010166
40.372077 -122.010142
40.372657 -122.010174
40.372924 -122.010272
40.373618 -122.010836
40.374028 -122.011219
40.374345 -122.011624
40.374631 -122.012050
40.374791 -122.012478
40.375031 -122.013068
40.375239 -122.013536
40.375429 -122.013840
40.375619 -122.014083
40.375936 -122.014468
40.376550 -122.014848
40.376974 -122.014985
40.377728 -122.015241
40.378294 -122.015499
40.378609 -122.015699
40.378925 -122.015961
40.379241 -122.016284
40.379416 -122.016588
40.379530 -122.017140
40.379581 -122.017590
40.379777 -122.018549
40.380065 -122.019303
40.380304 -122.019771
40.381240 -122.021171
40.381621 -122.021779
40.381913 -122.022943
40.381953 -122.024007
40.382007 -122.024846
40.382077 -122.025644
40.382112 -122.026176
40.382233 -122.027465
40.382302 -122.028242
40.382449 -122.028998
40.382599 -122.029677
40.382647 -122.030101
40.382556 -122.030471
40.382093 -122.031256
40.381988 -122.031872
40.381932 -122.032672
40.381832 -122.033561
40.381904 -122.034598
40.381995 -122.035525
40.382169 -122.036396
40.382428 -122.037349
40.382690 -122.038683
40.382885 -122.039527
40.383076 -122.039907
40.383963 -122.041150
40.384555 -122.042016
40.385105 -122.043496
40.385119 -122.044521
40.384938 -122.045718
40.384620 -122.046993
40.384489 -122.047350
40.384176 -122.048207
40.384040 -122.048865
40.383997 -122.049377
40.384001 -122.049828
40.384052 -122.050298
40.384092 -122.050522
40.384183 -122.051034
40.384375 -122.051564
40.384584 -122.052135
40.384683 -122.052727
40.384685 -122.053075
40.384752 -122.053587
40.384774 -122.054262
40.384731 -122.054857
40.384609 -122.055166
40.384535 -122.055699
40.384651 -122.056538
40.384828 -122.057129
40.385197 -122.058169
40.385453 -122.058800
40.385549 -122.059127
40.385649 -122.059781
40.385747 -122.060332
40.385734 -122.060599
40.385628 -122.061051
40.385490 -122.061504
40.385231 -122.062306
40.385016 -122.062944
40.384928 -122.063601
40.384994 -122.064030
40.385029 -122.064460
40.385051 -122.065238
40.385056 -122.065914
40.384922 -122.066735
40.384849 -122.067453
40.384791 -122.068007
40.384794 -122.068314
40.384844 -122.068784
40.384881 -122.069398
40.384901 -122.070013
40.384719 -122.070691
40.384630 -122.071286
40.384617 -122.071696
40.384589 -122.072086
40.384530 -122.072599
40.384425 -122.073071
40.384163 -122.073710
40.384043 -122.074065
40.384010 -122.074162
40.383457 -122.075522
40.383151 -122.076386
40.382922 -122.077188
40.382818 -122.077784
40.382855 -122.078500
40.383016 -122.079154
40.383255 -122.079662
40.383393 -122.079896
40.383891 -122.080739
40.384272 -122.081390
40.384812 -122.082345
40.385242 -122.083322
40.385309 -122.083854
40.385188 -122.084409
40.384915 -122.085478
40.384701 -122.086136
40.384407 -122.086673
40.384274 -122.087108
40.384117 -122.087619
40.383874 -122.088482
40.383626 -122.088854
40.383315 -122.089166
40.383051 -122.089456
40.382802 -122.089705
40.382931 -122.090113
40.383232 -122.090539
40.383406 -122.090762
40.383839 -122.091299
40.384312 -122.091646
40.384654 -122.091826
40.385290 -122.092109
40.385986 -122.092423
40.386233 -122.092542
40.386441 -122.092728
40.386624 -122.092890
40.387156 -122.093375
40.387771 -122.093812
40.388338 -122.094281
40.388693 -122.094537
40.388871 -122.094796
40.388967 -122.095056
40.389028 -122.095347
40.388960 -122.095640
40.388763 -122.096057
40.388800 -122.096303
40.388920 -122.096547
40.389181 -122.096851
40.389335 -122.097079
40.389528 -122.097737
40.389578 -122.098090
40.389606 -122.098689
40.389575 -122.099258
40.389486 -122.099843
40.389384 -122.100290
40.389153 -122.100815
40.388874 -122.101172
40.388537 -122.101730
40.388284 -122.102378
40.388018 -122.102920
40.387680 -122.103277
40.387272 -122.103713
40.386807 -122.104349
40.386439 -122.105291
40.386091 -122.105895
40.385812 -122.106344
40.385335 -122.106934
40.384963 -122.107477
40.384463 -122.108144
40.384043 -122.108457
40.383779 -122.108625
40.383599 -122.108739
40.383283 -122.108989
40.383074 -122.109222
40.382935 -122.109547
40.382804 -122.109790
40.382727 -122.109934
40.382483 -122.110259
40.382144 -122.110587
40.381819 -122.111067
40.381504 -122.111302
40.381437 -122.111368
40.381317 -122.111488
40.381263 -122.111570
40.381120 -122.111783
40.380947 -122.112169
40.380737 -122.112402
40.380487 -122.112465
40.380350 -122.112500
40.380069 -122.112657
40.379742 -122.112907
40.379509 -122.113079
40.379183 -122.113529
40.378857 -122.113902
40.378625 -122.114273
40.378382 -122.114799
40.378138 -122.115094
40.377753 -122.115452
40.377216 -122.115859
40.377041 -122.116091
40.376635 -122.116727
40.376189 -122.117426
40.376043 -122.117656
40.375485 -122.118401
40.375315 -122.118668
40.375043 -122.119098
40.374697 -122.119885
40.374491 -122.120641
40.374463 -122.120792
40.374333 -122.121472
40.374247 -122.122457
40.374089 -122.123349
40.373974 -122.123750
40.373790 -122.124183
40.373521 -122.124401
40.373357 -122.124465
40.372947 -122.124547
40.372560 -122.124629
40.372056 -122.124881
40.371965 -122.124928
40.371565 -122.125133
40.371249 -122.125337
40.371005 -122.125647
40.370795 -122.125927
40.370656 -122.126143
40.370542 -122.126544
40.370464 -122.127129
40.370456 -122.127200
40.370431 -122.127421
40.370447 -122.128035
40.370485 -122.128373
40.370428 -122.128589
40.370266 -122.128913
40.370057 -122.129192
40.369917 -122.129440
40.369720 -122.129704
40.369545 -122.129936
40.369335 -122.130154
40.368893 -122.130465
40.368718 -122.130822
40.368533 -122.131193
40.368521 -122.131248
40.368396 -122.131825
40.368248 -122.132364
40.368018 -122.133058
40.367775 -122.133614
40.367463 -122.134279
40.367221 -122.134942
40.367026 -122.135467
40.366910 -122.135776
40.366795 -122.136054
40.366668 -122.136286
40.366458 -122.136534
40.366295 -122.136705
40.366038 -122.136954
40.365934 -122.137186
40.365642 -122.137374
40.365373 -122.137500
40.365057 -122.137719
40.364765 -122.137923
40.364473 -122.138141
40.364275 -122.138374
40.363867 -122.138809
40.363716 -122.139057
40.363601 -122.139427
40.363509 -122.139705
40.363336 -122.140076
40.363092 -122.140417
40.362893 -122.140588
40.362706 -122.140744
40.362449 -122.140870
40.362308 -122.140887
40.362121 -122.140951
40.361840 -122.141154
40.361642 -122.141372
40.361186 -122.141715
40.360859 -122.141873
40.360543 -122.142061
40.360250 -122.142142
40.359896 -122.142271
40.359453 -122.142475
40.359102 -122.142679
40.358880 -122.142789
40.358612 -122.143023
40.358354 -122.143296
40.358039 -122.144611
40.358002 -122.145268
40.357951 -122.145708
40.357933 -122.146152
40.357863 -122.146707
40.357635 -122.147473
40.357311 -122.148101
40.357165 -122.148436
40.356882 -122.148897
40.356524 -122.149331
40.356325 -122.149584
40.356254 -122.149642
40.356051 -122.149809
40.355788 -122.150103
40.355515 -122.150523
40.355295 -122.150969
40.355109 -122.151540
40.354973 -122.151902
40.354827 -122.152223
40.354659 -122.152461
40.354459 -122.152616
40.354322 -122.152854
40.354179 -122.153493
40.354118 -122.153855
40.354078 -122.154257
40.354144 -122.154589
40.354168 -122.154922
40.354170 -122.155254
40.354130 -122.155518
40.353998 -122.156380
40.353979 -122.156699
40.353951 -122.157157
40.353937 -122.157761
40.353935 -122.157864
40.353906 -122.158322
40.353806 -122.159100
40.353799 -122.159572
40.353804 -122.160307
40.353829 -122.160778
40.353929 -122.161428
40.353963 -122.161747
40.354103 -122.162106
40.354255 -122.162506
40.354385 -122.162920
40.354397 -122.163114
40.354390 -122.163544
40.354392 -122.163822
40.354426 -122.164154
40.354491 -122.164361
40.354408 -122.164584
40.354356 -122.164779
40.354252 -122.165071
40.354179 -122.165225
40.353821 -122.165564
40.353417 -122.165717
40.353269 -122.165893
40.353034 -122.166397
40.352991 -122.166632
40.352971 -122.166911
40.352985 -122.167307
40.353088 -122.167644
40.353205 -122.168244
40.353231 -122.168787
40.353233 -122.169080
40.353326 -122.169388
40.353417 -122.169680
40.353576 -122.169928
40.353950 -122.170437
40.354174 -122.170847
40.354374 -122.171406
40.354577 -122.172312
40.354687 -122.172674
40.354853 -122.172986
40.354956 -122.173199
40.355039 -122.173355
40.355040 -122.173520
40.355031 -122.174090
40.355003 -122.174512
40.354986 -122.174776
40.355057 -122.175081
40.355142 -122.175475
40.355238 -122.175456
40.355407 -122.175460
40.355786 -122.175500
40.356572 -122.175478
40.357539 -122.175203
40.357968 -122.175031
40.358737 -122.174850
40.359048 -122.174776
40.359924 -122.174574
40.361195 -122.174170
40.362334 -122.173967
40.362934 -122.173851
40.363368 -122.173602
40.363737 -122.173109
40.364208 -122.172345
40.364516 -122.171908
40.364785 -122.171823
40.364911 -122.171984
40.365059 -122.172470
40.365253 -122.173497
40.365615 -122.174848
40.365977 -122.176252
40.366190 -122.177036
40.366546 -122.177519
40.367002 -122.177568
40.367940 -122.177557
40.368461 -122.177721
40.369096 -122.177968
40.370137 -122.178083
40.371210 -122.178133
40.372314 -122.178035
40.373127 -122.178068
40.373826 -122.178102
40.374021 -122.178163
40.374381 -122.178414
40.374790 -122.178833
40.375119 -122.179467
40.375466 -122.180493
40.375905 -122.182304
40.376414 -122.183573
40.377280 -122.185427
40.378216 -122.186834
40.379484 -122.188635
40.379928 -122.189395
40.380726 -122.190166
40.381644 -122.190729
40.382280 -122.191056
40.382602 -122.191331
40.382684 -122.191402
40.382719 -122.191443
40.382979 -122.191749
40.383177 -122.192225
40.383523 -122.192842
40.383941 -122.193379
40.384468 -122.193739
40.385127 -122.193907
40.385651 -122.193869
40.386259 -122.193782
40.386648 -122.193538
40.386915 -122.193503
40.387220 -122.193531
40.387526 -122.193703
40.387722 -122.193796
40.388270 -122.193710
40.388818 -122.193640
40.389317 -122.193570
40.389694 -122.193534
40.390097 -122.193561
40.390450 -122.193556
40.390694 -122.193553
40.390875 -122.193376
40.390947 -122.193184
40.390982 -122.192897
40.391014 -122.192243
40.391183 -122.192065
40.391646 -122.191996
40.392060 -122.191927
40.392488 -122.191602
40.392763 -122.191393
40.393455 -122.191114
40.394088 -122.190947
40.394310 -122.190773
40.394439 -122.190672
40.394742 -122.190301
40.395309 -122.189593
40.395610 -122.189200
40.395937 -122.188773
40.396008 -122.188437
40.395809 -122.187802
40.395240 -122.186629
40.394921 -122.186314
40.394723 -122.185886
40.394696 -122.185504
40.394760 -122.185126
40.395276 -122.184610
40.395792 -122.183945
40.396172 -122.182601
40.396388 -122.180941
40.396484 -122.178474
40.396520 -122.176625
40.396463 -122.175520
40.396489 -122.174627
40.396632 -122.174094
40.396839 -122.173497
40.396873 -122.172949
40.396793 -122.171946
40.396688 -122.170847
40.396654 -122.169588
40.396732 -122.168583
40.396813 -122.167961
40.396824 -122.167721
40.396855 -122.167036
40.396949 -122.166556
40.396948 -122.166333
40.396921 -122.166078
40.396782 -122.165379
40.396582 -122.164696
40.396444 -122.164044
40.396415 -122.163454
40.396544 -122.162720
40.396949 -122.161471
40.397320 -122.160494
40.397691 -122.159533
40.398012 -122.158493
40.398285 -122.157422
40.398483 -122.156160
40.398515 -122.155554
40.398678 -122.154516
40.399071 -122.153363
40.399817 -122.152015
40.400855 -122.150567
40.401113 -122.150202
40.401209 -122.149910
40.401194 -122.149459
40.401137 -122.148427
40.401069 -122.147589
40.401028 -122.147009
40.400962 -122.146493
40.400898 -122.146187
40.400871 -122.145833
40.400963 -122.145639
40.401121 -122.145474
40.401287 -122.145363
40.401376 -122.145262
40.401472 -122.145079
40.401470 -122.144789
40.401439 -122.144444
40.401354 -122.144101
40.401262 -122.143938
40.401107 -122.143650
40.400980 -122.143370
40.400860 -122.143100
40.400678 -122.142766
40.400544 -122.142505
40.400536 -122.142405
40.400354 -122.142108
40.400157 -122.141747
40.400135 -122.141630
40.400127 -122.141475
40.400111 -122.141258
40.400110 -122.141085
40.400171 -122.140903
40.400239 -122.140721
40.400245 -122.140585
40.400229 -122.140340
40.400311 -122.140076
40.400344 -122.139912
40.400440 -122.139756
40.400474 -122.139602
40.400535 -122.139483
40.400651 -122.139245
40.400760 -122.138936
40.400766 -122.138817
40.400744 -122.138636
40.400616 -122.138239
40.400538 -122.137967
40.400411 -122.137679
40.400283 -122.137317
40.400205 -122.137046
40.400127 -122.136811
40.400049 -122.136622
40.400041 -122.136404
40.400080 -122.136167
40.400121 -122.136040
40.400196 -122.135857
40.400250 -122.135612
40.400325 -122.135420
40.400372 -122.135293
40.400454 -122.135046
40.400507 -122.134801
40.400602 -122.134527
40.400650 -122.134418
40.400670 -122.134327
40.400683 -122.134191
40.400654 -122.134018
40.400610 -122.133720
40.400540 -122.133621
40.400323 -122.133397
40.400161 -122.133187
40.399965 -122.132972
40.399816 -122.132804
40.399741 -122.132696
40.399703 -122.132552
40.399655 -122.132298
40.399662 -122.132032
40.399688 -122.131838
40.399807 -122.131606
40.400183 -122.131214
40.400321 -122.131140
40.400552 -122.131064
40.400968 -122.130974
40.401180 -122.130887
40.401309 -122.130885
40.401467 -122.130992
40.401783 -122.131158
40.402172 -122.131261
40.402617 -122.131328
40.403052 -122.131371
40.403311 -122.131440
40.403442 -122.131536
40.403581 -122.131667
40.403768 -122.131834
40.403936 -122.132025
40.404039 -122.132193
40.404160 -122.132385
40.404301 -122.132638
40.404385 -122.132770
40.404424 -122.132951
40.404490 -122.133192
40.404557 -122.133409
40.404604 -122.133566
40.404679 -122.133734
40.404773 -122.133938
40.404987 -122.134081
40.405201 -122.134199
40.405433 -122.134293
40.405646 -122.134399
40.405933 -122.134468
40.406165 -122.134465
40.406516 -122.134388
40.406839 -122.134299
40.407171 -122.134210
40.407494 -122.134109
40.407900 -122.133947
40.408186 -122.133822
40.408389 -122.133807
40.408805 -122.133790
40.409174 -122.133688
40.409581 -122.133598
40.409969 -122.133569
40.410376 -122.133600
40.410954 -122.133627
40.411159 -122.133129
40.411286 -122.132632
40.411413 -122.132186
40.411500 -122.131638
40.411524 -122.131313
40.411508 -122.130955
40.411426 -122.130409
40.411383 -122.129880
40.411208 -122.129250
40.411062 -122.128859
40.411006 -122.128382
40.411094 -122.127936
40.411262 -122.127746
40.411429 -122.127437
40.411623 -122.127110
40.411634 -122.126904
40.411553 -122.126513
40.411497 -122.125967
40.411491 -122.125164
40.411499 -122.124480
40.411571 -122.123762
40.411801 -122.123076
40.412058 -122.122440
40.412250 -122.122045
40.412469 -122.121547
40.412571 -122.121204
40.412592 -122.120606
40.412562 -122.120380
40.412509 -122.119992
40.412467 -122.119710
40.412440 -122.119531
40.412435 -122.118831
40.412571 -122.117838
40.412888 -122.116536
40.412962 -122.116296
40.412959 -122.115860
40.413105 -122.115631
40.413238 -122.115658
40.413326 -122.115666
40.413472 -122.115549
40.413574 -122.115481
40.413729 -122.115469
40.413868 -122.115458
40.414000 -122.115456
40.414090 -122.115481
40.414162 -122.115502
40.414272 -122.115491
40.414411 -122.115412
40.414586 -122.115198
40.414701 -122.114957
40.414802 -122.114629
40.414880 -122.114310
40.414995 -122.114001
40.415056 -122.113770
40.415193 -122.113249
40.415378 -122.112403
40.415491 -122.111263
40.415505 -122.110784
40.415587 -122.110077
40.415772 -122.109323
40.416047 -122.108773
40.416459 -122.108107
40.416926 -122.107691
40.417497 -122.107205
40.418241 -122.106625
40.419003 -122.106069
40.419281 -122.105997
40.419750 -122.105831
40.420655 -122.105796
40.421977 -122.105619
40.422949 -122.105333
40.423713 -122.105049
40.423892 -122.104955
40.424112 -122.104839
40.424491 -122.104287
40.424690 -122.103781
40.424815 -122.103463
40.424999 -122.102526
40.425148 -122.101477
40.425431 -122.099878
40.425873 -122.098437
40.426365 -122.096790
40.426569 -122.096172
40.426787 -122.095144
40.426956 -122.094481
40.427383 -122.093405
40.427589 -122.093060
40.428087 -122.092211
40.428809 -122.091039
40.429481 -122.090096
40.429893 -122.089361
40.430166 -122.088697
40.430491 -122.087849
40.430533 -122.087689
40.430812 -122.086638
40.431031 -122.085792
40.431166 -122.085197
40.431223 -122.084944
40.431519 -122.083621
40.431670 -122.082889
40.431751 -122.082091
40.431805 -122.081748
40.431867 -122.081360
40.432036 -122.080697
40.432298 -122.080101
40.432480 -122.079689
40.432650 -122.079140
40.432663 -122.078638
40.432464 -122.077684
40.432089 -122.076504
40.432077 -122.076463
40.431821 -122.075619
40.431727 -122.074732
40.431703 -122.074454
40.431611 -122.073367
40.431606 -122.072661
40.431562 -122.071590
40.431556 -122.070747
40.431708 -122.070153
40.432137 -122.069395
40.432443 -122.068480
40.432729 -122.067336
40.432927 -122.065876
40.432921 -122.065169
40.432896 -122.064258
40.433042 -122.062889
40.433172 -122.061771
40.433237 -122.061201
40.433511 -122.060604
40.434008 -122.059960
40.434062 -122.059890
40.434381 -122.059509
40.434939 -122.058579
40.435214 -122.058097
40.435417 -122.057411
40.435484 -122.057091
40.435734 -122.055652
40.435916 -122.054578
40.436048 -122.053665
40.436106 -122.053267
40.436262 -122.052181
40.436582 -122.050787
40.436816 -122.050273
40.437095 -122.049663
40.437405 -122.049294
40.437764 -122.048537
40.437839 -122.048369
40.438158 -122.047643
40.438327 -122.047094
40.438461 -122.046385
40.438355 -122.046250
40.438272 -122.046065
40.438213 -122.045933
40.437999 -122.045253
40.437843 -122.044507
40.437799 -122.044299
40.437668 -122.043229
40.437667 -122.043035
40.437657 -122.041908
40.437676 -122.039903
40.437705 -122.039492
40.437785 -122.038352
40.438014 -122.036640
40.438160 -122.035964
40.438316 -122.035245
40.438519 -122.034604
40.438671 -122.033964
40.438638 -122.033601
40.438560 -122.033214
40.438241 -122.032489
40.438206 -122.031843
40.438158 -122.030964
40.438115 -122.029962
40.438213 -122.029209
40.438523 -122.028771
40.438922 -122.028652
40.439270 -122.028646
40.439671 -122.028664
40.440091 -122.028885
40.440405 -122.028995
40.440771 -122.028989
40.441206 -122.028983
40.441760 -122.028953
40.441883 -122.028768
40.441896 -122.028199
40.441821 -122.027562
40.441639 -122.026630
40.441687 -122.026128
40.441793 -122.025893
40.441875 -122.025715
40.442083 -122.025393
40.442321 -122.025025
40.442441 -122.024727
40.442403 -122.024200
40.442292 -122.023635
40.442178 -122.023328
40.441954 -122.022729
40.441827 -122.022093
40.441829 -122.021951
40.441833 -122.021714
40.441838 -122.021386
40.442123 -122.020260
40.442529 -122.020093
40.443101 -122.019831
40.443492 -122.019652
40.444384 -122.019136
40.444638 -122.018873
40.444924 -122.018274
40.445093 -122.017601
40.445435 -122.016696
40.445849 -122.016111
40.446366 -122.015219
40.446582 -122.014591
40.446644 -122.013645
40.446764 -122.012698
40.446919 -122.011826
40.447087 -122.010955
40.447359 -122.010082
40.447483 -122.009793
40.447530 -122.009683
40.447664 -122.009010
40.447679 -122.008877
40.447719 -122.008503
40.447729 -122.008414
40.447724 -122.007881
40.447756 -122.007469
40.447822 -122.007041
40.447843 -122.006751
40.447868 -122.006649
40.447899 -122.006521
40.448069 -122.006000
40.448355 -122.005417
40.448480 -122.005019
40.448545 -122.004453
40.448573 -122.003660
40.448629 -122.003309
40.448847 -122.003016
40.449009 -122.002846
40.449240 -122.002659
40.449379 -122.002535
40.449494 -122.002381
40.449572 -122.001983
40.449700 -122.001921
40.449839 -122.001812
40.450083 -122.001762
40.450279 -122.001607
40.450522 -122.001420
40.450871 -122.001293
40.451335 -122.001134
40.451661 -122.001099
40.451894 -122.001050
40.452127 -122.001046
40.452510 -122.000903
40.452840 -122.000724
40.453252 -122.000526
40.453530 -122.000354
40.453611 -122.000323
40.453756 -122.000319
40.453891 -122.000596
40.454115 -122.000837
40.454303 -122.000986
40.454446 -122.001018
40.454819 -122.001013
40.455253 -122.000890
40.455633 -122.000722
40.455943 -122.000554
40.456102 -122.000412
40.456207 -122.000236
40.456483 -121.999685
40.456926 -121.999755
40.457288 -121.999826
40.457521 -121.999807
40.457742 -121.999773
40.457964 -121.999831
40.458209 -121.999904
40.458524 -121.999960
40.459003 -122.000136
40.459283 -122.000162
40.459598 -122.000295
40.459936 -122.000320
40.460286 -122.000315
40.460610 -122.000143
40.461086 -121.999937
40.461676 -121.999471
40.462300 -121.998928
40.462925 -121.998446
40.463646 -121.998039
40.464571 -121.997273
40.465002 -121.996778
40.465156 -121.996547
40.465400 -121.996183
40.465490 -121.995942
40.465598 -121.995651
40.465648 -121.995414
40.465747 -121.994957
40.465675 -121.993901
40.465465 -121.992867
40.465342 -121.991283
40.465350 -121.991022
40.465367 -121.990466
40.465378 -121.990103
40.465492 -121.988861
40.465728 -121.987414
40.465704 -121.986479
40.465607 -121.986073
40.465317 -121.984957
40.465149 -121.983396
40.465029 -121.982117
40.465012 -121.981624
40.465008 -121.981507
40.465001 -121.980694
40.464986 -121.980332
40.464961 -121.979718
40.465138 -121.978618
40.465556 -121.977542
40.465639 -121.977329
40.466278 -121.975855
40.466475 -121.975283
40.466481 -121.974286
40.466272 -121.973395
40.466016 -121.972643
40.465790 -121.971653
40.465592 -121.970294
40.465588 -121.969901
40.465586 -121.969623
40.465750 -121.969079
40.465888 -121.968622
40.466300 -121.967802
40.466927 -121.966715
40.467203 -121.966406
40.467728 -121.966011
40.468391 -121.965493
40.468976 -121.964914
40.469310 -121.964076
40.469721 -121.963175
40.469840 -121.962917
40.469919 -121.962744
40.469931 -121.962256
40.469816 -121.961607
40.469715 -121.960779
40.469644 -121.959698
40.469648 -121.958853
40.469649 -121.958600
40.469749 -121.957622
40.469833 -121.957255
40.469884 -121.957031
40.470016 -121.956174
40.470175 -121.954891
40.470353 -121.954014
40.470594 -121.953135
40.470667 -121.952585
40.470662 -121.952118
40.470643 -121.951650
40.470480 -121.950880
40.470452 -121.950818
40.470116 -121.950093
40.469736 -121.949346
40.469449 -121.948496
40.469192 -121.947606
40.468998 -121.946694
40.468635 -121.946069
40.468551 -121.945358
40.468548 -121.945094
40.468606 -121.944626
40.468633 -121.944516
40.468741 -121.944074
40.469015 -121.943521
40.469305 -121.942886
40.469823 -121.941820
40.469875 -121.941628
40.469928 -121.941432
40.469863 -121.941067
40.469362 -121.940689
40.468875 -121.940066
40.468482 -121.939266
40.468308 -121.938374
40.468363 -121.937587
40.468621 -121.936335
40.468884 -121.935653
40.468982 -121.935055
40.469019 -121.934567
40.469115 -121.933779
40.469111 -121.933345
40.469004 -121.932729
40.468895 -121.932427
40.468935 -121.932182
40.469120 -121.932043
40.469432 -121.932255
40.469810 -121.932819
40.470127 -121.933464
40.470813 -121.934216
40.470859 -121.934266
40.471442 -121.934637
40.471734 -121.934876
40.471985 -121.935116
40.472294 -121.935003
40.472478 -121.934647
40.472724 -121.934454
40.472936 -121.934097
40.473356 -121.933386
40.473432 -121.933088
40.473556 -121.932597
40.473551 -121.932082
40.473337 -121.931272
40.472932 -121.930085
40.472813 -121.929206
40.472761 -121.928576
40.472742 -121.928292
40.472647 -121.928008
40.472702 -121.927891
40.472757 -121.927777
40.472851 -121.927639
40.473228 -121.927084
40.473765 -121.926404
40.474195 -121.925808
40.474360 -121.925550
40.474486 -121.925356
40.474512 -121.925254
40.474621 -121.924845
40.474710 -121.924478
40.474767 -121.923906
40.474781 -121.923765
40.475020 -121.922744
40.475177 -121.922413
40.475477 -121.921781
40.475906 -121.921123
40.476290 -121.920690
40.476982 -121.919967
40.477381 -121.919411
40.477868 -121.918387
40.478370 -121.917240
40.478491 -121.916872
40.478527 -121.916701
40.478654 -121.916096
40.478615 -121.915222
40.478467 -121.914370
40.478448 -121.914188
40.478382 -121.913558
40.478409 -121.913110
40.478762 -121.912698
40.479503 -121.912239
40.480151 -121.911720
40.480612 -121.911183
40.481055 -121.910444
40.481378 -121.910073
40.482070 -121.909329
40.482376 -121.908857
40.482537 -121.908517
40.482619 -121.908344
40.482818 -121.907934
40.482720 -121.907529
40.482358 -121.906945
40.481948 -121.906280
40.481582 -121.905432
40.481513 -121.904681
40.481755 -121.903965
40.481985 -121.903656
40.482353 -121.903203
40.482826 -121.902300
40.483282 -121.901235
40.483488 -121.900011
40.483643 -121.898402
40.483864 -121.897157
40.484439 -121.895541
40.484941 -121.894434
40.485708 -121.893425
40.485969 -121.893136
40.485858 -121.892833
40.485527 -121.892370
40.485292 -121.892171
40.484856 -121.892056
40.484401 -121.891596
40.484104 -121.891316
40.483695 -121.890834
40.483637 -121.890606
40.483582 -121.890389
40.483626 -121.890247
40.483748 -121.889857
40.484161 -121.889200
40.484680 -121.888276
40.484966 -121.887335
40.485069 -121.886744
40.485218 -121.886050
40.485398 -121.885396
40.485629 -121.885229
40.485769 -121.885186
40.486049 -121.885304
40.486393 -121.885501
40.486625 -121.885416
40.487023 -121.884779
40.487756 -121.883555
40.487909 -121.883300
40.488413 -121.882396
40.489072 -121.881491
40.489842 -121.880786
40.490379 -121.880106
40.490698 -121.879389
40.490832 -121.878513
40.490876 -121.877213
40.490700 -121.875332
40.491620 -121.873879
40.492302 -121.873212
40.493280 -121.872256
40.494543 -121.870973
40.495819 -121.869420
40.497223 -121.867640
40.498549 -121.866208
40.499653 -121.864859
40.500761 -121.863989
40.501345 -121.863421
40.502390 -121.862366
40.503188 -121.860836
40.503704 -121.859709
40.503975 -121.858321
40.504143 -121.856775
40.504257 -121.856055
40.504591 -121.854905
40.505492 -121.853560
40.507084 -121.852362
40.508439 -121.851780
40.509185 -121.851235
40.510493 -121.850565
40.511119 -121.849659
40.512042 -121.848526
40.512968 -121.847685
40.513855 -121.847004
40.514027 -121.846810
40.514477 -121.846302
40.514982 -121.845334
40.515234 -121.844852
40.515950 -121.843270
40.516849 -121.841844
40.517187 -121.841066
40.517489 -121.839967
40.517598 -121.839569
40.517941 -121.837354
40.518097 -121.835978
40.518147 -121.835541
40.518180 -121.834822
40.518176 -121.834390
40.518170 -121.833864
40.518153 -121.833514
40.518119 -121.832854
40.517805 -121.831848
40.517407 -121.830631
40.517213 -121.829570
40.517202 -121.829252
40.517184 -121.828719
40.517297 -121.827839
40.518176 -121.826413
40.518979 -121.825494
40.519865 -121.824760
40.521220 -121.824151
40.521664 -121.823904
40.521904 -121.823554
40.521981 -121.823071
40.522019 -121.822833
40.522130 -121.821767
40.522290 -121.819582
40.522452 -121.818989
40.522779 -121.817790
40.523244 -121.815546
40.523683 -121.814767
40.524356 -121.813132
40.524945 -121.811099
40.525131 -121.809419
40.525342 -121.808297
40.526058 -121.806510
40.527249 -121.803827
40.528152 -121.802073
40.529297 -121.800278
40.529828 -121.799239
40.530167 -121.797952
40.530235 -121.796677
40.529980 -121.795581
40.529091 -121.793503
40.528001 -121.791177
40.527540 -121.790196
40.527058 -121.788110
40.526711 -121.786023
40.526704 -121.785763
40.526638 -121.783590
40.526628 -121.783257
40.526628 -121.783190
40.526600 -121.780560
40.526575 -121.778254
40.526299 -121.775172
40.526023 -121.772090
40.525992 -121.769216
40.526005 -121.768825
40.526016 -121.767920
40.526093 -121.767000
40.526483 -121.766049
40.527461 -121.764434
40.528260 -121.763195
40.529079 -121.761955
40.529663 -121.761466
40.530109 -121.761351
40.530261 -121.761329
40.530737 -121.761260
40.531833 -121.761160
40.533333 -121.760919
40.534090 -121.760674
40.534992 -121.760383
40.536405 -121.759531
40.537449 -121.758447
40.538729 -121.756560
40.539803 -121.754491
40.540449 -121.752269
40.540630 -121.750216
40.540745 -121.749522
40.540736 -121.748777
40.540778 -121.747577
40.541421 -121.747523
40.541987 -121.747536
40.542322 -121.747484
40.542496 -121.747225
40.542722 -121.746873
40.542860 -121.746546
40.543101 -121.745939
40.543347 -121.745819
40.543559 -121.745768
40.544639 -121.745910
40.545669 -121.746285
40.547108 -121.746861
40.548102 -121.747260
40.548651 -121.747366
40.548969 -121.747313
40.549178 -121.746985
40.549566 -121.745239
40.550236 -121.743511
40.550730 -121.741717
40.551282 -121.740478
40.551947 -121.739793
40.552827 -121.739452
40.553851 -121.739270
40.554664 -121.739302
40.555053 -121.739294
40.555792 -121.738886
40.556440 -121.738341
40.557686 -121.737483
40.559034 -121.736275
40.560030 -121.735120
40.561198 -121.733638
40.563131 -121.730865
40.565956 -121.727310
40.568280 -121.724739
40.569902 -121.722737
40.570456 -121.721989
40.570773 -121.721561
40.572101 -121.720075
40.573027 -121.719130
40.573745 -121.718420
40.574676 -121.717869
40.575311 -121.717764
40.575772 -121.717848
40.576358 -121.718092
40.576819 -121.718245
40.577209 -121.718284
40.577720 -121.718159
40.578249 -121.718033
40.578761 -121.717930
40.579095 -121.717785
40.579394 -121.717570
40.579833 -121.717283
40.580186 -121.717254
40.580788 -121.717312
40.581390 -121.717416
40.581658 -121.717620
40.581872 -121.717824
40.582015 -121.717984
40.582479 -121.718323
40.582763 -121.718387
40.583116 -121.718334
40.583521 -121.718210
40.584068 -121.718153
40.584477 -121.718354
40.584995 -121.718785
40.585513 -121.719262
40.586015 -121.719879
40.586604 -121.720378
40.586960 -121.720534
40.587349 -121.720596
40.588054 -121.720397
40.588794 -121.720104
40.589567 -121.719649
40.590412 -121.719308
40.591222 -121.719014
40.592134 -121.718371
40.592644 -121.718059
40.593172 -121.717864
40.593752 -121.717551
40.594103 -121.717336
40.594401 -121.717098
40.594770 -121.716882
40.595051 -121.716691
40.595225 -121.716456
40.595362 -121.716036
40.595465 -121.715732
40.595638 -121.715450
40.595987 -121.714980
40.596284 -121.714626
40.596564 -121.714389
40.596773 -121.714153
40.597266 -121.713934
40.597866 -121.713807
40.598221 -121.713748
40.598580 -121.713776
40.598924 -121.713735
40.599215 -121.713642
40.599598 -121.713513
40.600033 -121.713278
40.600191 -121.713171
40.600482 -121.713078
40.600666 -121.712970
40.600889 -121.712757
40.601219 -121.712647
40.601470 -121.712555
40.601774 -121.712410
40.602050 -121.712230
40.602247 -121.712000
40.602456 -121.711735
40.602744 -121.711451
40.603059 -121.711132
40.603467 -121.710794
40.603676 -121.710564
40.603989 -121.710070
40.604197 -121.709701
40.604457 -121.709243
40.604849 -121.708697
40.605136 -121.708273
40.605352 -121.707848
40.605406 -121.707650
40.605453 -121.707546
40.605426 -121.707496
40.605360 -121.707273
40.605297 -121.707023
40.605275 -121.706748
40.605359 -121.705953
40.605431 -121.705710
40.605512 -121.705437
40.605720 -121.704944
40.605816 -121.704381
40.606004 -121.703656
40.606029 -121.703416
40.606079 -121.702922
40.606325 -121.702392
40.606654 -121.701836
40.607010 -121.701243
40.607130 -121.701155
40.607213 -121.701056
40.607358 -121.700711
40.607550 -121.700439
40.608011 -121.700051
40.608360 -121.699617
40.608840 -121.699229
40.609341 -121.698908
40.609450 -121.698838
40.609667 -121.698662
40.609819 -121.698538
40.610058 -121.698265
40.610692 -121.697556
40.611079 -121.697231
40.611560 -121.696892
40.611974 -121.696493
40.612029 -121.696406
40.612129 -121.696246
40.612267 -121.696084
40.612723 -121.695635
40.613023 -121.694750
40.613240 -121.694143
40.613553 -121.693339
40.613745 -121.692749
40.613840 -121.692340
40.613911 -121.691997
40.614054 -121.691521
40.614166 -121.691328
40.614283 -121.691124
40.614529 -121.690698
40.614716 -121.690375
40.614882 -121.690088
40.614990 -121.689793
40.615028 -121.689686
40.615123 -121.689416
40.615205 -121.689040
40.615410 -121.688531
40.615714 -121.687971
40.615798 -121.687692
40.615918 -121.687315
40.616011 -121.686744
40.616127 -121.686073
40.616225 -121.685958
40.616319 -121.685516
40.616636 -121.685005
40.616843 -121.684659
40.616973 -121.684506
40.617223 -121.684211
40.617394 -121.683980
40.617514 -121.683603
40.617553 -121.683339
40.617606 -121.682982
40.617638 -121.682477
40.617656 -121.681923
40.617726 -121.681547
40.617674 -121.681303
40.617509 -121.680997
40.617342 -121.680528
40.617225 -121.679993
40.617232 -121.679569
40.617281 -121.679219
40.617290 -121.679161
40.617308 -121.678574
40.617364 -121.678052
40.617292 -121.677538
40.617228 -121.677077
40.617148 -121.676590
40.616868 -121.675928
40.616701 -121.675459
40.616630 -121.674984
40.616601 -121.674283
40.616623 -121.673880
40.616736 -121.673301
40.616812 -121.672950
40.616821 -121.672583
40.616633 -121.672446
40.616163 -121.672141
40.615935 -121.671971
40.615544 -121.671576
40.615154 -121.671269
40.614912 -121.671082
40.614599 -121.670796
40.614576 -121.670774
40.614596 -121.670516
40.614875 -121.669973
40.615143 -121.669463
40.615383 -121.668791
40.615471 -121.668598
40.615770 -121.667936
40.616133 -121.667082
40.616532 -121.666145
40.617192 -121.665302
40.617535 -121.664855
40.617717 -121.664526
40.617961 -121.664195
40.618247 -121.664173
40.618791 -121.663999
40.619112 -121.663846
40.619406 -121.663515
40.619935 -121.663129
40.620750 -121.662787
40.621382 -121.662726
40.622052 -121.662680
40.622711 -121.662748
40.623483 -121.663010
40.623979 -121.663093
40.624354 -121.663155
40.625349 -121.663298
40.626094 -121.663365
40.626629 -121.663436
40.627179 -121.663783
40.627517 -121.664102
40.627854 -121.664416
40.628854 -121.664874
40.629530 -121.665300
40.630168 -121.665744
40.630605 -121.665996
40.630917 -121.666152
40.631214 -121.666279
40.631391 -121.666355
40.631840 -121.666492
40.632250 -121.666598
40.632379 -121.666605
40.632685 -121.666622
40.633108 -121.666695
40.633431 -121.666738
40.633805 -121.666893
40.634104 -121.666985
40.634528 -121.667139
40.634940 -121.667311
40.635477 -121.667593
40.635926 -121.667780
40.636288 -121.667952
40.636662 -121.668172
40.637037 -121.668377
40.637190 -121.668432
40.637178 -121.668247
40.637261 -121.668020
40.637406 -121.667639
40.637531 -121.667313
40.637568 -121.666850
40.637668 -121.666216
40.637896 -121.665622
40.638044 -121.665318
40.638169 -121.665060
40.638433 -121.664494
40.638558 -121.664173
40.638736 -121.663571
40.638929 -121.662950
40.639078 -121.662311
40.639113 -121.661618
40.639217 -121.660792
40.639295 -121.660117
40.639474 -121.659627
40.639626 -121.659213
40.639651 -121.658894
40.639648 -121.658651
40.639600 -121.658165
40.639421 -121.657439
40.639309 -121.656450
40.639316 -121.655795
40.639380 -121.655158
40.639402 -121.654596
40.639566 -121.654013
40.639592 -121.653806
40.639546 -121.653545
40.639443 -121.653267
40.639324 -121.652857
40.639249 -121.652485
40.639147 -121.652318
40.638862 -121.651898
40.638469 -121.651191
40.638450 -121.651135
40.638326 -121.650773
40.638224 -121.650284
40.638164 -121.649752
40.638137 -121.649261
40.638147 -121.648921
40.638152 -121.648756
40.638343 -121.647671
40.638354 -121.646829
40.638325 -121.646170
40.638458 -121.645648
40.638635 -121.645210
40.638843 -121.644714
40.639039 -121.644121
40.639205 -121.643697
40.639497 -121.643116
40.639695 -121.642649
40.640033 -121.642007
40.640504 -121.641598
40.640463 -121.641291
40.640421 -121.640977
40.640349 -121.640113
40.640108 -121.639586
40.639036 -121.639374
40.638730 -121.639302
40.638370 -121.639218
