CA_All
41.998016 -124.210136
41.995640 -123.820290
41.997173 -123.726974
41.995300 -123.655823
42.000000 -123.623375
42.001015 -123.516739
42.001801 -123.433601
41.999264 -123.346390
42.004002 -123.229599
42.009399 -123.144798
42.003201 -123.044106
42.002750 -122.892815
42.005001 -122.633598
42.009655 -122.377068
42.007900 -122.288399
41.997303 -121.446503
41.997692 -121.250000
41.993443 -121.034210
41.993900 -120.878403
41.993053 -120.293373
41.994652 -119.998116
41.184078 -119.998817
40.500000 -119.994888
40.000000 -119.996246
39.722511 -120.000290
39.445206 -120.002090
39.316444 -120.004295
39.165684 -120.003441
39.112782 -120.002411
39.067585 -120.001450
38.999668 -120.000000
38.933414 -119.903305
38.713306 -119.584435
38.620056 -119.449615
38.609127 -119.434067
38.534882 -119.327408
38.414833 -119.155991
37.896290 -118.427193
37.465000 -117.831802
36.971176 -117.165108
36.004211 -115.897507
35.809021 -115.646362
35.002083 -114.632217
34.986149 -114.628220
34.965149 -114.634438
34.943039 -114.628967
34.924606 -114.632454
34.907261 -114.630081
34.889103 -114.635925
34.869968 -114.632256
34.859737 -114.623146
34.847355 -114.599854
34.835667 -114.586044
34.815296 -114.575653
34.794289 -114.570213
34.766869 -114.551888
34.750816 -114.528824
34.736740 -114.515823
34.725697 -114.491226
34.716621 -114.486710
34.712208 -114.470192
34.691196 -114.464455
34.666828 -114.449715
34.657104 -114.457191
34.642525 -114.440674
34.621449 -114.437943
34.610443 -114.423409
34.600834 -114.424545
34.596066 -114.436012
34.580700 -114.421593
34.569630 -114.404442
34.529713 -114.380051
34.507275 -114.377335
34.495747 -114.381569
34.476028 -114.380913
34.457901 -114.385910
34.446926 -114.372925
34.450905 -114.336685
34.446640 -114.330978
34.437843 -114.325928
34.426796 -114.300232
34.419510 -114.292610
34.409771 -114.290367
34.405327 -114.286018
34.400360 -114.262131
34.376648 -114.233490
34.365906 -114.225327
34.361359 -114.198692
34.349293 -114.176125
34.339500 -114.168022
34.317848 -114.156425
34.303215 -114.137505
34.274364 -114.135887
34.262714 -114.130432
34.258450 -114.132484
34.259686 -114.163864
34.253338 -114.163086
34.250000 -114.165344
34.247288 -114.173813
34.239956 -114.177269
34.211525 -114.210976
34.203629 -114.224419
34.193878 -114.224159
34.186913 -114.228935
34.183216 -114.239929
34.172825 -114.256248
34.170162 -114.267677
34.172134 -114.274483
34.170517 -114.286514
34.138618 -114.319992
34.134022 -114.335327
34.133102 -114.352249
34.118561 -114.365738
34.115971 -114.378448
34.110069 -114.389778
34.111637 -114.400818
34.110016 -114.410896
34.103451 -114.419708
34.088394 -114.432594
34.079712 -114.434639
34.057877 -114.438553
34.037769 -114.434158
34.022591 -114.437477
34.012562 -114.449417
34.010971 -114.465080
34.005177 -114.466522
34.000000 -114.458397
33.995541 -114.457840
33.992859 -114.467140
33.961773 -114.499100
33.957508 -114.507881
33.958088 -114.515076
33.954647 -114.522339
33.934635 -114.534691
33.925076 -114.532906
33.917500 -114.517647
33.911076 -114.510719
33.903790 -114.507126
33.900623 -114.507919
33.897942 -114.512924
33.901569 -114.523499
33.900215 -114.525078
33.892563 -114.521973
33.876053 -114.503006
33.866432 -114.502625
33.858620 -114.513885
33.859985 -114.524879
33.855419 -114.529816
33.825363 -114.519180
33.818958 -114.521927
33.814945 -114.527267
33.760445 -114.504074
33.750980 -114.503693
33.734192 -114.511559
33.719135 -114.495773
33.707901 -114.493408
33.698433 -114.494926
33.685856 -114.523170
33.675087 -114.530739
33.666801 -114.529480
33.660156 -114.513275
33.655903 -114.517555
33.654442 -114.529793
33.651634 -114.532410
33.634678 -114.523018
33.630238 -114.525581
33.628189 -114.530251
33.623886 -114.530426
33.612518 -114.521057
33.606628 -114.528397
33.591389 -114.539833
33.580593 -114.539513
33.570934 -114.536003
33.552204 -114.523819
33.531796 -114.558113
33.516712 -114.560173
33.509193 -114.568741
33.506439 -114.579681
33.498650 -114.591583
33.481369 -114.600914
33.456535 -114.622131
33.447529 -114.621498
33.433525 -114.626335
33.422699 -114.634392
33.413605 -114.648750
33.413010 -114.657593
33.418270 -114.673111
33.417915 -114.687157
33.415096 -114.694862
33.408360 -114.700943
33.407864 -114.719269
33.404026 -114.724747
33.382511 -114.706520
33.376598 -114.706558
33.361118 -114.698265
33.352413 -114.697250
33.336983 -114.700142
33.323391 -114.707169
33.312077 -114.722832
33.302402 -114.730431
33.286949 -114.720879
33.279755 -114.693657
33.273544 -114.679718
33.258465 -114.671295
33.246395 -114.688751
33.223087 -114.672836
33.203415 -114.677963
33.185455 -114.674568
33.169682 -114.679459
33.159485 -114.678566
33.142159 -114.686287
33.131172 -114.696037
33.105297 -114.705383
33.091064 -114.707031
33.087013 -114.703934
33.084000 -114.688232
33.070930 -114.686203
33.057133 -114.673508
33.041859 -114.672874
33.032631 -114.661530
33.033787 -114.657043
33.048862 -114.645195
33.045254 -114.638771
33.031013 -114.627502
33.027164 -114.617996
33.026192 -114.588989
33.028191 -114.583977
33.035336 -114.577507
33.036587 -114.570869
33.032356 -114.530296
33.027576 -114.515671
33.019669 -114.507179
33.007519 -114.500450
32.971741 -114.492157
32.969906 -114.487839
32.975136 -114.475754
32.971611 -114.467827
32.955219 -114.467278
32.937889 -114.479439
32.933640 -114.480003
32.923588 -114.475853
32.912399 -114.463196
32.905758 -114.462112
32.845112 -114.468193
32.823189 -114.493408
32.816376 -114.509430
32.795433 -114.528847
32.776878 -114.531647
32.757050 -114.526070
32.756905 -114.538315
32.749767 -114.538437
32.749508 -114.563667
32.742252 -114.563728
32.742275 -114.580956
32.734901 -114.581001
32.734463 -114.614304
32.728401 -114.614799
32.728168 -114.616875
32.737545 -114.687737
32.745586 -114.700790
32.730343 -114.713737
32.718716 -114.718849
32.618530 -116.105339
32.556618 -116.860207
32.541580 -117.035583
32.541248 -117.039993
32.541199 -117.041107
32.540909 -117.044525
32.534878 -117.124184
32.554695 -117.128761
32.561050 -117.133545
32.614277 -117.134529
32.629059 -117.140442
32.669594 -117.165260
32.683914 -117.182610
32.689896 -117.199661
32.686897 -117.218689
32.677952 -117.230225
32.668484 -117.235054
32.664539 -117.241959
32.666508 -117.245903
32.714806 -117.256744
32.755215 -117.252800
32.792667 -117.255760
32.821251 -117.278427
32.834061 -117.281387
32.849831 -117.278427
32.852428 -117.261810
32.866589 -117.251816
32.885315 -117.251816
32.939522 -117.260689
33.000629 -117.277443
33.056808 -117.302078
33.091305 -117.313904
33.156353 -117.354317
33.271667 -117.448936
33.327847 -117.499199
33.365299 -117.548477
33.378109 -117.571144
33.386600 -117.595001
33.387623 -117.595627
33.406288 -117.607025
33.430500 -117.630798
33.440701 -117.644707
33.461342 -117.682671
33.459400 -117.691002
33.460499 -117.714294
33.483398 -117.725601
33.484978 -117.732986
33.488998 -117.737297
33.494202 -117.737907
33.541500 -117.783997
33.551102 -117.807701
33.573502 -117.839401
33.592354 -117.878807
33.605663 -117.927055
33.619972 -117.940033
33.655243 -118.002258
33.728779 -118.088776
33.733109 -118.100090
33.742897 -118.116257
33.752468 -118.132072
33.757969 -118.147308
33.763046 -118.180321
33.752468 -118.222214
33.751198 -118.235748
33.747387 -118.245064
33.739349 -118.253952
33.713955 -118.271729
33.707184 -118.280617
33.703800 -118.292885
33.707607 -118.295425
33.727501 -118.350861
33.736385 -118.359329
33.736385 -118.374138
33.740616 -118.378792
33.740196 -118.385559
33.735115 -118.395294
33.740616 -118.410103
33.774700 -118.427505
33.800201 -118.404106
33.803501 -118.393997
33.815399 -118.390602
33.838402 -118.390305
33.843201 -118.399002
33.861500 -118.401604
33.876801 -118.408295
33.940300 -118.441505
33.987499 -118.475700
34.009499 -118.496506
34.027500 -118.518600
34.037121 -118.539230
34.037502 -118.647682
34.031055 -118.680466
34.029663 -118.704323
34.032112 -118.743744
34.025330 -118.758705
34.019539 -118.786179
34.006767 -118.794334
34.000065 -118.806465
34.008209 -118.814110
34.032928 -118.849792
34.042866 -118.935982
34.045830 -118.943748
34.065361 -118.995010
34.064571 -119.003716
34.082764 -119.036934
34.082764 -119.051971
34.097004 -119.087563
34.098583 -119.099434
34.093842 -119.109711
34.100166 -119.127907
34.134972 -119.183281
34.142883 -119.201469
34.145256 -119.214127
34.166615 -119.229950
34.196674 -119.247353
34.229900 -119.264755
34.267075 -119.278992
34.274197 -119.292442
34.271030 -119.301933
34.288437 -119.335953
34.306629 -119.351768
34.318497 -119.370750
34.315331 -119.388954
34.330360 -119.398438
34.348557 -119.422966
34.354885 -119.441956
34.373867 -119.458557
34.376240 -119.470421
34.373199 -119.475700
34.412327 -119.579712
34.419418 -119.612328
34.415165 -119.643532
34.413750 -119.677559
34.402405 -119.690331
34.395313 -119.704506
34.395313 -119.731445
34.415165 -119.782501
34.413750 -119.836395
34.403820 -119.840637
34.406654 -119.874680
34.433601 -119.928566
34.432182 -119.952675
34.446365 -119.973946
34.456291 -119.995216
34.459129 -120.090225
34.471889 -120.141281
34.471889 -120.220688
34.461964 -120.334137
34.450615 -120.419228
34.440693 -120.451843
34.447781 -120.470268
34.473309 -120.475945
34.490322 -120.491547
34.522942 -120.509979
34.539955 -120.553947
34.555557 -120.580887
34.551300 -120.614922
34.559811 -120.636192
34.576828 -120.646118
34.599518 -120.641861
34.663334 -120.610664
34.694527 -120.600739
34.710129 -120.603577
34.737072 -120.626266
34.755508 -120.637611
34.795212 -120.620590
34.844845 -120.607826
34.863281 -120.613503
34.877460 -120.637611
34.897316 -120.656036
34.901569 -120.670227
34.931347 -120.664551
34.974957 -120.648796
35.002094 -120.638985
35.044647 -120.630943
35.071907 -120.628662
35.109520 -120.631088
35.126534 -120.636131
35.146652 -120.649719
35.151440 -120.665283
35.168201 -120.696419
35.171791 -120.717957
35.180172 -120.737122
35.176579 -120.751488
35.157425 -120.751488
35.159821 -120.765846
35.180172 -120.800575
35.205315 -120.854446
35.220879 -120.872406
35.242432 -120.891563
35.256798 -120.897552
35.274757 -120.892761
35.299900 -120.877197
35.328632 -120.866425
35.342999 -120.864021
35.376526 -120.864021
35.399273 -120.867615
35.423218 -120.879593
35.445171 -120.902290
35.448357 -120.905930
35.447159 -120.949036
35.456738 -120.978958
35.459133 -121.004105
35.547729 -121.102280
35.580055 -121.120239
35.627945 -121.160942
35.638721 -121.175308
35.636326 -121.194466
35.639915 -121.206444
35.650692 -121.224403
35.654285 -121.248344
35.665058 -121.284264
35.681820 -121.287857
35.708160 -121.311798
35.745277 -121.318985
35.756050 -121.324966
35.774010 -121.324966
35.796112 -121.348228
35.802612 -121.355080
35.819481 -121.382179
35.856285 -121.414894
35.870087 -121.445053
35.886955 -121.464478
35.909451 -121.466019
35.913029 -121.471634
35.968746 -121.484413
35.999420 -121.501801
36.006069 -121.509979
36.018337 -121.546272
36.018845 -121.566208
36.023449 -121.571831
36.040318 -121.581032
36.047985 -121.590233
36.063831 -121.591766
36.070477 -121.604546
36.084278 -121.617325
36.098080 -121.620903
36.111374 -121.628067
36.140511 -121.654640
36.192139 -121.713943
36.232231 -121.790871
36.234306 -121.812355
36.246086 -121.827591
36.273804 -121.848381
36.293209 -121.880951
36.301525 -121.887184
36.301525 -121.898270
36.306374 -121.901733
36.312607 -121.894806
36.341019 -121.892731
36.354183 -121.905197
36.433872 -121.918365
36.452579 -121.929459
36.489304 -121.945389
36.505932 -121.943314
36.516327 -121.953018
36.522564 -121.953018
36.523254 -121.928757
36.528107 -121.925293
36.550282 -121.928757
36.558598 -121.932220
36.562752 -121.937073
36.565525 -121.945389
36.560677 -121.952316
36.568989 -121.970337
36.582848 -121.973106
36.609871 -121.956482
36.615417 -121.944695
36.636894 -121.934303
36.636894 -121.928062
36.620960 -121.903816
36.603638 -121.889961
36.600861 -121.881638
36.607101 -121.865013
36.623035 -121.847687
36.645905 -121.829674
36.670849 -121.817894
36.699261 -121.810272
36.726284 -121.804726
36.751228 -121.804031
36.805969 -121.788094
36.850853 -121.808922
36.934399 -121.863998
36.950199 -121.879105
36.968800 -121.904495
36.977299 -121.928001
36.977402 -121.938896
36.971500 -121.950600
36.954498 -121.972496
36.960503 -121.984589
36.962200 -122.022301
36.950298 -122.025101
36.950500 -122.075203
36.956001 -122.104897
36.966301 -122.127899
36.976501 -122.142105
36.976200 -122.152107
37.012501 -122.198601
37.014000 -122.205101
37.025200 -122.221893
37.080032 -122.266998
37.098099 -122.280602
37.106895 -122.292175
37.115276 -122.303207
37.118214 -122.312820
37.112522 -122.328499
37.117706 -122.336182
37.120953 -122.338318
37.134327 -122.336143
37.140453 -122.341919
37.149403 -122.358902
37.158573 -122.359810
37.172215 -122.365799
37.181091 -122.378441
37.183361 -122.385628
37.181786 -122.393867
37.196167 -122.403870
37.220665 -122.406609
37.240974 -122.417603
37.279797 -122.408447
37.350693 -122.399971
37.412346 -122.430023
37.433922 -122.443130
37.465515 -122.446205
37.480156 -122.450829
37.500191 -122.471642
37.499424 -122.481659
37.496342 -122.490128
37.493256 -122.491669
37.495567 -122.498611
37.524853 -122.517876
37.537952 -122.519417
37.594208 -122.517105
37.598061 -122.511711
37.597294 -122.504776
37.605766 -122.498611
37.643528 -122.492439
37.707222 -122.502487
37.780823 -122.514114
37.788078 -122.504524
37.788078 -122.491302
37.790417 -122.485077
37.810631 -122.477303
37.804672 -122.463051
37.811413 -122.418983
37.810890 -122.405502
37.805969 -122.397987
37.791973 -122.386063
37.751793 -122.378799
37.732609 -122.365318
37.730015 -122.356247
37.715759 -122.362473
37.718094 -122.372581
37.710056 -122.380875
37.708401 -122.391602
37.707813 -122.391502
37.685425 -122.387779
37.677593 -122.379578
37.655228 -122.374352
37.647400 -122.378456
37.635098 -122.379578
37.619812 -122.363167
37.615341 -122.353477
37.597446 -122.363922
37.591484 -122.359444
37.591106 -122.313965
37.579182 -122.310242
37.576199 -122.300171
37.572472 -122.262894
37.567623 -122.252831
37.557186 -122.243134
37.541531 -122.215927
37.536682 -122.195427
37.521770 -122.191322
37.509472 -122.174545
37.500523 -122.154793
37.507607 -122.138763
37.505001 -122.130562
37.508755 -122.117516
37.510765 -122.110535
37.529510 -122.110535
37.580826 -122.144089
37.607956 -122.145073
37.627693 -122.151489
37.651863 -122.155434
37.672092 -122.165794
37.686401 -122.179611
37.693802 -122.193909
37.699226 -122.213158
37.718468 -122.240288
37.763363 -122.274338
37.779644 -122.319229
37.797409 -122.331070
37.812698 -122.320709
37.828487 -122.300484
37.835888 -122.297028
37.897400 -122.311905
37.897423 -122.311928
37.904430 -122.319359
37.908569 -122.328392
37.907440 -122.349449
37.908943 -122.358849
37.904430 -122.362610
37.904430 -122.369751
37.909321 -122.388931
37.915710 -122.387421
37.921726 -122.389679
37.931881 -122.408478
37.960835 -122.428413
37.965347 -122.428413
37.963093 -122.414505
37.960083 -122.410362
37.958958 -122.398331
37.962341 -122.392311
37.976257 -122.382538
37.975124 -122.372009
37.977760 -122.367874
37.988663 -122.361855
38.007088 -122.368248
38.012730 -122.366371
38.002953 -122.335915
38.003704 -122.326508
38.011223 -122.315224
38.011600 -122.306198
38.021755 -122.287025
38.039429 -122.272736
38.043564 -122.263710
38.052589 -122.261833
38.060097 -122.264854
38.068577 -122.268272
38.100300 -122.294502
38.113392 -122.310509
38.136002 -122.352402
38.151489 -122.398232
38.149067 -122.401733
38.147873 -122.403458
38.136593 -122.409821
38.127777 -122.421486
38.112923 -122.487366
38.108936 -122.487808
38.104469 -122.488304
38.071556 -122.482323
38.064903 -122.487640
38.039639 -122.495949
38.029999 -122.498611
38.021687 -122.496941
38.015373 -122.494286
38.003735 -122.465370
37.997089 -122.455727
37.984787 -122.446083
37.979469 -122.456055
37.974480 -122.474342
37.964840 -122.488968
37.948883 -122.484978
37.941898 -122.477997
37.936581 -122.486641
37.938576 -122.496613
37.935253 -122.502930
37.926277 -122.499275
37.916637 -122.479324
37.901344 -122.467361
37.897018 -122.460373
37.894028 -122.447746
37.882061 -122.436440
37.879398 -122.437111
37.871426 -122.450737
37.864109 -122.456718
37.856464 -122.477333
37.847488 -122.478325
37.836517 -122.470352
37.832401 -122.471199
37.830654 -122.476997
37.830502 -122.477501
37.825802 -122.476997
37.825802 -122.490295
37.824661 -122.491898
37.822613 -122.494766
37.819801 -122.498703
37.824036 -122.509605
37.824501 -122.510803
37.824554 -122.512367
37.824902 -122.522507
37.815201 -122.526398
37.844498 -122.557205
37.861691 -122.586967
37.874260 -122.600861
37.875584 -122.616074
37.880211 -122.625992
37.887489 -122.629303
37.902039 -122.649811
37.906010 -122.665016
37.905350 -122.680229
37.900715 -122.692139
37.892120 -122.701401
37.903362 -122.726540
37.913948 -122.729179
37.925194 -122.736458
37.937096 -122.764893
37.947681 -122.781433
37.974796 -122.795319
37.995964 -122.818474
38.014484 -122.851547
38.021759 -122.869400
38.027054 -122.890572
38.027714 -122.925621
38.031021 -122.940834
38.027714 -122.959351
38.009853 -122.980522
37.991333 -122.973251
37.993980 -123.023514
38.000591 -123.019547
38.006550 -123.008301
38.107082 -122.961334
38.149418 -122.948112
38.169254 -122.951416
38.180500 -122.959351
38.183147 -122.966629
38.195717 -122.964645
38.240032 -122.994408
38.236725 -122.971268
38.250610 -122.966629
38.263180 -122.973907
38.273102 -122.985153
38.295795 -123.001617
38.311279 -123.025490
38.313133 -123.036598
38.312019 -123.045853
38.307575 -123.051407
38.302391 -123.050674
38.298687 -123.053635
38.299801 -123.060295
38.322762 -123.076591
38.324612 -123.071777
38.331276 -123.068817
38.353497 -123.066589
38.363865 -123.068817
38.373123 -123.076225
38.389050 -123.083633
38.393120 -123.089188
38.392754 -123.095116
38.399788 -123.094742
38.410156 -123.098816
38.417191 -123.104736
38.422009 -123.113258
38.451263 -123.128075
38.456078 -123.140663
38.481998 -123.180290
38.491627 -123.199173
38.509037 -123.248055
38.531998 -123.276199
38.546898 -123.302742
38.555786 -123.309616
38.563873 -123.332657
38.586510 -123.341141
38.596207 -123.348824
38.597015 -123.357315
38.607124 -123.370247
38.649158 -123.401779
38.662090 -123.408646
38.681900 -123.431686
38.693619 -123.438148
38.706959 -123.452705
38.717064 -123.459579
38.727173 -123.483017
38.738083 -123.497566
38.741718 -123.512924
38.749401 -123.523438
38.759399 -123.530769
38.768497 -123.532417
38.768513 -123.532440
38.800957 -123.579605
38.820381 -123.603081
38.842236 -123.644363
38.874611 -123.663795
38.909416 -123.708305
38.916698 -123.724495
38.937744 -123.730164
38.954742 -123.741486
38.953934 -123.730965
38.966885 -123.717209
38.991165 -123.701836
39.019497 -123.690498
39.045395 -123.690498
39.125523 -123.718018
39.156284 -123.735016
39.194324 -123.769005
39.233177 -123.778717
39.270409 -123.796532
39.349728 -123.824051
39.375629 -123.820816
39.407196 -123.820816
39.448475 -123.814339
39.478424 -123.803009
39.522804 -123.775398
39.556709 -123.765633
39.596355 -123.785744
39.605553 -123.786896
39.610725 -123.781151
39.690601 -123.793793
39.711285 -123.809303
39.721058 -123.828850
39.750935 -123.837463
39.775070 -123.836891
39.824490 -123.846657
39.833107 -123.851830
39.846325 -123.884583
39.859543 -123.903542
39.908386 -123.928253
39.921028 -123.952393
39.954361 -123.974220
40.001411 -124.022087
40.002712 -124.023590
40.017509 -124.040665
40.022488 -124.058090
40.018753 -124.069298
40.027470 -124.079254
40.062328 -124.078011
40.076023 -124.085480
40.098434 -124.106651
40.115864 -124.137779
40.129559 -124.185089
40.166912 -124.226173
40.222939 -124.318306
40.256557 -124.361877
40.281456 -124.359390
40.313828 -124.348183
40.392269 -124.370598
40.404716 -124.388031
40.438335 -124.407951
40.508057 -124.386787
40.531712 -124.370598
40.600189 -124.335739
40.641277 -124.312080
40.815582 -124.193802
40.867874 -124.161430
40.913944 -124.141510
41.004833 -124.114120
41.028488 -124.112869
41.047165 -124.129059
41.049652 -124.147736
41.069572 -124.158936
41.141788 -124.160187
41.148010 -124.140266
41.189880 -124.121498
41.276043 -124.094467
41.395813 -124.068031
41.427952 -124.062897
41.464897 -124.064018
41.465057 -124.064072
41.513237 -124.080048
41.546124 -124.080048
41.552841 -124.091019
41.571232 -124.099495
41.579365 -124.100563
41.586437 -124.097023
41.594570 -124.103745
41.601997 -124.100204
41.616138 -124.112587
41.645493 -124.124252
41.656456 -124.133446
41.712685 -124.143707
41.728947 -124.153252
41.739204 -124.163155
41.743095 -124.170578
41.750168 -124.191803
41.744865 -124.199577
41.751579 -124.212303
41.769974 -124.238121
41.771385 -124.247673
41.783180 -124.254799
41.792465 -124.243835
41.818844 -124.229477
41.846596 -124.218399
41.888355 -124.207245
41.935848 -124.201988
41.950851 -124.209038
41.958057 -124.205978
41.983608 -124.203751
41.998016 -124.210136
33.959015 -119.721466
33.962505 -119.753433
33.960758 -119.816803
33.965992 -119.848770
33.980522 -119.873772
34.000000 -119.882790
34.008427 -119.886559
34.022381 -119.876099
34.031101 -119.876099
34.054352 -119.905746
34.059586 -119.928993
34.077023 -119.917366
34.071213 -119.856911
34.065399 -119.838310
34.052608 -119.809822
34.057259 -119.797615
34.058426 -119.758667
34.043888 -119.714485
34.020058 -119.676697
34.019470 -119.653450
34.015404 -119.637749
34.018311 -119.616241
34.025867 -119.607521
34.036331 -119.607521
34.040401 -119.605202
34.053772 -119.584274
34.056095 -119.562759
34.042728 -119.530205
34.034588 -119.519157
34.027031 -119.525551
34.021217 -119.538345
34.007267 -119.545319
33.994476 -119.560432
33.988663 -119.603455
33.986919 -119.658684
33.977619 -119.675537
33.959015 -119.721466
34.021683 -120.294724
34.019150 -120.319283
34.020123 -120.348328
34.013885 -120.357880
34.031818 -120.406815
34.031624 -120.415390
34.027729 -120.418320
34.025387 -120.426315
34.029053 -120.436462
34.029480 -120.451462
34.037472 -120.447571
34.036888 -120.440544
34.038841 -120.436836
34.048195 -120.427483
34.055996 -120.413055
34.052292 -120.408768
34.050144 -120.395119
34.064571 -120.371338
34.069252 -120.367432
34.076855 -120.367630
34.073734 -120.360809
34.059891 -120.354179
34.054630 -120.359642
34.050144 -120.357498
34.047028 -120.348915
34.049171 -120.330002
34.040009 -120.315384
34.027729 -120.307388
34.021683 -120.294724
33.895073 -120.108627
33.893330 -120.118507
33.902630 -120.134781
33.915997 -120.166763
33.924717 -120.176643
33.947971 -120.190590
33.977036 -120.217339
33.988083 -120.223145
33.991573 -120.237099
33.997383 -120.246399
34.001453 -120.248718
34.007847 -120.239426
34.009590 -120.229546
34.005524 -120.195824
34.007847 -120.173149
34.014244 -120.158043
34.026447 -120.143501
34.020638 -120.108627
34.020058 -120.088280
34.038074 -120.052818
34.035751 -120.042938
34.027611 -120.042351
34.016567 -120.048164
33.997383 -120.043510
33.985176 -120.023750
33.980320 -120.000000
33.985176 -119.980736
33.981110 -119.976662
33.974712 -119.978409
33.956108 -119.974922
33.952042 -119.969101
33.941574 -119.966782
33.942158 -119.994690
33.940411 -120.004570
33.934021 -120.019676
33.915417 -120.048164
33.909019 -120.088280
33.904953 -120.101646
33.895073 -120.108627
34.002827 -119.389618
34.002609 -119.395607
34.005714 -119.410721
34.004383 -119.420486
34.009716 -119.436928
34.014381 -119.442253
34.015938 -119.433372
34.015266 -119.420486
34.007050 -119.407158
34.006161 -119.390945
34.017487 -119.364510
34.015938 -119.356071
34.010822 -119.376953
34.002827 -119.389618
33.297543 -118.325897
33.300083 -118.334358
33.311932 -118.354675
33.317856 -118.374138
33.319550 -118.388527
33.316162 -118.419838
33.317856 -118.438461
33.326321 -118.465546
33.342400 -118.480774
33.355946 -118.487549
33.388107 -118.483322
33.406727 -118.483322
33.417728 -118.487549
33.420269 -118.498550
33.420269 -118.514633
33.430424 -118.534103
33.432961 -118.559486
33.438042 -118.572182
33.450737 -118.580650
33.468510 -118.600960
33.478664 -118.606041
33.475281 -118.576416
33.475281 -118.535789
33.450352 -118.502007
33.443119 -118.496857
33.448196 -118.479088
33.432114 -118.450310
33.427883 -118.424919
33.410110 -118.370750
33.387257 -118.363136
33.343246 -118.315735
33.329704 -118.306427
33.313625 -118.301353
33.303467 -118.310654
33.297543 -118.325897
33.214848 -119.454033
33.213825 -119.475456
33.221989 -119.511681
33.230659 -119.538719
33.245968 -119.564743
33.258213 -119.572403
33.278111 -119.578011
33.271477 -119.558624
33.276299 -119.552597
33.280151 -119.549438
33.284740 -119.534637
33.283722 -119.524940
33.270458 -119.502495
33.256683 -119.460663
33.232700 -119.435150
33.228622 -119.421379
33.218929 -119.438217
33.214848 -119.454033
32.800030 -118.423691
32.814186 -118.437851
32.837990 -118.472588
32.851501 -118.498970
32.869514 -118.507324
32.901043 -118.528557
32.910046 -118.540146
32.944149 -118.549789
32.975674 -118.576164
33.000000 -118.582458
33.006554 -118.585823
33.012344 -118.592896
33.014275 -118.605766
33.032288 -118.605766
33.036152 -118.592896
33.032932 -118.573601
33.023926 -118.563301
33.011703 -118.560089
32.998833 -118.546577
32.989185 -118.545937
32.964737 -118.520844
32.931923 -118.495102
32.919697 -118.478378
32.912621 -118.463577
32.900398 -118.452003
32.820618 -118.347771
32.816116 -118.355499
32.823837 -118.381874
32.823189 -118.390877
32.819977 -118.399887
32.812256 -118.401817
32.806465 -118.415970
32.800030 -118.423691
