CA_Climate_Zone_04
37.47838 -121.47691
37.47853 -121.47361
37.48189 -121.47181
37.48190 -121.47182
37.48460 -121.85941
37.48463 -121.86541
37.48175 -121.86991
37.47955 -121.87071
37.47527 -121.87611
37.47517 -121.87761
37.47085 -121.88191
37.47100 -121.88771
37.46799 -121.89111
37.46735 -121.89631
37.46329 -121.90821
37.45395 -121.92471
37.45523 -121.92791
37.45685 -121.92881
37.45496 -121.93301
37.46018 -121.93221
37.46049 -121.93471
37.46212 -121.93591
37.46253 -121.93941
37.46494 -121.94111
37.46556 -121.94401
37.46920 -121.94511
37.46749 -121.94711
37.46591 -121.94684
37.46528 -121.94656
37.46507 -121.94647
37.46458 -121.94630
37.46439 -121.94627
37.46408 -121.94627
37.46384 -121.94631
37.46362 -121.94638
37.46353 -121.94642
37.46346 -121.94641
37.46343 -121.94647
37.46342 -121.94647
37.46301 -121.94675
37.46255 -121.94717
37.46221 -121.94757
37.46220 -121.94757
37.46220 -121.94758
37.46191 -121.94806
37.46175 -121.94842
37.46170 -121.94853
37.46152 -121.94904
37.46143 -121.94947
37.46142 -121.94959
37.46141 -121.94968
37.46137 -121.95016
37.46145 -121.95163
37.46147 -121.95196
37.46148 -121.95209
37.46155 -121.95258
37.46167 -121.95300
37.46212 -121.95412
37.46212 -121.95412
37.46225 -121.95458
37.46231 -121.95476
37.46234 -121.95491
37.46308 -121.95872
37.46316 -121.95920
37.46329 -121.96012
37.46324 -121.96138
37.46312 -121.96169
37.46304 -121.96163
37.46291 -121.96077
37.46260 -121.95935
37.46241 -121.95858
37.46221 -121.95790
37.46202 -121.95744
37.46141 -121.95665
37.46099 -121.95621
37.45957 -121.95498
37.45918 -121.95458
37.45892 -121.95414
37.45874 -121.95371
37.45849 -121.95333
37.45807 -121.95296
37.45771 -121.95284
37.45694 -121.95287
37.45676 -121.95285
37.45664 -121.95279
37.45654 -121.95248
37.45655 -121.95234
37.45690 -121.95180
37.45715 -121.95129
37.45721 -121.95095
37.45717 -121.95059
37.45697 -121.95012
37.45660 -121.94961
37.45621 -121.94922
37.45457 -121.94793
37.45422 -121.94754
37.45388 -121.94704
37.45338 -121.94650
37.45323 -121.94626
37.45317 -121.94597
37.45317 -121.94566
37.45325 -121.94486
37.45334 -121.94441
37.45376 -121.94365
37.45347 -121.94390
37.45312 -121.94449
37.45300 -121.94497
37.45302 -121.94603
37.45312 -121.94641
37.45327 -121.94671
37.45369 -121.94720
37.45417 -121.94783
37.45458 -121.94823
37.45514 -121.94861
37.45640 -121.94964
37.45671 -121.94993
37.45686 -121.95023
37.45696 -121.95050
37.45695 -121.95113
37.45687 -121.95138
37.45634 -121.95222
37.45629 -121.95249
37.45631 -121.95273
37.45641 -121.95294
37.45652 -121.95308
37.45663 -121.95318
37.45681 -121.95321
37.45714 -121.95318
37.45774 -121.95318
37.45795 -121.95327
37.45818 -121.95342
37.45854 -121.95392
37.45902 -121.95491
37.45922 -121.95512
37.45994 -121.95567
37.46114 -121.95675
37.46142 -121.95704
37.46165 -121.95734
37.46184 -121.95771
37.46208 -121.95831
37.46233 -121.95942
37.46258 -121.96072
37.46272 -121.96134
37.46272 -121.96183
37.46270 -121.96213
37.46177 -121.96626
37.46172 -121.96635
37.46165 -121.96635
37.46163 -121.96630
37.46159 -121.96566
37.46145 -121.96458
37.46132 -121.96404
37.46114 -121.96378
37.46075 -121.96350
37.46024 -121.96341
37.46005 -121.96344
37.45974 -121.96360
37.45936 -121.96384
37.45896 -121.96456
37.45825 -121.96636
37.45809 -121.96668
37.45789 -121.96699
37.45773 -121.96716
37.45752 -121.96731
37.45725 -121.96738
37.45681 -121.96741
37.45562 -121.96741
37.45505 -121.96735
37.45471 -121.96726
37.45446 -121.96708
37.45380 -121.96639
37.45355 -121.96600
37.45329 -121.96584
37.45299 -121.96573
37.45251 -121.96573
37.45220 -121.96588
37.45213 -121.96594
37.45214 -121.96606
37.45221 -121.96616
37.45234 -121.96618
37.45276 -121.96618
37.45297 -121.96624
37.45321 -121.96644
37.45406 -121.96741
37.45434 -121.96761
37.45473 -121.96779
37.45521 -121.96788
37.45684 -121.96788
37.45723 -121.96777
37.45777 -121.96759
37.45832 -121.96711
37.45850 -121.96687
37.45956 -121.96440
37.45986 -121.96414
37.46030 -121.96401
37.46055 -121.96401
37.46073 -121.96411
37.46087 -121.96428
37.46105 -121.96471
37.46114 -121.96519
37.46116 -121.96656
37.46108 -121.96722
37.46096 -121.96791
37.46091 -121.96851
37.46074 -121.96920
37.45995 -121.97172
37.45967 -121.97319
37.45963 -121.97362
37.45966 -121.97454
37.45962 -121.97471
37.45958 -121.97496
37.45949 -121.97626
37.45954 -121.97831
37.45962 -121.97960
37.45983 -121.98061
37.46028 -121.98229
37.46074 -121.98438
37.46172 -121.98775
37.46190 -121.98903
37.46216 -121.99030
37.46251 -121.99149
37.46280 -121.99246
37.46282 -121.99250
37.46282 -121.99261
37.46331 -121.99419
37.46324 -121.99421
37.46272 -121.99432
37.46200 -121.99413
37.46013 -121.99314
37.45955 -121.99251
37.45931 -121.99170
37.45983 -121.98461
37.45941 -121.98343
37.45855 -121.98307
37.45138 -121.98214
37.45806 -121.98402
37.45869 -121.98468
37.45905 -121.98583
37.45836 -121.99245
37.45848 -121.99326
37.45889 -121.99393
37.46177 -121.99534
37.46279 -121.99567
37.46354 -121.99567
37.46371 -121.99562
37.46376 -121.99561
37.46428 -121.99731
37.46386 -122.00160
37.46378 -122.00181
37.46372 -122.00209
37.46371 -122.00211
37.46371 -122.00219
37.46350 -122.00489
37.46336 -122.00585
37.46324 -122.00705
37.46323 -122.00711
37.46282 -122.00948
37.46275 -122.00971
37.46264 -122.01053
37.46237 -122.01329
37.46220 -122.01471
37.46201 -122.01552
37.46186 -122.01595
37.46126 -122.01824
37.46122 -122.01857
37.46123 -122.01924
37.46127 -122.01974
37.46136 -122.02018
37.46136 -122.02037
37.46131 -122.02050
37.46116 -122.02058
37.46098 -122.02058
37.46072 -122.02046
37.46054 -122.02042
37.45992 -122.02051
37.45960 -122.02046
37.45895 -122.02010
37.45816 -122.01946
37.45722 -122.01880
37.45688 -122.01853
37.45628 -122.01832
37.45597 -122.01819
37.45554 -122.01786
37.45543 -122.01782
37.45527 -122.01781
37.45514 -122.01787
37.45493 -122.01789
37.45431 -122.01787
37.45280 -122.01799
37.45263 -122.01806
37.45197 -122.01843
37.45108 -122.01886
37.45029 -122.01908
37.44951 -122.01918
37.44899 -122.01915
37.44854 -122.01906
37.44820 -122.01888
37.44757 -122.01844
37.44716 -122.01804
37.44690 -122.01764
37.44669 -122.01698
37.44658 -122.01624
37.44659 -122.01578
37.44663 -122.01534
37.44671 -122.01490
37.44695 -122.01406
37.44755 -122.01265
37.44786 -122.01133
37.44795 -122.01066
37.44796 -122.00978
37.44790 -122.00934
37.44777 -122.00878
37.44735 -122.00775
37.44713 -122.00742
37.44681 -122.00701
37.44619 -122.00633
37.44574 -122.00596
37.44547 -122.00575
37.44394 -122.00503
37.44301 -122.00454
37.44249 -122.00418
37.44154 -122.00330
37.44112 -122.00267
37.44086 -122.00206
37.44063 -122.00121
37.44032 -121.99941
37.44009 -121.99833
37.43973 -121.99707
37.43946 -121.99598
37.43908 -121.99420
37.43887 -121.99299
37.43871 -121.99248
37.43856 -121.99214
37.43839 -121.99192
37.43813 -121.99168
37.43776 -121.99142
37.43723 -121.99128
37.43687 -121.99128
37.43633 -121.99136
37.43579 -121.99148
37.43510 -121.99148
37.43454 -121.99136
37.43431 -121.99127
37.43399 -121.99109
37.43358 -121.99076
37.43334 -121.99050
37.43320 -121.99031
37.43303 -121.98999
37.43291 -121.98981
37.43279 -121.98968
37.43264 -121.98958
37.43271 -121.99016
37.43279 -121.99052
37.43286 -121.99077
37.43303 -121.99104
37.43344 -121.99151
37.43385 -121.99178
37.43433 -121.99205
37.43493 -121.99227
37.43519 -121.99229
37.43546 -121.99229
37.43574 -121.99225
37.43651 -121.99205
37.43728 -121.99202
37.43749 -121.99206
37.43768 -121.99214
37.43792 -121.99235
37.43812 -121.99270
37.43829 -121.99324
37.43849 -121.99431
37.43865 -121.99545
37.43884 -121.99631
37.43916 -121.99733
37.43944 -121.99838
37.43960 -121.99915
37.43985 -122.00103
37.44004 -122.00200
37.44021 -122.00260
37.44057 -122.00343
37.44081 -122.00386
37.44126 -122.00447
37.44171 -122.00491
37.44246 -122.00546
37.44525 -122.00685
37.44590 -122.00726
37.44624 -122.00755
37.44647 -122.00792
37.44674 -122.00868
37.44693 -122.00933
37.44704 -122.01031
37.44701 -122.01090
37.44640 -122.01312
37.44607 -122.01401
37.44591 -122.01488
37.44582 -122.01590
37.44593 -122.01718
37.44603 -122.01762
37.44623 -122.01809
37.44678 -122.01903
37.44723 -122.01964
37.44773 -122.02010
37.44807 -122.02031
37.44892 -122.02067
37.44941 -122.02083
37.44988 -122.02090
37.45028 -122.02085
37.45086 -122.02073
37.45358 -122.01955
37.45403 -122.01944
37.45465 -122.01945
37.45504 -122.01950
37.45540 -122.01967
37.45637 -122.02047
37.45782 -122.02176
37.45901 -122.02248
37.46014 -122.02332
37.46064 -122.02372
37.46100 -122.02409
37.46115 -122.02432
37.46132 -122.02460
37.46152 -122.02516
37.46152 -122.02516
37.46114 -122.02895
37.46112 -122.02899
37.46107 -122.02912
37.46107 -122.02925
37.46110 -122.02933
37.46099 -122.03041
37.45800 -122.03520
37.45799 -122.03520
37.45780 -122.03506
37.45766 -122.03505
37.45758 -122.03505
37.45749 -122.03514
37.45710 -122.03562
37.45695 -122.03588
37.45689 -122.03606
37.45688 -122.03667
37.45690 -122.03694
37.45683 -122.03706
37.45645 -122.03709
37.45637 -122.03713
37.45627 -122.03730
37.45594 -122.03742
37.45579 -122.03751
37.45561 -122.03755
37.45545 -122.03766
37.45534 -122.03784
37.45532 -122.03805
37.45534 -122.03828
37.45531 -122.03848
37.45525 -122.03872
37.45506 -122.03896
37.45495 -122.03897
37.45486 -122.03895
37.45469 -122.03881
37.45406 -122.03819
37.45392 -122.03798
37.45379 -122.03748
37.45371 -122.03687
37.45368 -122.03630
37.45342 -122.03546
37.45339 -122.03503
37.45344 -122.03458
37.45343 -122.03421
37.45334 -122.03385
37.45320 -122.03351
37.45279 -122.03174
37.45240 -122.03101
37.45205 -122.03055
37.45179 -122.03026
37.45143 -122.02991
37.45115 -122.02968
37.45077 -122.02942
37.45051 -122.02926
37.44939 -122.02881
37.44916 -122.02876
37.44884 -122.02876
37.44826 -122.02880
37.44792 -122.02886
37.44755 -122.02897
37.44685 -122.02924
37.44658 -122.02942
37.44644 -122.02957
37.44631 -122.02978
37.44586 -122.03055
37.44560 -122.03109
37.44550 -122.03142
37.44550 -122.03157
37.44552 -122.03172
37.44562 -122.03197
37.44565 -122.03176
37.44625 -122.03083
37.44699 -122.03015
37.44796 -122.02980
37.44867 -122.02975
37.44914 -122.02975
37.44993 -122.02996
37.45046 -122.03037
37.45090 -122.03117
37.45128 -122.03344
37.45140 -122.03514
37.45126 -122.03653
37.45118 -122.03756
37.45127 -122.03850
37.45127 -122.03855
37.45127 -122.03936
37.45116 -122.03994
37.45101 -122.04034
37.45065 -122.04085
37.45007 -122.04160
37.44994 -122.04181
37.44969 -122.04251
37.44931 -122.04380
37.44883 -122.04526
37.44872 -122.04550
37.44859 -122.04571
37.44848 -122.04585
37.44820 -122.04598
37.44813 -122.04603
37.44808 -122.04609
37.44808 -122.04620
37.44793 -122.04669
37.44789 -122.04714
37.44766 -122.04797
37.44749 -122.04850
37.44735 -122.04907
37.44733 -122.04926
37.44733 -122.04940
37.44738 -122.04955
37.44764 -122.04996
37.44770 -122.05015
37.44771 -122.05043
37.44764 -122.05142
37.44764 -122.05206
37.44768 -122.05244
37.44770 -122.05302
37.44769 -122.05324
37.44758 -122.05388
37.44736 -122.05476
37.44727 -122.05522
37.44724 -122.05569
37.44705 -122.05631
37.44672 -122.05704
37.44660 -122.05741
37.44653 -122.05783
37.44629 -122.05843
37.44555 -122.05977
37.44543 -122.06035
37.44530 -122.06114
37.44526 -122.06178
37.44528 -122.06219
37.44533 -122.06237
37.44548 -122.06256
37.44556 -122.06273
37.44567 -122.06296
37.44546 -122.06382
37.44543 -122.06391
37.44873 -122.06621
37.44879 -122.06632
37.44890 -122.06642
37.44915 -122.06656
37.44935 -122.06674
37.44953 -122.06693
37.44973 -122.06723
37.44984 -122.06743
37.45014 -122.06827
37.45026 -122.06860
37.45031 -122.06939
37.45028 -122.06956
37.45026 -122.06966
37.45001 -122.07052
37.45003 -122.07093
37.45002 -122.07105
37.44997 -122.07117
37.44990 -122.07127
37.44951 -122.07163
37.44941 -122.07181
37.44936 -122.07195
37.44934 -122.07228
37.44930 -122.07247
37.44915 -122.07270
37.44891 -122.07290
37.44868 -122.07347
37.44866 -122.07357
37.44869 -122.07375
37.44887 -122.07403
37.44954 -122.07470
37.44963 -122.07482
37.44966 -122.07494
37.44966 -122.07527
37.44980 -122.07562
37.44978 -122.07589
37.44966 -122.07609
37.44964 -122.07622
37.44967 -122.07640
37.44978 -122.07679
37.44982 -122.07696
37.44982 -122.07708
37.44977 -122.07716
37.44971 -122.07718
37.44949 -122.07719
37.44924 -122.07717
37.44874 -122.07703
37.44860 -122.07703
37.44845 -122.07710
37.44826 -122.07731
37.44818 -122.07748
37.44815 -122.07771
37.44814 -122.07792
37.44818 -122.07811
37.44828 -122.07824
37.44883 -122.07861
37.44998 -122.07948
37.45100 -122.08006
37.45114 -122.08221
37.45118 -122.08254
37.45105 -122.08244
37.45096 -122.08240
37.45090 -122.08240
37.45085 -122.08243
37.45067 -122.08269
37.45045 -122.08314
37.45041 -122.08382
37.45036 -122.08408
37.45037 -122.08423
37.45044 -122.08444
37.45059 -122.08465
37.45066 -122.08480
37.45060 -122.08547
37.45061 -122.08586
37.45074 -122.08632
37.45078 -122.08670
37.45089 -122.08722
37.45100 -122.08759
37.45111 -122.08784
37.45199 -122.08948
37.45210 -122.09043
37.45197 -122.09047
37.45191 -122.09054
37.45192 -122.09067
37.45212 -122.09081
37.45215 -122.09084
37.45218 -122.09111
37.45211 -122.09111
37.45160 -122.09089
37.45039 -122.09029
37.44949 -122.08991
37.44887 -122.08954
37.44866 -122.08953
37.44803 -122.08971
37.44782 -122.08970
37.44762 -122.08965
37.44699 -122.08941
37.44666 -122.08926
37.44634 -122.08920
37.44614 -122.08921
37.44595 -122.08927
37.44563 -122.08943
37.44542 -122.08950
37.44500 -122.08958
37.44489 -122.08968
37.44489 -122.08982
37.44501 -122.08998
37.44510 -122.09002
37.44523 -122.09005
37.44580 -122.09007
37.44586 -122.09005
37.44588 -122.09002
37.44588 -122.08977
37.44593 -122.08966
37.44601 -122.08958
37.44617 -122.08950
37.44633 -122.08948
37.44651 -122.08948
37.44664 -122.08951
37.44747 -122.08988
37.44764 -122.08991
37.44838 -122.08991
37.44850 -122.08987
37.44865 -122.08977
37.44878 -122.08976
37.44902 -122.08986
37.44940 -122.09018
37.44967 -122.09032
37.45003 -122.09046
37.45028 -122.09053
37.45080 -122.09074
37.45148 -122.09103
37.45178 -122.09123
37.45202 -122.09144
37.45225 -122.09172
37.45243 -122.09200
37.45271 -122.09264
37.45299 -122.09336
37.45341 -122.09456
37.45355 -122.09502
37.45429 -122.09805
37.45441 -122.09840
37.45550 -122.10021
37.45560 -122.10042
37.45569 -122.10081
37.45571 -122.10100
37.45585 -122.10110
37.45627 -122.10109
37.45633 -122.10116
37.45635 -122.10124
37.45634 -122.10141
37.45628 -122.10157
37.45590 -122.10212
37.45575 -122.10226
37.45566 -122.10238
37.45558 -122.10254
37.45555 -122.10300
37.45544 -122.10328
37.45530 -122.10389
37.45520 -122.10439
37.45517 -122.10469
37.45522 -122.10577
37.45526 -122.10599
37.45526 -122.10625
37.45524 -122.10647
37.45496 -122.10678
37.45483 -122.10686
37.45464 -122.10687
37.45453 -122.10685
37.45364 -122.10652
37.45337 -122.10649
37.45327 -122.10650
37.45318 -122.10657
37.45310 -122.10682
37.45291 -122.10770
37.45285 -122.10776
37.45268 -122.10776
37.45255 -122.10773
37.45219 -122.10752
37.45188 -122.10725
37.45172 -122.10703
37.45151 -122.10652
37.45140 -122.10630
37.45132 -122.10627
37.45125 -122.10627
37.45117 -122.10635
37.45117 -122.10645
37.45124 -122.10678
37.45139 -122.10724
37.45152 -122.10755
37.45188 -122.10792
37.45216 -122.10810
37.45250 -122.10841
37.45250 -122.10845
37.45242 -122.10864
37.45250 -122.10894
37.45256 -122.10905
37.45272 -122.10920
37.45283 -122.10924
37.45329 -122.10937
37.45347 -122.10940
37.45361 -122.10940
37.45373 -122.10936
37.45384 -122.10914
37.45394 -122.10910
37.45484 -122.10918
37.45518 -122.10917
37.45593 -122.10880
37.45612 -122.10867
37.45663 -122.10802
37.45684 -122.10745
37.45692 -122.10736
37.45700 -122.10731
37.45715 -122.10726
37.45890 -122.10564
37.45894 -122.10559
37.45894 -122.10546
37.45862 -122.10479
37.45854 -122.10471
37.45849 -122.10470
37.45841 -122.10474
37.45681 -122.10619
37.45664 -122.10623
37.45651 -122.10622
37.45642 -122.10618
37.45621 -122.10594
37.45609 -122.10567
37.45598 -122.10531
37.45591 -122.10464
37.45596 -122.10406
37.45606 -122.10378
37.45627 -122.10325
37.45655 -122.10286
37.45658 -122.10283
37.45658 -122.10351
37.45895 -122.10104
37.45917 -122.10102
37.45940 -122.10082
37.45955 -122.10076
37.45973 -122.10071
37.46004 -122.10062
37.46029 -122.10062
37.46051 -122.10052
37.46077 -122.10056
37.46081 -122.10061
37.46090 -122.10071
37.46100 -122.10080
37.46139 -122.10096
37.46153 -122.10099
37.46189 -122.10100
37.46201 -122.10103
37.46231 -122.10121
37.46255 -122.10144
37.46268 -122.10163
37.46268 -122.10194
37.46260 -122.10210
37.46248 -122.10225
37.46232 -122.10238
37.46205 -122.10256
37.46198 -122.10268
37.46198 -122.10283
37.46198 -122.10302
37.46206 -122.10351
37.46205 -122.10364
37.46200 -122.10377
37.46175 -122.10398
37.46168 -122.10407
37.46166 -122.10417
37.46169 -122.10445
37.46167 -122.10454
37.46152 -122.10473
37.46148 -122.10485
37.46148 -122.10495
37.46152 -122.10511
37.46161 -122.10529
37.46163 -122.10540
37.46150 -122.10596
37.46148 -122.10621
37.46148 -122.10644
37.46152 -122.10661
37.46165 -122.10683
37.46176 -122.10696
37.46195 -122.10709
37.46213 -122.10728
37.46217 -122.10741
37.46217 -122.10755
37.46222 -122.10768
37.46264 -122.10821
37.46271 -122.10834
37.46273 -122.10868
37.46291 -122.10903
37.46302 -122.10915
37.46327 -122.10931
37.46326 -122.10948
37.46305 -122.10968
37.46296 -122.10982
37.46286 -122.11016
37.46286 -122.11042
37.46296 -122.11076
37.46306 -122.11114
37.46306 -122.11115
37.46309 -122.11130
37.46306 -122.11141
37.46337 -122.11186
37.46337 -122.11189
37.46337 -122.11197
37.46317 -122.11231
37.46307 -122.11253
37.46304 -122.11277
37.46305 -122.11296
37.46315 -122.11310
37.46339 -122.11330
37.46372 -122.11342
37.46384 -122.11352
37.46399 -122.11379
37.46409 -122.11409
37.46420 -122.11427
37.46489 -122.11472
37.46528 -122.11490
37.46551 -122.11511
37.46559 -122.11542
37.46554 -122.11566
37.46573 -122.11580
37.46514 -122.11761
37.46110 -122.12391
37.45385 -122.12191
37.45284 -122.12411
37.45355 -122.12611
37.45197 -122.12871
37.45444 -122.13361
37.45480 -122.13861
37.45784 -122.14201
37.45835 -122.14481
37.45669 -122.14731
37.45784 -122.15271
37.45369 -122.15741
37.45482 -122.16001
37.45253 -122.16421
37.45304 -122.16531
37.44746 -122.16901
37.44664 -122.17221
37.44194 -122.17581
37.44113 -122.17981
37.43928 -122.18051
37.43958 -122.18221
37.43410 -122.18461
37.43148 -122.19051
37.42767 -122.18941
37.42648 -122.19031
37.42503 -122.19131
37.42410 -122.19071
37.42242 -122.18831
37.42018 -122.18781
37.41922 -122.18841
37.41889 -122.19001
37.41848 -122.19011
37.41734 -122.18941
37.41698 -122.18771
37.41597 -122.18701
37.41463 -122.18791
37.41391 -122.19231
37.41298 -122.19221
37.41155 -122.19371
37.40833 -122.19451
37.40404 -122.19261
37.40070 -122.19231
37.39870 -122.19151
37.39701 -122.19191
37.39548 -122.19131
37.39478 -122.19011
37.39294 -122.19031
37.39133 -122.18961
37.39040 -122.19061
37.38927 -122.19031
37.38876 -122.19111
37.38789 -122.19121
37.38703 -122.19081
37.38592 -122.19111
37.38526 -122.19061
37.38132 -122.19441
37.37617 -122.19731
37.37494 -122.19901
37.37276 -122.19921
37.37088 -122.20121
37.36300 -122.20261
37.35841 -122.20171
37.35123 -122.19601
37.34819 -122.19591
37.34572 -122.19421
37.33862 -122.18591
37.33313 -122.18291
37.32518 -122.17451
37.32675 -122.18211
37.32554 -122.18441
37.32243 -122.18641
37.31837 -122.19311
37.31559 -122.18661
37.31144 -122.18541
37.30971 -122.18281
37.31257 -122.17731
37.31210 -122.17091
37.30583 -122.16681
37.30436 -122.16221
37.30142 -122.16371
37.30074 -122.16271
37.29718 -122.16531
37.29502 -122.16671
37.29195 -122.15621
37.28929 -122.15301
37.28664 -122.15261
37.28267 -122.14851
37.28103 -122.14931
37.27691 -122.14711
37.27599 -122.14801
37.27100 -122.14471
37.26907 -122.14591
37.26811 -122.13901
37.26572 -122.13581
37.26223 -122.13421
37.25863 -122.12701
37.25863 -122.12481
37.26029 -122.12261
37.25674 -122.12081
37.25439 -122.11611
37.24995 -122.11301
37.24755 -122.11021
37.24343 -122.10881
37.23666 -122.10161
37.23476 -122.10181
37.23042 -122.09651
37.22836 -122.09601
37.22801 -122.09381
37.22319 -122.09241
37.22325 -122.07831
37.22084 -122.07711
37.21883 -122.07191
37.21554 -122.06781
37.20942 -122.06661
37.20946 -122.06161
37.21152 -122.06021
37.20974 -122.05741
37.20944 -122.05401
37.20232 -122.04221
37.19919 -122.04031
37.19736 -122.04191
37.19433 -122.03951
37.19316 -122.03571
37.19144 -122.03501
37.19038 -122.03261
37.18567 -122.03491
37.18192 -122.03051
37.18045 -122.03081
37.17694 -122.02581
37.17422 -122.02501
37.17230 -122.02631
37.16886 -122.02391
37.16539 -122.01401
37.16042 -122.00881
37.16017 -122.00351
37.15676 -122.00111
37.14954 -121.99361
37.14457 -121.99151
37.14450 -121.98061
37.14267 -121.97911
37.14181 -121.97201
37.13555 -121.96721
37.13556 -121.96531
37.13435 -121.96521
37.13077 -121.95701
37.12925 -121.95611
37.12936 -121.95181
37.12552 -121.94361
37.12495 -121.93951
37.12341 -121.93531
37.12090 -121.93161
37.12122 -121.92991
37.12297 -121.92821
37.12165 -121.92421
37.11492 -121.91411
37.11449 -121.91191
37.11325 -121.90971
37.11321 -121.90371
37.11162 -121.89601
37.10990 -121.89341
37.10950 -121.88971
37.10781 -121.88511
37.10764 -121.88191
37.10629 -121.88061
37.10503 -121.87841
37.10503 -121.87611
37.10299 -121.87381
37.10384 -121.86821
37.10179 -121.86181
37.09984 -121.85961
37.09699 -121.84781
37.09706 -121.84421
37.09499 -121.84281
37.09133 -121.83401
37.08929 -121.83181
37.08811 -121.82431
37.08494 -121.82391
37.08371 -121.81811
37.07753 -121.81821
37.07666 -121.81581
37.07348 -121.81441
37.06893 -121.80891
37.06791 -121.80141
37.06570 -121.80041
37.06321 -121.79631
37.06441 -121.79381
37.06447 -121.78851
37.05665 -121.78131
37.05496 -121.77611
37.05308 -121.77521
37.05262 -121.77261
37.05326 -121.76991
37.05322 -121.76671
37.05199 -121.76341
37.05034 -121.76281
37.04995 -121.76081
37.05203 -121.75561
37.05104 -121.75341
37.05063 -121.75321
37.04987 -121.75391
37.04627 -121.75481
37.04560 -121.75361
37.04352 -121.75251
37.03789 -121.74761
37.03498 -121.74671
37.03375 -121.74441
37.03025 -121.74251
37.02745 -121.73961
37.02219 -121.72711
37.02111 -121.72601
37.01781 -121.72481
37.01770 -121.72251
37.01612 -121.71901
37.01326 -121.71741
37.01102 -121.71491
37.01090 -121.71351
37.01342 -121.71141
37.01333 -121.71021
37.01249 -121.70921
37.01139 -121.70891
37.00970 -121.70981
37.00746 -121.70981
37.00496 -121.70811
37.00327 -121.70801
37.00066 -121.71041
36.99995 -121.71161
36.99859 -121.71271
36.99586 -121.71761
36.99534 -121.71761
36.99338 -121.71551
36.99283 -121.71371
36.99312 -121.71261
36.99286 -121.71011
36.99181 -121.71081
36.99101 -121.71041
36.98944 -121.71081
36.98867 -121.70621
36.98605 -121.70651
36.98639 -121.70521
36.98518 -121.70431
36.98507 -121.70291
36.98581 -121.70161
36.98601 -121.70001
36.98590 -121.69651
36.98495 -121.69511
36.98231 -121.69551
36.98124 -121.69691
36.97952 -121.69631
36.97766 -121.69781
36.97310 -121.69571
36.97125 -121.69621
36.97083 -121.69591
36.96883 -121.69191
36.96690 -121.69081
36.96716 -121.68641
36.96666 -121.68461
36.96769 -121.67881
36.96738 -121.67811
36.96634 -121.67771
36.96505 -121.67481
36.96515 -121.67321
36.96438 -121.67261
36.96407 -121.67101
36.96328 -121.67001
36.96411 -121.66581
36.96328 -121.66461
36.96185 -121.66451
36.95909 -121.66301
36.95517 -121.66461
36.95163 -121.66361
36.95040 -121.65881
36.95095 -121.65401
36.94769 -121.65361
36.94733 -121.65241
36.94470 -121.65421
36.94231 -121.65251
36.94151 -121.65351
36.93606 -121.64871
36.93256 -121.64291
36.93100 -121.64421
36.93026 -121.63671
36.92817 -121.63471
36.92588 -121.62931
36.92380 -121.62861
36.92492 -121.62611
36.92450 -121.62261
36.92510 -121.62111
36.92456 -121.61921
36.92372 -121.61871
36.92170 -121.61981
36.92097 -121.61951
36.91963 -121.61721
36.91888 -121.61251
36.91704 -121.61191
36.91608 -121.61021
36.91554 -121.60631
36.91631 -121.60361
36.91492 -121.59901
36.91375 -121.59731
36.91072 -121.59531
36.91085 -121.59341
36.90926 -121.59101
36.90650 -121.58951
36.90468 -121.58961
36.89988 -121.58211
36.90099 -121.58611
36.90152 -121.58781
36.90137 -121.59391
36.89941 -121.60121
36.89979 -121.60801
36.90069 -121.61011
36.90436 -121.61491
36.90870 -121.61871
36.90913 -121.62001
36.90891 -121.62181
36.91179 -121.62681
36.91223 -121.62851
36.91177 -121.62951
36.90632 -121.63361
36.89790 -121.63861
36.89416 -121.64391
36.87896 -121.64071
36.87350 -121.64251
36.84613 -121.62201
36.83725 -121.59761
36.75728 -121.50411
36.76050 -121.50241
36.76036 -121.49771
36.76331 -121.49281
36.76388 -121.48591
36.76561 -121.48171
36.76136 -121.47981
36.76064 -121.47741
36.75755 -121.47491
36.75309 -121.47691
36.74996 -121.47581
36.74555 -121.47181
36.74559 -121.46691
36.74366 -121.46591
36.74385 -121.46251
36.74102 -121.46021
36.73735 -121.46031
36.73656 -121.45751
36.73545 -121.45971
36.73439 -121.45951
36.72927 -121.45291
36.72470 -121.45141
36.72291 -121.45331
36.72133 -121.45301
36.72131 -121.45601
36.71768 -121.46141
36.71817 -121.46601
36.71692 -121.46921
36.71673 -121.47461
36.71528 -121.47731
36.71554 -121.48361
36.71317 -121.48461
36.70586 -121.48111
36.70376 -121.48061
36.70300 -121.47771
36.70012 -121.47701
36.69893 -121.47511
36.69817 -121.47581
36.69689 -121.47271
36.69240 -121.47181
36.69032 -121.46901
36.68561 -121.46901
36.68511 -121.46341
36.68674 -121.46121
36.68583 -121.45931
36.68205 -121.45731
36.67878 -121.44981
36.67323 -121.44481
36.67356 -121.44221
36.67572 -121.43951
36.67882 -121.43161
36.67462 -121.42411
36.67273 -121.41511
36.65638 -121.40771
36.65551 -121.40211
36.65716 -121.39891
36.65704 -121.39661
36.65498 -121.39401
36.65479 -121.39121
36.65574 -121.38991
36.65489 -121.38551
36.65338 -121.38371
36.65414 -121.38091
36.65306 -121.37861
36.65451 -121.37601
36.65660 -121.36631
36.64998 -121.35651
36.64901 -121.35251
36.64791 -121.35211
36.64842 -121.35031
36.64383 -121.35001
36.64314 -121.34671
36.63948 -121.34241
36.63807 -121.34181
36.63548 -121.34371
36.63325 -121.34181
36.63139 -121.34231
36.62496 -121.33591
36.62050 -121.33261
36.61959 -121.32981
36.61277 -121.32351
36.61012 -121.31841
36.60650 -121.31971
36.60474 -121.31871
36.60429 -121.32191
36.60242 -121.32381
36.59211 -121.32531
36.58847 -121.32431
36.58601 -121.32731
36.58430 -121.32731
36.58398 -121.32551
36.58247 -121.32501
36.58064 -121.32621
36.57757 -121.32361
36.57575 -121.32651
36.57628 -121.33041
36.57457 -121.33431
36.56903 -121.33141
36.56383 -121.33071
36.56205 -121.33211
36.56137 -121.32891
36.55534 -121.32921
36.55399 -121.32661
36.55251 -121.32051
36.54947 -121.31671
36.54985 -121.31341
36.54591 -121.31021
36.54563 -121.30801
36.54359 -121.30821
36.54106 -121.30561
36.53959 -121.30131
36.53321 -121.29861
36.53230 -121.29681
36.53012 -121.29721
36.52701 -121.29561
36.52411 -121.29761
36.52036 -121.30291
36.51817 -121.30341
36.51685 -121.30711
36.51201 -121.30691
36.50929 -121.31061
36.50593 -121.30991
36.50468 -121.31211
36.49997 -121.30941
36.49952 -121.30801
36.50200 -121.30641
36.50583 -121.30041
36.50399 -121.29701
36.50623 -121.29421
36.50479 -121.28721
36.50568 -121.28491
36.50271 -121.28191
36.50332 -121.27381
36.50209 -121.26881
36.50404 -121.26411
36.50458 -121.25821
36.50363 -121.25481
36.50555 -121.25201
36.50436 -121.24961
36.50673 -121.24731
36.50466 -121.23951
36.49997 -121.23781
36.49189 -121.23081
36.48911 -121.23241
36.48463 -121.22801
36.48190 -121.22891
36.48043 -121.22791
36.47850 -121.23041
36.47521 -121.22931
36.47202 -121.22541
36.47218 -121.22351
36.47385 -121.22191
36.47258 -121.21901
36.47407 -121.21671
36.47328 -121.21511
36.46498 -121.20991
36.45637 -121.19871
36.45467 -121.19751
36.45130 -121.19791
36.44725 -121.19521
36.40556 -121.14191
36.40699 -121.23621
36.40819 -121.31781
36.40959 -121.40601
36.41074 -121.51111
36.41140 -121.56551
36.41207 -121.62201
36.41273 -121.68081
36.41298 -121.70301
36.38455 -121.70311
36.38410 -121.67031
36.37188 -121.66621
36.37117 -121.64641
36.38310 -121.64551
36.38489 -121.61661
36.35922 -121.61451
36.35779 -121.57431
36.35637 -121.54351
36.34033 -121.54141
36.34026 -121.52491
36.32613 -121.52761
36.32581 -121.48751
36.32780 -121.48271
36.32658 -121.47891
36.31591 -121.47921
36.31162 -121.45891
36.28385 -121.46041
36.25550 -121.46331
36.24404 -121.46241
36.24059 -121.39771
36.23744 -121.31901
36.24059 -121.26641
36.20928 -121.26731
36.16848 -121.26421
36.16607 -121.27891
36.12587 -121.28721
36.12510 -121.33721
36.10713 -121.33621
36.11426 -121.36511
36.12569 -121.38001
36.11234 -121.38861
36.09313 -121.37931
36.07969 -121.38101
36.07527 -121.38661
36.06854 -121.38671
36.06070 -121.38831
36.05423 -121.40771
36.04643 -121.41201
36.03633 -121.41221
36.02612 -121.40421
36.02040 -121.39601
36.01233 -121.37961
36.00545 -121.36311
36.00185 -121.35221
35.99387 -121.34271
35.99164 -121.34411
35.98615 -121.35251
35.98172 -121.35681
35.97393 -121.36241
35.97066 -121.36941
35.96851 -121.37641
35.96862 -121.38461
35.96531 -121.38881
35.96195 -121.38891
35.95049 -121.37121
35.94476 -121.36301
35.94018 -121.35621
35.93221 -121.34811
35.92778 -121.35241
35.92443 -121.35381
35.92113 -121.35801
35.91668 -121.36091
35.90768 -121.35971
35.89865 -121.35571
35.89408 -121.35031
35.88726 -121.34361
35.87811 -121.33131
35.87014 -121.32321
35.85871 -121.30831
35.84003 -121.25781
35.83302 -121.23861
35.82498 -121.22641
35.81696 -121.21561
35.81237 -121.20881
35.80776 -121.20061
35.79421 -121.19041
35.79513 -121.33187
35.79513 -121.33231
35.78525 -121.31251
35.77755 -121.30241
35.76195 -121.27801
35.75167 -121.26251
35.73183 -121.20061
35.71767 -121.15351
35.70767 -121.11591
35.70097 -121.09611
35.68982 -121.08171
35.68139 -121.06541
35.66850 -121.04131
35.65850 -121.02321
35.65037 -121.01521
35.63597 -120.99101
35.62169 -120.97011
35.60416 -120.94311
35.59075 -120.92341
35.57021 -120.90001
35.56360 -120.89441
35.55870 -120.88571
35.55161 -120.87711
35.54989 -120.86951
35.54361 -120.86431
35.53713 -120.85821
35.51396 -120.83031
35.48814 -120.80231
35.44236 -120.78691
35.42746 -120.78871
35.42904 -120.78221
35.43039 -120.77571
35.42650 -120.77141
35.41624 -120.77201
35.41639 -120.75241
35.39987 -120.75421
35.39981 -120.73781
35.38485 -120.73781
35.38403 -120.71951
35.37274 -120.71971
35.37169 -120.70141
35.37460 -120.70051
35.37626 -120.69501
35.37665 -120.68991
35.37447 -120.68591
35.36890 -120.68371
35.35683 -120.68331
35.35615 -120.66771
35.34959 -120.66781
35.34945 -120.66461
35.35134 -120.66331
35.35034 -120.65801
35.35000 -120.65421
35.34782 -120.65021
35.34401 -120.64691
35.34096 -120.64481
35.34045 -120.63121
35.32491 -120.63131
35.32529 -120.61491
35.31243 -120.61401
35.31540 -120.59541
35.28307 -120.59531
35.28244 -120.57761
35.28336 -120.55821
35.26673 -120.55641
35.26780 -120.54361
35.28466 -120.54151
35.28491 -120.52521
35.22266 -120.52501
35.22254 -120.50551
35.22215 -120.48751
35.23785 -120.48551
35.23735 -120.47101
35.22158 -120.47131
35.22079 -120.43881
35.22638 -120.41991
35.22705 -120.38841
35.25244 -120.38951
35.25222 -120.36441
35.23820 -120.36401
35.23831 -120.35191
35.23769 -120.33271
35.22380 -120.33161
35.22436 -120.31551
35.18089 -120.31501
35.17961 -120.26931
35.17981 -120.24491
35.12300 -120.24431
35.12444 -120.31371
35.11911 -120.31501
35.11490 -120.31331
35.11372 -120.31001
35.10378 -120.31171
35.09586 -120.31121
35.09513 -120.27911
35.08181 -120.27811
35.08241 -120.26051
35.06667 -120.25961
35.06659 -120.21151
35.08122 -120.21061
35.08252 -120.19641
35.06599 -120.19521
35.06649 -120.17761
35.06800 -120.17611
35.07239 -120.17531
35.07583 -120.17131
35.07712 -120.16611
35.07957 -120.16041
35.08377 -120.15361
35.08550 -120.14921
35.08614 -120.14691
35.08807 -120.14761
35.09215 -120.14551
35.09316 -120.14661
35.09715 -120.14361
35.09790 -120.13691
35.09846 -120.13311
35.09674 -120.13301
35.09602 -120.12981
35.09811 -120.12881
35.09956 -120.12611
35.10040 -120.12511
35.10355 -120.12321
35.10717 -120.11661
35.10717 -120.11241
35.10847 -120.11091
35.11081 -120.10931
35.11264 -120.10511
35.11359 -120.10401
35.11343 -120.10141
35.11438 -120.09601
35.11477 -120.08961
35.11495 -120.08271
35.11356 -120.08311
35.11093 -120.08691
35.10847 -120.08401
35.10862 -120.07831
35.10296 -120.07011
35.09811 -120.06661
35.09797 -120.06611
35.09488 -120.06241
35.08781 -120.05561
35.05273 -120.00991
35.04976 -120.01421
35.04269 -120.01171
35.04313 -120.00321
35.03188 -120.00221
35.03040 -119.98791
35.01787 -119.98771
35.01734 -119.97651
34.99988 -119.97131
35.00072 -119.96061
34.98812 -119.95831
34.98705 -119.94151
34.97269 -119.94091
34.97227 -119.92481
34.95813 -119.92491
34.95753 -119.88781
34.94210 -119.86991
34.93544 -119.86961
34.93479 -119.82931
34.93270 -119.82511
34.92696 -119.82491
34.92532 -119.80201
34.91348 -119.79701
34.91199 -119.76721
34.90666 -119.76391
34.89238 -119.76481
34.89250 -119.73981
34.89182 -119.72961
34.88426 -119.72821
34.88404 -119.67741
34.85566 -119.67621
34.85511 -119.66001
34.86972 -119.65981
34.86728 -119.56731
34.85429 -119.56711
34.85442 -119.55051
34.84040 -119.54981
34.83683 -119.50721
34.83234 -119.50751
34.83311 -119.49851
34.81530 -119.49811
34.81585 -119.47201
34.79250 -119.47281
34.79322 -119.45451
34.77726 -119.45391
34.77937 -119.44361
34.90095 -119.44232
34.90120 -119.44231
34.90134 -119.47271
34.99923 -119.47271
35.07704 -119.47261
35.07732 -119.49061
35.09170 -119.49061
35.08770 -119.56101
35.17997 -119.55381
35.18011 -119.57121
35.17483 -119.66711
35.26251 -119.66661
35.26348 -119.80941
35.35085 -119.80921
35.35114 -119.88021
35.43926 -119.88011
35.43957 -119.99731
35.46877 -119.99731
35.46886 -120.01531
35.48340 -120.01431
35.48347 -120.03311
35.49827 -120.03311
35.49824 -120.05091
35.51294 -120.05111
35.51294 -120.06911
35.52644 -120.06871
35.52639 -120.08671
35.61437 -120.08601
35.61438 -120.19391
35.78898 -120.19421
35.78904 -120.21391
35.79005 -120.21581
35.79203 -120.21601
35.79351 -120.21491
35.79498 -120.21481
35.79671 -120.21621
35.79800 -120.21561
35.80095 -120.21651
35.80198 -120.21781
35.80285 -120.21671
35.80362 -120.21661
35.80582 -120.21941
35.80689 -120.21951
35.81092 -120.21781
35.81392 -120.21791
35.81869 -120.21981
35.81957 -120.22101
35.82127 -120.22631
35.82099 -120.22971
35.82294 -120.23101
35.82327 -120.23481
35.82558 -120.23881
35.82320 -120.24261
35.82404 -120.24491
35.82603 -120.24581
35.82685 -120.24771
35.82873 -120.24941
35.83308 -120.25041
35.83463 -120.25191
35.83640 -120.25211
35.84060 -120.25471
35.84262 -120.25531
35.84399 -120.25841
35.84491 -120.25921
35.85141 -120.25711
35.85205 -120.25771
35.85259 -120.25571
35.85322 -120.25511
35.85547 -120.25641
35.85622 -120.25351
35.85748 -120.25101
35.85915 -120.25081
35.86017 -120.24861
35.86173 -120.24861
35.86391 -120.24651
35.86586 -120.24021
35.86982 -120.24411
35.87309 -120.24531
35.87452 -120.24371
35.87755 -120.24321
35.88381 -120.24871
35.88922 -120.25661
35.89607 -120.26271
35.89839 -120.26771
35.90667 -120.27761
35.90556 -120.28691
35.90770 -120.29771
35.90716 -120.31511
35.90668 -120.31881
35.90794 -120.32331
35.90958 -120.32491
35.91298 -120.32621
35.91327 -120.32981
35.91516 -120.33211
35.91673 -120.33271
35.91796 -120.33201
35.92005 -120.33331
35.92360 -120.33691
35.92628 -120.33681
35.92855 -120.33521
35.92953 -120.33631
35.93182 -120.33701
35.93584 -120.33701
35.93721 -120.33611
35.93874 -120.34021
35.94461 -120.34571
35.94486 -120.34671
35.94407 -120.35041
35.94602 -120.35421
35.94781 -120.35581
35.94804 -120.35661
35.95214 -120.35761
35.95591 -120.35791
35.95832 -120.35951
35.95944 -120.36251
35.96327 -120.35991
35.96417 -120.36011
35.96520 -120.36241
35.96549 -120.36601
35.96638 -120.36851
35.96626 -120.37281
35.96860 -120.38481
35.96914 -120.38901
35.96784 -120.39391
35.97029 -120.39661
35.97408 -120.40701
35.97588 -120.40931
35.97385 -120.42231
35.96891 -120.43191
35.96946 -120.43491
35.97162 -120.43661
35.97732 -120.43781
35.98512 -120.44921
35.98842 -120.44971
35.98951 -120.45371
35.99338 -120.45991
35.99275 -120.46401
35.99427 -120.46841
35.99996 -120.47501
36.00077 -120.47761
36.00418 -120.47841
36.00580 -120.48061
36.00946 -120.47851
36.01138 -120.48061
36.01204 -120.48331
36.01111 -120.48631
36.01353 -120.48861
36.01481 -120.48831
36.01641 -120.49361
36.01873 -120.49541
36.02068 -120.50001
36.02225 -120.50071
36.02247 -120.50221
36.02056 -120.50261
36.02048 -120.50481
36.02168 -120.50501
36.02167 -120.50851
36.02224 -120.50761
36.02325 -120.50731
36.02431 -120.50801
36.02370 -120.50961
36.02203 -120.51071
36.02381 -120.51341
36.02576 -120.51321
36.02577 -120.51471
36.02769 -120.51791
36.02745 -120.51921
36.02680 -120.51981
36.02589 -120.51941
36.02383 -120.51991
36.02237 -120.51901
36.02092 -120.52011
36.02193 -120.52171
36.02319 -120.52251
36.02286 -120.52621
36.02437 -120.52991
36.02632 -120.52921
36.02912 -120.52991
36.02973 -120.52931
36.03269 -120.52901
36.03433 -120.52731
36.03579 -120.52711
36.03595 -120.52781
36.03434 -120.52931
36.03545 -120.53071
36.03507 -120.53301
36.03553 -120.53471
36.03508 -120.53531
36.03619 -120.53641
36.03600 -120.53861
36.03674 -120.54051
36.03918 -120.54201
36.04020 -120.54331
36.04181 -120.54361
36.04340 -120.54321
36.04494 -120.54401
36.04621 -120.54551
36.04627 -120.54651
36.04741 -120.54801
36.04765 -120.55081
36.04957 -120.55191
36.05029 -120.55651
36.04984 -120.55891
36.05147 -120.56091
36.05181 -120.56321
36.05293 -120.56481
36.05298 -120.56671
36.05440 -120.56831
36.06062 -120.57641
36.06273 -120.58131
36.06610 -120.58451
36.06680 -120.58821
36.06898 -120.58841
36.07136 -120.59211
36.07406 -120.59221
36.07893 -120.59601
36.08514 -120.59411
36.08603 -120.59221
36.08810 -120.59301
36.08969 -120.58971
36.10147 -120.60001
36.10268 -120.60791
36.09956 -120.60911
36.09922 -120.61181
36.09613 -120.61171
36.09517 -120.61461
36.09799 -120.62351
36.09759 -120.62601
36.10230 -120.63201
36.10272 -120.63361
36.10125 -120.63501
36.10221 -120.63841
36.10124 -120.64091
36.10560 -120.64671
36.10828 -120.64841
36.11238 -120.64531
36.11330 -120.64641
36.11650 -120.64591
36.11782 -120.64911
36.11684 -120.65071
36.11752 -120.65231
36.12167 -120.65411
36.12496 -120.65271
36.13281 -120.65681
36.13705 -120.66351
36.13798 -120.66751
36.14152 -120.66431
36.14726 -120.66481
36.14985 -120.66671
36.15216 -120.66581
36.16100 -120.66791
36.16165 -120.67061
36.16352 -120.67221
36.16578 -120.66811
36.16597 -120.66401
36.17117 -120.66321
36.16761 -120.65411
36.16799 -120.65031
36.16908 -120.64931
36.17166 -120.65111
36.17296 -120.65241
36.17722 -120.65021
36.17759 -120.64871
36.17936 -120.64901
36.17928 -120.64471
36.18364 -120.64501
36.18579 -120.64251
36.18799 -120.64281
36.18995 -120.64061
36.19200 -120.64121
36.19405 -120.63891
36.19712 -120.63881
36.19868 -120.63281
36.20333 -120.62671
36.21291 -120.63451
36.21490 -120.63831
36.22032 -120.64101
36.22151 -120.64681
36.22280 -120.64641
36.22407 -120.64901
36.22748 -120.65091
36.23081 -120.65141
36.23199 -120.65551
36.23407 -120.65641
36.23584 -120.66311
36.23563 -120.66641
36.24229 -120.67101
36.24483 -120.67761
36.24996 -120.68111
36.25126 -120.68181
36.25407 -120.68001
36.25553 -120.67451
36.25755 -120.67301
36.26187 -120.67501
36.26570 -120.68021
36.26707 -120.68041
36.26735 -120.67831
36.27264 -120.67421
36.27701 -120.67621
36.28062 -120.67261
36.28241 -120.67391
36.28664 -120.68281
36.29030 -120.68051
36.29441 -120.68291
36.29805 -120.67821
36.30269 -120.67611
36.30578 -120.67021
36.31173 -120.66601
36.31628 -120.65871
36.31707 -120.64611
36.31908 -120.64431
36.31829 -120.63261
36.31689 -120.63071
36.31850 -120.62601
36.31988 -120.62001
36.31877 -120.61801
36.32031 -120.61341
36.32146 -120.61221
36.32431 -120.61251
36.32415 -120.60501
36.32812 -120.60061
36.32854 -120.59671
36.48809 -120.59721
36.48809 -120.60371
36.74042 -120.91931
36.75183 -120.93371
36.77935 -121.00101
36.83654 -121.14171
36.83875 -121.14271
36.84096 -121.14241
36.84593 -121.14311
36.84711 -121.14441
36.84708 -121.14571
36.84949 -121.14591
36.85445 -121.14931
36.85754 -121.15011
36.85855 -121.15211
36.85972 -121.15181
36.86154 -121.15311
36.86531 -121.15291
36.86648 -121.15561
36.86645 -121.15691
36.86761 -121.16051
36.86877 -121.16221
36.86900 -121.16361
36.86982 -121.16441
36.87739 -121.16691
36.87980 -121.16611
36.88255 -121.16841
36.88396 -121.16851
36.88525 -121.16941
36.88556 -121.17411
36.89011 -121.17721
36.89051 -121.17781
36.89051 -121.17971
36.89624 -121.18431
36.90223 -121.18301
36.90612 -121.18451
36.90887 -121.18411
36.91033 -121.18631
36.91071 -121.18871
36.91295 -121.19051
36.91263 -121.19311
36.91426 -121.19831
36.91317 -121.20101
36.91313 -121.20311
36.91265 -121.20431
36.91282 -121.20571
36.91174 -121.20641
36.91140 -121.20791
36.91360 -121.21671
36.91234 -121.21891
36.90997 -121.22151
36.91244 -121.22261
36.91299 -121.22331
36.91414 -121.22301
36.91988 -121.22421
36.92030 -121.22491
36.92012 -121.22711
36.92116 -121.23011
36.92312 -121.23121
36.92625 -121.23441
36.92894 -121.23441
36.93024 -121.23341
36.93199 -121.23341
36.93578 -121.23041
36.93826 -121.23061
36.94091 -121.22921
36.94151 -121.22821
36.94466 -121.22561
36.94518 -121.22191
36.94783 -121.21821
36.95113 -121.21611
36.95215 -121.21621
36.95385 -121.21401
36.95581 -121.21321
36.95710 -121.21151
36.95981 -121.21411
36.96158 -121.21731
36.96326 -121.21711
36.96409 -121.22061
36.96688 -121.22551
36.96740 -121.23061
36.96883 -121.23171
36.97038 -121.23461
36.97143 -121.23531
36.97278 -121.23811
36.97477 -121.23951
36.97624 -121.23951
36.98137 -121.24481
36.98407 -121.24581
36.98822 -121.24591
36.99180 -121.24401
36.99701 -121.23951
36.99688 -121.23551
36.99783 -121.23221
36.99995 -121.23271
37.00184 -121.23281
37.00344 -121.23541
37.00747 -121.23681
37.01052 -121.23321
37.01878 -121.23931
37.02377 -121.24621
37.02672 -121.24741
37.03106 -121.24721
37.03022 -121.24401
37.03074 -121.24011
37.03314 -121.23751
37.03249 -121.23621
37.03485 -121.23571
37.03671 -121.23081
37.03740 -121.22211
37.05202 -121.22421
37.05408 -121.22291
37.05416 -121.21891
37.05639 -121.21531
37.05513 -121.21211
37.06131 -121.20831
37.06496 -121.21001
37.06740 -121.20931
37.06812 -121.21501
37.07255 -121.21781
37.07430 -121.22321
37.07858 -121.22451
37.08562 -121.23491
37.08629 -121.23811
37.08509 -121.24011
37.08721 -121.24411
37.08911 -121.24431
37.09163 -121.24141
37.09280 -121.23551
37.09554 -121.23281
37.09603 -121.22951
37.10147 -121.22971
37.10362 -121.22891
37.10421 -121.22671
37.10634 -121.22481
37.11007 -121.22621
37.11508 -121.22071
37.11824 -121.22041
37.12182 -121.21691
37.12543 -121.22121
37.12921 -121.22331
37.13116 -121.22271
37.13465 -121.22721
37.13735 -121.22701
37.13998 -121.23331
37.14434 -121.23511
37.14763 -121.23891
37.15001 -121.23861
37.15167 -121.23991
37.15569 -121.23911
37.15660 -121.24051
37.15874 -121.24041
37.15904 -121.24781
37.16037 -121.25081
37.15964 -121.25691
37.16129 -121.26391
37.17119 -121.27011
37.17305 -121.27391
37.18180 -121.28281
37.18230 -121.28621
37.17558 -121.29231
37.17192 -121.29311
37.16777 -121.29961
37.16887 -121.30341
37.16860 -121.30831
37.17172 -121.31261
37.16967 -121.31501
37.16771 -121.33031
37.16834 -121.33191
37.17253 -121.33411
37.17228 -121.33581
37.17479 -121.33941
37.17604 -121.34501
37.17894 -121.34611
37.18342 -121.35191
37.18500 -121.36131
37.18422 -121.36481
37.18209 -121.36571
37.18040 -121.36941
37.17698 -121.37191
37.17428 -121.37601
37.17236 -121.37801
37.17162 -121.37971
37.16970 -121.38091
37.16982 -121.38421
37.16854 -121.38481
37.16816 -121.38571
37.16518 -121.38391
37.16423 -121.38501
37.16249 -121.38471
37.15979 -121.38241
37.15898 -121.38331
37.15634 -121.38351
37.15368 -121.38451
37.15316 -121.38531
37.15417 -121.38801
37.15350 -121.38931
37.15287 -121.39241
37.15186 -121.39341
37.15038 -121.39401
37.15033 -121.39501
37.15089 -121.39651
37.15155 -121.39671
37.15270 -121.39841
37.15224 -121.40071
37.15345 -121.40211
37.15740 -121.40321
37.15869 -121.40721
37.16187 -121.40891
37.16748 -121.40981
37.17126 -121.40951
37.17327 -121.41181
37.17319 -121.41291
37.17464 -121.41521
37.17577 -121.41521
37.17595 -121.41361
37.17689 -121.41241
37.17811 -121.41191
37.18058 -121.41311
37.18191 -121.41171
37.18346 -121.41141
37.18452 -121.40961
37.18644 -121.41101
37.18767 -121.41381
37.19247 -121.41191
37.19406 -121.41191
37.19637 -121.41381
37.19767 -121.41321
37.19905 -121.41511
37.20031 -121.41561
37.20094 -121.41671
37.20203 -121.41741
37.20530 -121.41731
37.20625 -121.41801
37.20848 -121.41811
37.21038 -121.41931
37.21152 -121.41851
37.21373 -121.41821
37.21614 -121.42081
37.21738 -121.42311
37.21829 -121.42341
37.22290 -121.42291
37.22474 -121.42441
37.22572 -121.42801
37.22743 -121.42901
37.22758 -121.43041
37.22953 -121.43221
37.22885 -121.43301
37.23061 -121.43611
37.23191 -121.43711
37.23288 -121.44111
37.23416 -121.44321
37.23714 -121.44441
37.23744 -121.44481
37.23690 -121.44511
37.23742 -121.44581
37.23770 -121.44531
37.23833 -121.44571
37.23943 -121.44511
37.23964 -121.44611
37.24340 -121.44931
37.24345 -121.45051
37.24729 -121.45261
37.24944 -121.45291
37.24994 -121.45411
37.25135 -121.45601
37.25208 -121.45641
37.25343 -121.45501
37.25617 -121.45371
37.26118 -121.45641
37.26387 -121.45391
37.26824 -121.45541
37.27036 -121.45321
37.27349 -121.45471
37.27980 -121.45451
37.28336 -121.45861
37.28609 -121.45901
37.28714 -121.45761
37.28642 -121.45521
37.29024 -121.45301
37.29201 -121.44881
37.29627 -121.44981
37.29816 -121.44671
37.29898 -121.44361
37.29581 -121.43611
37.29898 -121.42661
37.29861 -121.42311
37.30135 -121.42281
37.30812 -121.41661
37.31411 -121.40681
37.31675 -121.40721
37.32038 -121.41081
37.32212 -121.40841
37.32423 -121.41031
37.32967 -121.41141
37.33293 -121.40921
37.34015 -121.41341
37.34657 -121.42061
37.35445 -121.42021
37.35723 -121.42321
37.36139 -121.42381
37.36573 -121.42141
37.36627 -121.41871
37.37309 -121.41721
37.37494 -121.41341
37.37549 -121.41221
37.37717 -121.41151
37.37961 -121.40881
37.38068 -121.40981
37.38469 -121.41011
37.38566 -121.41141
37.38825 -121.41161
37.38992 -121.41921
37.39286 -121.42361
37.39438 -121.43551
37.39375 -121.44001
37.39118 -121.44231
37.39221 -121.44571
37.39100 -121.44791
37.39255 -121.45141
37.39473 -121.45211
37.39575 -121.45771
37.39828 -121.45921
37.40077 -121.45681
37.40796 -121.45781
37.41619 -121.46421
37.41541 -121.46761
37.42004 -121.47071
37.42128 -121.47031
37.42360 -121.47381
37.42840 -121.47231
37.43092 -121.46921
37.43507 -121.46791
37.43723 -121.46601
37.43737 -121.46311
37.43932 -121.46031
37.44450 -121.46281
37.45202 -121.46361
37.45367 -121.46561
37.45339 -121.46871
37.45673 -121.47151
37.45790 -121.47501
37.46182 -121.47571
37.46566 -121.48321
37.47059 -121.48461
37.47403 -121.48501
37.47401 -121.48151
37.47838 -121.47691
