CA_Climate_Zone_03_TreasureIsland
37.83005 -122.36794
37.83104 -122.36857
37.83110 -122.36863
37.83114 -122.36874
37.83199 -122.37218
37.83221 -122.37292
37.83222 -122.37317
37.83230 -122.37323
37.83262 -122.37315
37.83280 -122.37306
37.83295 -122.37293
37.83307 -122.37276
37.83320 -122.37250
37.83323 -122.37250
37.83324 -122.37255
37.83320 -122.37268
37.83313 -122.37285
37.83293 -122.37309
37.83283 -122.37316
37.83236 -122.37337
37.83228 -122.37342
37.83222 -122.37352
37.83207 -122.37401
37.83204 -122.37424
37.83195 -122.37448
37.83184 -122.37458
37.83169 -122.37486
37.83141 -122.37545
37.83127 -122.37587
37.83054 -122.37752
37.83038 -122.37773
37.82924 -122.37821
37.82703 -122.37909
37.82679 -122.37916
37.82664 -122.37911
37.82633 -122.37892
37.82572 -122.37851
37.82529 -122.37818
37.82503 -122.37803
37.82362 -122.37709
37.82336 -122.37693
37.82287 -122.37673
37.82278 -122.37663
37.82232 -122.37625
37.82153 -122.37574
37.81918 -122.37407
37.81825 -122.37338
37.81720 -122.37267
37.81620 -122.37205
37.81518 -122.37145
37.81489 -122.37133
37.81452 -122.37131
37.81395 -122.37141
37.81355 -122.37150
37.81358 -122.37171
37.81355 -122.37179
37.81327 -122.37178
37.81323 -122.37171
37.81306 -122.37160
37.81228 -122.37190
37.81208 -122.37188
37.81159 -122.37205
37.81132 -122.37219
37.81119 -122.37288
37.81076 -122.37282
37.81047 -122.37255
37.81050 -122.37245
37.81042 -122.37237
37.80987 -122.37192
37.80965 -122.37180
37.80938 -122.37151
37.80882 -122.37033
37.80866 -122.37035
37.80860 -122.37022
37.80862 -122.37009
37.80860 -122.36987
37.80850 -122.36933
37.80821 -122.36888
37.80804 -122.36838
37.80783 -122.36752
37.80779 -122.36747
37.80770 -122.36741
37.80752 -122.36717
37.80748 -122.36708
37.80744 -122.36695
37.80748 -122.36649
37.80751 -122.36629
37.80766 -122.36577
37.80770 -122.36526
37.80767 -122.36515
37.80755 -122.36500
37.80754 -122.36417
37.80747 -122.36392
37.80747 -122.36317
37.80735 -122.36295
37.80731 -122.36280
37.80724 -122.36275
37.80706 -122.36266
37.80701 -122.36243
37.80702 -122.36200
37.80803 -122.36175
37.80809 -122.36151
37.80813 -122.36103
37.81006 -122.36118
37.81010 -122.36114
37.81017 -122.36064
37.81082 -122.36032
37.81087 -122.36044
37.81058 -122.36058
37.81031 -122.36075
37.81025 -122.36123
37.81084 -122.36128
37.81105 -122.36123
37.81114 -122.36126
37.81126 -122.36125
37.81150 -122.36113
37.81163 -122.36109
37.81186 -122.36106
37.81217 -122.36110
37.81237 -122.36104
37.81256 -122.36090
37.81264 -122.36080
37.81283 -122.36044
37.81304 -122.36014
37.81312 -122.35997
37.81328 -122.35973
37.81334 -122.35955
37.81336 -122.35939
37.81342 -122.35928
37.81353 -122.35918
37.81367 -122.35912
37.81434 -122.35894
37.81450 -122.35883
37.81458 -122.35881
37.81466 -122.35882
37.81477 -122.35889
37.81488 -122.35904
37.81503 -122.35934
37.81504 -122.35949
37.81474 -122.36032
37.81470 -122.36065
37.81465 -122.36088
37.81441 -122.36132
37.81436 -122.36152
37.81419 -122.36192
37.81410 -122.36194
37.81400 -122.36204
37.81391 -122.36230
37.81394 -122.36247
37.81396 -122.36319
37.81388 -122.36415
37.81378 -122.36453
37.81358 -122.36483
37.81338 -122.36501
37.81323 -122.36506
37.81307 -122.36526
37.81296 -122.36544
37.81233 -122.36686
37.81225 -122.36727
37.81225 -122.36740
37.81234 -122.36798
37.81247 -122.36846
37.81262 -122.36891
37.81305 -122.36957
37.81332 -122.36987
37.81363 -122.37011
37.81407 -122.37039
37.81483 -122.37058
37.81576 -122.37099
37.81600 -122.37112
37.81709 -122.36839
37.81848 -122.36509
37.81836 -122.36500
37.81857 -122.36430
37.81873 -122.36439
37.81960 -122.36404
37.82052 -122.36372
37.81976 -122.36063
37.82009 -122.36053
37.82085 -122.36358
37.82119 -122.36347
37.82157 -122.36325
37.82194 -122.36310
37.82255 -122.36293
37.82485 -122.36442
37.82723 -122.36606
37.82864 -122.36708
37.82929 -122.36744
37.82968 -122.36639
37.83036 -122.36690
37.83031 -122.36697
37.82974 -122.36659
37.82958 -122.36697
37.83016 -122.36740
37.83012 -122.36748
37.82953 -122.36710
37.82936 -122.36750
37.83005 -122.36794
