CA_Climate_Zone_16_South
33.88263 -116.72331
33.88160 -116.73821
33.88138 -116.78881
33.88126 -116.84421
33.87597 -116.86971
33.87859 -116.92945
33.87859 -116.92951
33.85230 -116.92681
33.85329 -116.82601
33.78658 -116.82691
33.74325 -116.82611
33.68032 -116.82501
33.59985 -116.82441
33.50845 -116.82531
33.50783 -116.78051
33.50796 -116.73641
33.50795 -116.66911
33.50745 -116.61581
33.51008 -116.61431
33.50967 -116.55811
33.51039 -116.50171
33.51070 -116.43311
33.59628 -116.43081
33.59415 -116.40921
33.63391 -116.40981
33.63556 -116.42831
33.66089 -116.43051
33.65922 -116.44861
33.69267 -116.44871
33.69190 -116.51421
33.72456 -116.51521
33.72500 -116.56691
33.77003 -116.56841
33.76999 -116.61871
33.81892 -116.61801
33.85445 -116.61851
33.85368 -116.65111
33.85374 -116.72001
33.88263 -116.72331
