CA_Climate_Zone_07
33.45990 -117.36571
33.49051 -117.37081
33.50487 -117.36421
33.50515 -117.50971
33.47036 -117.50911
33.45518 -117.53891
33.45104 -117.55961
33.45370 -117.57828
33.45373 -117.57851
33.38686 -117.59618
33.38674 -117.59602
33.38665 -117.59591
33.38596 -117.59516
33.38553 -117.59442
33.38510 -117.59350
33.38473 -117.59226
33.38437 -117.59156
33.38364 -117.59056
33.38337 -117.59006
33.38310 -117.58976
33.38253 -117.58922
33.38238 -117.58910
33.38239 -117.58871
33.38230 -117.58749
33.38219 -117.58737
33.38209 -117.58609
33.38193 -117.58440
33.38170 -117.58273
33.38153 -117.58218
33.38142 -117.58191
33.38124 -117.58153
33.38103 -117.58118
33.38078 -117.58063
33.38068 -117.58023
33.38058 -117.57871
33.38040 -117.57798
33.38030 -117.57725
33.38034 -117.57691
33.38019 -117.57607
33.37993 -117.57542
33.37971 -117.57511
33.37939 -117.57446
33.37939 -117.57438
33.37888 -117.57323
33.37863 -117.57315
33.37820 -117.57224
33.37786 -117.57169
33.37751 -117.57124
33.37683 -117.57051
33.37640 -117.57013
33.37525 -117.56922
33.37501 -117.56898
33.37405 -117.56748
33.37282 -117.56572
33.37220 -117.56495
33.37174 -117.56425
33.37145 -117.56331
33.37111 -117.56254
33.37092 -117.56255
33.37078 -117.56248
33.37080 -117.56235
33.37098 -117.56219
33.37064 -117.56145
33.37019 -117.56073
33.36990 -117.55974
33.36956 -117.55886
33.36921 -117.55821
33.36889 -117.55779
33.36864 -117.55754
33.36837 -117.55711
33.36762 -117.55560
33.36743 -117.55508
33.36706 -117.55450
33.36683 -117.55406
33.36642 -117.55311
33.36606 -117.55211
33.36563 -117.55122
33.36542 -117.55066
33.36507 -117.55010
33.36450 -117.54897
33.36429 -117.54869
33.36384 -117.54824
33.36317 -117.54691
33.36303 -117.54640
33.36271 -117.54572
33.36210 -117.54483
33.36189 -117.54464
33.36110 -117.54365
33.35999 -117.54193
33.35670 -117.53749
33.35628 -117.53685
33.35589 -117.53640
33.35470 -117.53486
33.35360 -117.53331
33.35233 -117.53145
33.35019 -117.52851
33.34926 -117.52711
33.34824 -117.52566
33.34765 -117.52470
33.34615 -117.52250
33.34451 -117.52039
33.34372 -117.51944
33.34210 -117.51706
33.33922 -117.51347
33.33652 -117.51027
33.33342 -117.50669
33.33194 -117.50514
33.32981 -117.50279
33.32824 -117.50115
33.32657 -117.49959
33.32444 -117.49713
33.32120 -117.49381
33.31974 -117.49236
33.31856 -117.49136
33.31555 -117.48823
33.31517 -117.48799
33.31436 -117.48728
33.31350 -117.48631
33.31285 -117.48573
33.31261 -117.48563
33.31231 -117.48522
33.31155 -117.48475
33.31126 -117.48433
33.31091 -117.48396
33.31064 -117.48373
33.31019 -117.48354
33.30943 -117.48260
33.30908 -117.48244
33.30886 -117.48225
33.30846 -117.48166
33.30804 -117.48152
33.30777 -117.48133
33.30743 -117.48078
33.30724 -117.48056
33.30630 -117.47988
33.30614 -117.47963
33.30563 -117.47909
33.30489 -117.47837
33.30426 -117.47803
33.30324 -117.47729
33.30276 -117.47678
33.30262 -117.47669
33.30245 -117.47639
33.30214 -117.47608
33.30161 -117.47583
33.30136 -117.47550
33.30081 -117.47497
33.30020 -117.47428
33.29973 -117.47400
33.29722 -117.47156
33.29651 -117.47091
33.29631 -117.47066
33.29578 -117.47031
33.29529 -117.46971
33.29485 -117.46951
33.29397 -117.46882
33.29245 -117.46726
33.29058 -117.46567
33.28918 -117.46467
33.28752 -117.46321
33.28679 -117.46261
33.28616 -117.46194
33.28080 -117.45741
33.28000 -117.45665
33.27774 -117.45468
33.27583 -117.45316
33.27539 -117.45326
33.27506 -117.45321
33.27456 -117.45210
33.27306 -117.45094
33.26701 -117.44593
33.26472 -117.44421
33.26386 -117.44351
33.26321 -117.44281
33.25836 -117.43862
33.25481 -117.43586
33.25224 -117.43378
33.25095 -117.43255
33.24994 -117.43167
33.24693 -117.42947
33.24499 -117.42792
33.23805 -117.42211
33.23689 -117.42110
33.23538 -117.41998
33.23437 -117.41917
33.23256 -117.41785
33.23206 -117.41735
33.23198 -117.41712
33.23193 -117.41683
33.23194 -117.41620
33.23196 -117.41601
33.23140 -117.41623
33.23120 -117.41626
33.23097 -117.41627
33.23078 -117.41624
33.23062 -117.41619
33.22904 -117.41512
33.22676 -117.41311
33.22526 -117.41170
33.22389 -117.41053
33.22355 -117.41026
33.22250 -117.40933
33.22204 -117.40895
33.22117 -117.40839
33.22067 -117.40813
33.21992 -117.40760
33.21834 -117.40662
33.21614 -117.40552
33.21508 -117.40485
33.21484 -117.40477
33.21470 -117.40478
33.21418 -117.40529
33.21395 -117.40561
33.21387 -117.40569
33.21380 -117.40572
33.21155 -117.40581
33.21121 -117.40580
33.21108 -117.40581
33.20928 -117.40582
33.20914 -117.40577
33.20622 -117.40302
33.20608 -117.40296
33.20557 -117.40288
33.20550 -117.40285
33.20545 -117.40281
33.20543 -117.40269
33.20546 -117.40261
33.20560 -117.40256
33.20572 -117.40257
33.20595 -117.40264
33.20630 -117.40270
33.20635 -117.40274
33.20644 -117.40287
33.20749 -117.40392
33.20821 -117.40458
33.20903 -117.40537
33.20916 -117.40547
33.20931 -117.40554
33.20946 -117.40558
33.20967 -117.40560
33.21086 -117.40550
33.21127 -117.40550
33.21161 -117.40543
33.21228 -117.40545
33.21256 -117.40538
33.21331 -117.40538
33.21361 -117.40536
33.21387 -117.40529
33.21396 -117.40523
33.21402 -117.40514
33.21410 -117.40487
33.21419 -117.40474
33.21426 -117.40445
33.21447 -117.40427
33.21458 -117.40413
33.21468 -117.40394
33.21482 -117.40385
33.21485 -117.40381
33.21492 -117.40360
33.21486 -117.40330
33.21490 -117.40316
33.21508 -117.40290
33.21540 -117.40237
33.21557 -117.40187
33.21590 -117.40132
33.21604 -117.40127
33.21610 -117.40128
33.21614 -117.40131
33.21625 -117.40158
33.21640 -117.40173
33.21666 -117.40191
33.21690 -117.40194
33.21701 -117.40202
33.21750 -117.40248
33.21771 -117.40257
33.21787 -117.40260
33.21801 -117.40259
33.21822 -117.40249
33.21846 -117.40226
33.21880 -117.40172
33.21892 -117.40146
33.21926 -117.40109
33.21938 -117.40081
33.21942 -117.40052
33.21940 -117.40036
33.21935 -117.40024
33.21929 -117.40014
33.21887 -117.39973
33.21822 -117.39917
33.21780 -117.39888
33.21763 -117.39869
33.21694 -117.39808
33.21624 -117.39750
33.21588 -117.39723
33.21575 -117.39718
33.21568 -117.39717
33.21560 -117.39718
33.21545 -117.39727
33.21537 -117.39735
33.21524 -117.39755
33.21507 -117.39796
33.21490 -117.39829
33.21488 -117.39835
33.21492 -117.39847
33.21446 -117.39926
33.21444 -117.39929
33.21430 -117.39926
33.21425 -117.39928
33.21419 -117.39932
33.21413 -117.39944
33.21411 -117.39956
33.21415 -117.39976
33.21442 -117.40008
33.21463 -117.40017
33.21477 -117.40026
33.21492 -117.40042
33.21495 -117.40048
33.21494 -117.40060
33.21479 -117.40102
33.21462 -117.40139
33.21432 -117.40178
33.21399 -117.40211
33.21366 -117.40269
33.21345 -117.40292
33.21329 -117.40318
33.21293 -117.40364
33.21281 -117.40372
33.21261 -117.40379
33.21245 -117.40372
33.21236 -117.40371
33.21162 -117.40371
33.21154 -117.40369
33.21152 -117.40361
33.21159 -117.40324
33.21150 -117.40265
33.21153 -117.40208
33.21166 -117.40164
33.21169 -117.40137
33.21163 -117.40088
33.21152 -117.40020
33.21144 -117.39992
33.21132 -117.39963
33.21118 -117.39939
33.21080 -117.39908
33.21061 -117.39876
33.21046 -117.39858
33.20994 -117.39825
33.20978 -117.39820
33.20940 -117.39815
33.20927 -117.39810
33.20918 -117.39800
33.20901 -117.39768
33.20888 -117.39749
33.20885 -117.39751
33.20878 -117.39766
33.20868 -117.39759
33.20868 -117.39754
33.20900 -117.39662
33.20861 -117.39583
33.20858 -117.39572
33.20859 -117.39564
33.20863 -117.39562
33.20868 -117.39562
33.20876 -117.39571
33.20990 -117.39746
33.21021 -117.39779
33.21030 -117.39784
33.21036 -117.39784
33.21098 -117.39724
33.21170 -117.39662
33.21316 -117.39522
33.21316 -117.39514
33.21260 -117.39428
33.21255 -117.39427
33.21115 -117.39472
33.21074 -117.39488
33.21063 -117.39488
33.20820 -117.39442
33.20804 -117.39437
33.20794 -117.39424
33.20792 -117.39412
33.20790 -117.39408
33.20684 -117.39298
33.20631 -117.39247
33.20624 -117.39234
33.20622 -117.39227
33.20638 -117.38955
33.20632 -117.38948
33.20529 -117.38924
33.20519 -117.38925
33.20468 -117.39013
33.20418 -117.39091
33.20397 -117.39129
33.20395 -117.39142
33.20410 -117.39160
33.20541 -117.39294
33.20611 -117.39372
33.20729 -117.39494
33.20733 -117.39502
33.20761 -117.39615
33.20763 -117.39622
33.20773 -117.39629
33.20775 -117.39633
33.20759 -117.39703
33.20694 -117.39934
33.20696 -117.39942
33.20730 -117.39964
33.20732 -117.39972
33.20728 -117.39984
33.20725 -117.39986
33.20721 -117.39986
33.20687 -117.39964
33.20670 -117.39959
33.20596 -117.39977
33.20577 -117.39976
33.20568 -117.39966
33.20566 -117.39943
33.20571 -117.39941
33.20601 -117.39940
33.20643 -117.39933
33.20672 -117.39925
33.20676 -117.39922
33.20679 -117.39917
33.20721 -117.39778
33.20722 -117.39773
33.20720 -117.39767
33.20536 -117.39546
33.20244 -117.39246
33.20223 -117.39214
33.20182 -117.39159
33.20110 -117.39078
33.20087 -117.39057
33.20014 -117.38996
33.19667 -117.38688
33.19549 -117.38593
33.19483 -117.38543
33.19405 -117.38477
33.19285 -117.38361
33.19220 -117.38284
33.19165 -117.38230
33.19042 -117.38117
33.18667 -117.37806
33.18588 -117.37747
33.18355 -117.37556
33.18284 -117.37494
33.18161 -117.37379
33.18004 -117.37240
33.17799 -117.37052
33.17675 -117.36945
33.17667 -117.36942
33.17649 -117.36923
33.17603 -117.36869
33.17525 -117.36790
33.17349 -117.36632
33.17297 -117.36592
33.17146 -117.36463
33.17002 -117.36347
33.16795 -117.36167
33.16689 -117.36087
33.16514 -117.35966
33.16496 -117.35957
33.16476 -117.35982
33.16391 -117.35922
33.16009 -117.35613
33.15565 -117.35245
33.14528 -117.34484
33.14588 -117.34360
33.14537 -117.34355
33.14523 -117.34384
33.14478 -117.34442
33.14432 -117.34390
33.14181 -117.34163
33.14103 -117.34108
33.14043 -117.34072
33.13894 -117.34001
33.13125 -117.33685
33.12797 -117.33407
33.12764 -117.33372
33.12559 -117.33184
33.12539 -117.33155
33.12463 -117.33074
33.12201 -117.32865
33.11458 -117.32485
33.11143 -117.32378
33.11036 -117.32327
33.10395 -117.32130
33.09570 -117.31841
33.09011 -117.31425
33.08963 -117.31407
33.08888 -117.31385
33.08850 -117.31371
33.08749 -117.31322
33.08692 -117.31311
33.08602 -117.31289
33.08244 -117.31229
33.08181 -117.31210
33.08005 -117.31167
33.07455 -117.30978
33.06640 -117.30651
33.06563 -117.30608
33.06469 -117.30545
33.06360 -117.30515
33.06315 -117.30506
33.06268 -117.30494
33.05684 -117.30169
33.05466 -117.30110
33.05239 -117.30068
33.04960 -117.29969
33.04829 -117.29920
33.04807 -117.29899
33.04719 -117.29870
33.04576 -117.29833
33.03930 -117.29695
33.03756 -117.29664
33.03705 -117.29662
33.03606 -117.29598
33.03499 -117.29473
33.03433 -117.29319
33.03345 -117.29214
33.03114 -117.29034
33.02766 -117.28863
33.02400 -117.28655
33.02262 -117.28625
33.02183 -117.28564
33.02127 -117.28550
33.01664 -117.28250
33.01589 -117.28187
33.01544 -117.28153
33.01402 -117.28082
33.01201 -117.27997
33.01163 -117.27977
33.00685 -117.27928
33.00041 -117.27828
32.99947 -117.27795
32.99909 -117.27783
32.99859 -117.27755
32.99640 -117.27601
32.99258 -117.27524
32.99177 -117.27476
32.99164 -117.27473
32.99127 -117.27475
32.98711 -117.27413
32.98453 -117.27328
32.98394 -117.27324
32.98220 -117.27299
32.98189 -117.27277
32.98134 -117.27262
32.98032 -117.27247
32.97912 -117.27197
32.97658 -117.27080
32.97504 -117.27024
32.97460 -117.27020
32.97222 -117.26971
32.97076 -117.26932
32.96881 -117.26894
32.96688 -117.26870
32.96574 -117.26869
32.96466 -117.26856
32.96352 -117.26848
32.96261 -117.26877
32.96225 -117.26876
32.95935 -117.26857
32.95693 -117.26787
32.95278 -117.26677
32.95157 -117.26617
32.95030 -117.26563
32.94570 -117.26378
32.94266 -117.26297
32.93842 -117.26217
32.93785 -117.26220
32.93752 -117.26211
32.93665 -117.26151
32.93527 -117.26112
32.93452 -117.26094
32.93100 -117.26022
32.92845 -117.25981
32.92440 -117.25933
32.92198 -117.25899
32.92089 -117.25913
32.91990 -117.25896
32.91811 -117.25902
32.91622 -117.25890
32.91515 -117.25892
32.91440 -117.25872
32.91238 -117.25786
32.91081 -117.25724
32.90788 -117.25641
32.90635 -117.25568
32.90515 -117.25558
32.90015 -117.25448
32.89545 -117.25408
32.89479 -117.25413
32.89237 -117.25420
32.89058 -117.25416
32.89012 -117.25411
32.88921 -117.25418
32.88824 -117.25399
32.88609 -117.25377
32.88349 -117.25338
32.88298 -117.25327
32.88061 -117.25264
32.87610 -117.25158
32.87504 -117.25177
32.87437 -117.25158
32.87236 -117.25206
32.87159 -117.25292
32.87120 -117.25322
32.87022 -117.25337
32.86776 -117.25405
32.86697 -117.25432
32.86481 -117.25458
32.86301 -117.25488
32.86235 -117.25504
32.85950 -117.25615
32.85625 -117.25809
32.85468 -117.25932
32.85253 -117.26071
32.85155 -117.26243
32.85108 -117.26318
32.85066 -117.26349
32.84946 -117.26402
32.84931 -117.26416
32.84885 -117.26509
32.84906 -117.26622
32.84898 -117.26709
32.84887 -117.26767
32.85031 -117.26999
32.85065 -117.27111
32.85066 -117.27160
32.85038 -117.27247
32.85042 -117.27269
32.85065 -117.27299
32.85087 -117.27295
32.85090 -117.27300
32.85105 -117.27308
32.85116 -117.27321
32.85114 -117.27343
32.85102 -117.27372
32.85084 -117.27394
32.85070 -117.27400
32.84991 -117.27514
32.84961 -117.27545
32.84953 -117.27587
32.84908 -117.27600
32.84844 -117.27674
32.84787 -117.27727
32.84748 -117.27778
32.84782 -117.27819
32.84789 -117.27860
32.84730 -117.27918
32.84648 -117.27886
32.84594 -117.27916
32.84579 -117.27903
32.84518 -117.27920
32.84481 -117.27922
32.84431 -117.27936
32.84407 -117.27959
32.84363 -117.28090
32.84283 -117.28151
32.84270 -117.28166
32.84247 -117.28171
32.84231 -117.28181
32.84220 -117.28193
32.84206 -117.28193
32.84198 -117.28199
32.84187 -117.28200
32.84182 -117.28190
32.84173 -117.28189
32.84165 -117.28197
32.84156 -117.28200
32.84135 -117.28199
32.84119 -117.28204
32.84041 -117.28239
32.84019 -117.28244
32.83947 -117.28223
32.83944 -117.28213
32.83926 -117.28195
32.83899 -117.28181
32.83873 -117.28183
32.83834 -117.28176
32.83795 -117.28161
32.83769 -117.28159
32.83657 -117.28164
32.83566 -117.28160
32.83544 -117.28142
32.83509 -117.28145
32.83457 -117.28159
32.83388 -117.28214
32.83346 -117.28239
32.83316 -117.28253
32.83291 -117.28255
32.83267 -117.28243
32.83216 -117.28204
32.83204 -117.28185
32.83143 -117.28129
32.83112 -117.28120
32.83048 -117.28108
32.83014 -117.28105
32.82619 -117.28009
32.82227 -117.28077
32.82163 -117.28039
32.82128 -117.28013
32.82090 -117.27963
32.82085 -117.27934
32.82077 -117.27910
32.82022 -117.27856
32.81993 -117.27821
32.81989 -117.27775
32.81974 -117.27749
32.81940 -117.27714
32.81905 -117.27698
32.81869 -117.27629
32.81797 -117.27595
32.81791 -117.27585
32.81792 -117.27574
32.81798 -117.27563
32.81857 -117.27521
32.81851 -117.27447
32.81800 -117.27386
32.81716 -117.27319
32.81684 -117.27306
32.81606 -117.27353
32.81579 -117.27386
32.81555 -117.27396
32.81499 -117.27349
32.81433 -117.27338
32.81384 -117.27250
32.81356 -117.27189
32.81335 -117.27161
32.81222 -117.27074
32.81134 -117.27010
32.81077 -117.26975
32.80994 -117.26931
32.80886 -117.26864
32.80802 -117.26808
32.80772 -117.26768
32.80756 -117.26725
32.80780 -117.26610
32.80780 -117.26534
32.80698 -117.26406
32.80567 -117.26295
32.80471 -117.26223
32.80444 -117.26207
32.80361 -117.26131
32.80324 -117.26091
32.80244 -117.26048
32.80077 -117.25934
32.79886 -117.25858
32.79708 -117.25782
32.79619 -117.25744
32.79557 -117.25712
32.79240 -117.25634
32.79143 -117.25622
32.78973 -117.25577
32.78933 -117.25557
32.78903 -117.25557
32.78854 -117.25537
32.78795 -117.25537
32.78755 -117.25517
32.78696 -117.25497
32.78637 -117.25487
32.78443 -117.25463
32.78313 -117.25419
32.78219 -117.25404
32.78178 -117.25394
32.78117 -117.25383
32.77992 -117.25375
32.77823 -117.25356
32.77593 -117.25346
32.77456 -117.25344
32.77426 -117.25339
32.77246 -117.25337
32.77196 -117.25349
32.76906 -117.25342
32.76835 -117.25342
32.76690 -117.25333
32.76582 -117.25316
32.76470 -117.25308
32.76339 -117.25318
32.76258 -117.25337
32.76230 -117.25335
32.76204 -117.25326
32.76187 -117.25325
32.76095 -117.25344
32.75983 -117.25349
32.75948 -117.25344
32.75934 -117.25335
32.75926 -117.25313
32.75924 -117.25312
32.75922 -117.25314
32.75856 -117.25841
32.75846 -117.25841
32.75911 -117.25311
32.75953 -117.24997
32.75955 -117.24971
32.75950 -117.24964
32.75949 -117.24958
32.75953 -117.24948
32.75951 -117.24918
32.75956 -117.24907
32.75959 -117.24892
32.75964 -117.24888
32.75961 -117.24876
32.75966 -117.24863
32.75973 -117.24808
32.75982 -117.24762
32.75997 -117.24642
32.76028 -117.24582
32.76061 -117.24551
32.76084 -117.24532
32.76116 -117.24517
32.76147 -117.24516
32.76176 -117.24524
32.76193 -117.24538
32.76204 -117.24557
32.76210 -117.24582
32.76208 -117.24607
32.76200 -117.24631
32.76182 -117.24650
32.76161 -117.24663
32.76150 -117.24665
32.76125 -117.24651
32.76110 -117.24652
32.76090 -117.24667
32.76074 -117.24696
32.76077 -117.24727
32.76088 -117.24744
32.76112 -117.24745
32.76121 -117.24760
32.76119 -117.24784
32.76132 -117.24809
32.76148 -117.24820
32.76163 -117.24825
32.76169 -117.24839
32.76216 -117.24869
32.76234 -117.24884
32.76255 -117.24888
32.76264 -117.24897
32.76285 -117.24903
32.76348 -117.24956
32.76378 -117.24963
32.76426 -117.24956
32.76500 -117.24939
32.76543 -117.24924
32.76595 -117.24909
32.76635 -117.24903
32.76668 -117.24894
32.76750 -117.24845
32.76784 -117.24836
32.76825 -117.24832
32.76861 -117.24844
32.76919 -117.24883
32.76941 -117.24885
32.76961 -117.24875
32.76974 -117.24863
32.76975 -117.24842
32.76974 -117.24808
32.76965 -117.24783
32.76944 -117.24756
32.76910 -117.24692
32.76874 -117.24644
32.76847 -117.24637
32.76830 -117.24628
32.76812 -117.24625
32.76793 -117.24629
32.76716 -117.24663
32.76653 -117.24701
32.76619 -117.24717
32.76588 -117.24724
32.76569 -117.24717
32.76546 -117.24698
32.76543 -117.24686
32.76526 -117.24669
32.76491 -117.24649
32.76461 -117.24650
32.76443 -117.24656
32.76433 -117.24670
32.76433 -117.24692
32.76408 -117.24690
32.76386 -117.24672
32.76375 -117.24651
32.76368 -117.24622
32.76376 -117.24592
32.76397 -117.24566
32.76421 -117.24554
32.76507 -117.24546
32.76573 -117.24533
32.76632 -117.24515
32.76676 -117.24487
32.76705 -117.24461
32.76748 -117.24435
32.76829 -117.24376
32.76871 -117.24335
32.76887 -117.24317
32.76972 -117.24275
32.77011 -117.24274
32.77044 -117.24278
32.77076 -117.24294
32.77094 -117.24314
32.77098 -117.24338
32.77092 -117.24357
32.77074 -117.24383
32.77061 -117.24409
32.77065 -117.24424
32.77082 -117.24441
32.77093 -117.24465
32.77102 -117.24498
32.77118 -117.24524
32.77124 -117.24539
32.77180 -117.24546
32.77213 -117.24537
32.77343 -117.24462
32.77375 -117.24455
32.77408 -117.24458
32.77442 -117.24468
32.77493 -117.24504
32.77542 -117.24532
32.77570 -117.24566
32.77587 -117.24622
32.77593 -117.24662
32.77586 -117.24692
32.77569 -117.24717
32.77544 -117.24731
32.77519 -117.24735
32.77482 -117.24724
32.77456 -117.24713
32.77438 -117.24695
32.77390 -117.24674
32.77356 -117.24666
32.77319 -117.24675
32.77288 -117.24687
32.77263 -117.24713
32.77251 -117.24741
32.77248 -117.24807
32.77240 -117.24872
32.77243 -117.24890
32.77252 -117.24903
32.77273 -117.24920
32.77327 -117.24934
32.77369 -117.24951
32.77470 -117.25026
32.77534 -117.25061
32.77593 -117.25084
32.77711 -117.25114
32.77749 -117.25129
32.77781 -117.25130
32.77795 -117.25123
32.77803 -117.25106
32.77814 -117.25058
32.77821 -117.25014
32.77821 -117.24977
32.77817 -117.24948
32.77828 -117.24908
32.77820 -117.24870
32.77823 -117.24853
32.77818 -117.24833
32.77767 -117.24808
32.77751 -117.24790
32.77744 -117.24770
32.77749 -117.24747
32.77761 -117.24727
32.77775 -117.24712
32.77793 -117.24697
32.77803 -117.24683
32.77817 -117.24679
32.77827 -117.24691
32.77842 -117.24702
32.77863 -117.24713
32.77884 -117.24717
32.77909 -117.24717
32.77936 -117.24734
32.77968 -117.24767
32.77990 -117.24795
32.77999 -117.24822
32.77999 -117.24844
32.77991 -117.24865
32.77977 -117.24879
32.77931 -117.24883
32.77914 -117.24893
32.77897 -117.24918
32.77885 -117.24958
32.77873 -117.25070
32.77877 -117.25099
32.77890 -117.25116
32.77915 -117.25119
32.77943 -117.25111
32.78029 -117.25093
32.78203 -117.25072
32.78232 -117.25057
32.78245 -117.25035
32.78248 -117.25007
32.78242 -117.24980
32.78233 -117.24960
32.78161 -117.24939
32.78144 -117.24927
32.78129 -117.24896
32.78125 -117.24870
32.78136 -117.24849
32.78159 -117.24826
32.78183 -117.24817
32.78215 -117.24822
32.78261 -117.24837
32.78365 -117.24857
32.78407 -117.24853
32.78444 -117.24842
32.78471 -117.24836
32.78500 -117.24844
32.78521 -117.24863
32.78538 -117.24900
32.78542 -117.24938
32.78541 -117.24963
32.78530 -117.24976
32.78498 -117.24996
32.78464 -117.25015
32.78377 -117.25016
32.78354 -117.25018
32.78335 -117.25027
32.78329 -117.25048
32.78326 -117.25070
32.78342 -117.25084
32.78364 -117.25093
32.78392 -117.25099
32.78428 -117.25111
32.78464 -117.25130
32.78505 -117.25156
32.78567 -117.25187
32.78625 -117.25208
32.78691 -117.25228
32.78718 -117.25228
32.78822 -117.25219
32.78884 -117.25205
32.78915 -117.25170
32.78946 -117.25143
32.78996 -117.25044
32.79023 -117.25008
32.79065 -117.24984
32.79113 -117.24963
32.79129 -117.24898
32.79122 -117.24885
32.79118 -117.24841
32.79127 -117.24796
32.79133 -117.24703
32.79131 -117.24646
32.79116 -117.24519
32.79089 -117.24403
32.79069 -117.24350
32.79051 -117.24317
32.78995 -117.24243
32.78961 -117.24204
32.78920 -117.24171
32.78877 -117.24143
32.78820 -117.24121
32.78664 -117.24072
32.78551 -117.24041
32.78486 -117.24027
32.78331 -117.24019
32.78275 -117.24000
32.78217 -117.23937
32.78207 -117.23929
32.78189 -117.23920
32.78151 -117.23912
32.78131 -117.23903
32.78039 -117.23847
32.78037 -117.23832
32.78019 -117.23822
32.77986 -117.23789
32.77974 -117.23773
32.77954 -117.23731
32.77945 -117.23680
32.77946 -117.23607
32.77976 -117.23480
32.77981 -117.23464
32.77995 -117.23448
32.78042 -117.23413
32.78170 -117.23329
32.78251 -117.23269
32.78362 -117.23224
32.78424 -117.23208
32.78464 -117.23192
32.78564 -117.23157
32.78600 -117.23155
32.78689 -117.23159
32.78789 -117.23175
32.78854 -117.23180
32.78872 -117.23180
32.78892 -117.23175
32.78912 -117.23164
32.78929 -117.23139
32.78964 -117.23104
32.79038 -117.22993
32.79065 -117.22972
32.79092 -117.22971
32.79117 -117.22975
32.79460 -117.22729
32.79512 -117.22494
32.79512 -117.22478
32.79494 -117.22448
32.79315 -117.22399
32.79301 -117.22392
32.79297 -117.22384
32.79301 -117.22376
32.79308 -117.22371
32.79347 -117.22388
32.79385 -117.22399
32.79397 -117.22399
32.79432 -117.22357
32.79460 -117.22310
32.79475 -117.22268
32.79484 -117.22224
32.79491 -117.22177
32.79496 -117.22087
32.79503 -117.22068
32.79533 -117.22059
32.79556 -117.22065
32.79576 -117.22077
32.79597 -117.22081
32.79678 -117.22090
32.79811 -117.22131
32.79847 -117.22135
32.79989 -117.22173
32.80087 -117.22211
32.80129 -117.22212
32.80168 -117.22222
32.80172 -117.22203
32.80163 -117.22181
32.80035 -117.22138
32.79995 -117.22114
32.79948 -117.22090
32.79898 -117.22072
32.79806 -117.22052
32.79612 -117.22016
32.79402 -117.21964
32.79370 -117.21946
32.79324 -117.21908
32.79289 -117.21874
32.79267 -117.21837
32.79249 -117.21788
32.79230 -117.21712
32.79232 -117.21677
32.79240 -117.21626
32.79269 -117.21479
32.79326 -117.21239
32.79350 -117.21187
32.79373 -117.21155
32.79406 -117.21152
32.79436 -117.21166
32.79456 -117.21179
32.79480 -117.21216
32.79495 -117.21263
32.79474 -117.21506
32.79475 -117.21563
32.79488 -117.21609
32.79538 -117.21642
32.79591 -117.21652
32.79633 -117.21628
32.79657 -117.21596
32.79671 -117.21495
32.79684 -117.21331
32.79689 -117.21196
32.79679 -117.21133
32.79668 -117.21087
32.79617 -117.21027
32.79568 -117.20992
32.79516 -117.20992
32.79480 -117.20967
32.79438 -117.20967
32.79393 -117.20957
32.79339 -117.20954
32.79257 -117.20979
32.79191 -117.21007
32.79122 -117.21039
32.79038 -117.21085
32.78998 -117.21098
32.78945 -117.21091
32.78914 -117.21069
32.78888 -117.21053
32.78863 -117.21010
32.78825 -117.20986
32.78822 -117.20946
32.78802 -117.20909
32.78776 -117.20885
32.78752 -117.20869
32.78725 -117.20866
32.78718 -117.20875
32.78715 -117.20886
32.78693 -117.20900
32.78658 -117.20965
32.78638 -117.20986
32.78619 -117.20996
32.78587 -117.20991
32.78552 -117.20978
32.78464 -117.20931
32.78436 -117.20931
32.78425 -117.20919
32.78398 -117.20927
32.78356 -117.20936
32.78312 -117.20953
32.78267 -117.20975
32.78228 -117.20999
32.78207 -117.21021
32.78196 -117.21042
32.78194 -117.21057
32.78197 -117.21077
32.78207 -117.21091
32.78222 -117.21096
32.78309 -117.21094
32.78353 -117.21087
32.78377 -117.21096
32.78382 -117.21081
32.78387 -117.21078
32.78398 -117.21087
32.78406 -117.21126
32.78404 -117.21147
32.78394 -117.21167
32.78368 -117.21183
32.78308 -117.21205
32.78225 -117.21229
32.78139 -117.21244
32.78081 -117.21249
32.77915 -117.21245
32.77887 -117.21255
32.77879 -117.21235
32.77812 -117.21183
32.77737 -117.21146
32.77683 -117.21115
32.77594 -117.21083
32.77519 -117.21052
32.77432 -117.21037
32.77377 -117.21031
32.77328 -117.21020
32.77295 -117.21009
32.77254 -117.21001
32.77216 -117.20998
32.77173 -117.20992
32.77122 -117.20978
32.77091 -117.20959
32.77067 -117.20935
32.77061 -117.20911
32.77064 -117.20890
32.77073 -117.20859
32.77077 -117.20794
32.77072 -117.20788
32.77065 -117.20794
32.77059 -117.20804
32.77049 -117.20810
32.77037 -117.20812
32.77027 -117.20818
32.76993 -117.20874
32.76987 -117.20897
32.76979 -117.20914
32.76925 -117.20983
32.76917 -117.21016
32.76919 -117.21070
32.76925 -117.21082
32.76933 -117.21092
32.76964 -117.21112
32.76997 -117.21123
32.77048 -117.21126
32.77150 -117.21105
32.77179 -117.21109
32.77209 -117.21128
32.77243 -117.21160
32.77270 -117.21195
32.77276 -117.21216
32.77284 -117.21230
32.77282 -117.21276
32.77286 -117.21319
32.77330 -117.21451
32.77373 -117.21539
32.77407 -117.21585
32.77420 -117.21623
32.77497 -117.21720
32.77534 -117.21763
32.77618 -117.21845
32.77676 -117.21889
32.77711 -117.21907
32.77744 -117.21920
32.77772 -117.21926
32.77795 -117.21923
32.77812 -117.21916
32.77832 -117.21893
32.77834 -117.21873
32.77826 -117.21849
32.77788 -117.21800
32.77732 -117.21712
32.77687 -117.21630
32.77648 -117.21532
32.77642 -117.21489
32.77644 -117.21455
32.77651 -117.21421
32.77668 -117.21394
32.77687 -117.21376
32.77738 -117.21371
32.77765 -117.21372
32.77784 -117.21373
32.77831 -117.21381
32.77846 -117.21382
32.77852 -117.21380
32.77870 -117.21383
32.77881 -117.21388
32.77895 -117.21403
32.77961 -117.21453
32.77996 -117.21482
32.78095 -117.21577
32.78122 -117.21607
32.78167 -117.21643
32.78240 -117.21677
32.78278 -117.21681
32.78323 -117.21677
32.78349 -117.21671
32.78412 -117.21643
32.78458 -117.21582
32.78493 -117.21501
32.78524 -117.21404
32.78562 -117.21332
32.78608 -117.21271
32.78651 -117.21236
32.78749 -117.21230
32.78833 -117.21249
32.78926 -117.21328
32.78981 -117.21431
32.78987 -117.21535
32.78960 -117.21661
32.78899 -117.21740
32.78794 -117.21831
32.78455 -117.22020
32.78154 -117.22214
32.77951 -117.22321
32.77713 -117.22423
32.77604 -117.22458
32.77518 -117.22503
32.77432 -117.22564
32.77347 -117.22634
32.77291 -117.22694
32.77242 -117.22751
32.77216 -117.22772
32.77205 -117.22799
32.77210 -117.22819
32.77170 -117.22873
32.77143 -117.22900
32.77102 -117.22939
32.77073 -117.22954
32.77045 -117.22959
32.77017 -117.22934
32.77005 -117.22901
32.77004 -117.22852
32.76995 -117.22816
32.77011 -117.22791
32.77005 -117.22754
32.77001 -117.22749
32.76992 -117.22755
32.76985 -117.22757
32.76982 -117.22753
32.76981 -117.22746
32.76988 -117.22709
32.76984 -117.22551
32.76969 -117.22454
32.76953 -117.22410
32.76923 -117.22359
32.76891 -117.22319
32.76863 -117.22275
32.76846 -117.22238
32.76792 -117.22163
32.76774 -117.22117
32.76775 -117.22097
32.76794 -117.22069
32.76826 -117.22031
32.76861 -117.22008
32.76895 -117.21999
32.76929 -117.21998
32.76955 -117.22002
32.76993 -117.22023
32.77018 -117.22047
32.77052 -117.22085
32.77137 -117.22196
32.77174 -117.22240
32.77193 -117.22256
32.77210 -117.22264
32.77231 -117.22268
32.77253 -117.22262
32.77268 -117.22248
32.77280 -117.22231
32.77286 -117.22207
32.77289 -117.22181
32.77284 -117.22143
32.77273 -117.22106
32.77256 -117.22068
32.77230 -117.22027
32.77166 -117.21949
32.77132 -117.21913
32.77094 -117.21882
32.77035 -117.21851
32.76987 -117.21829
32.76956 -117.21826
32.76920 -117.21825
32.76891 -117.21818
32.76819 -117.21788
32.76795 -117.21771
32.76769 -117.21744
32.76739 -117.21719
32.76715 -117.21693
32.76700 -117.21659
32.76692 -117.21622
32.76695 -117.21556
32.76689 -117.21440
32.76694 -117.21355
32.76706 -117.21303
32.76724 -117.21246
32.76757 -117.21181
32.76785 -117.21153
32.76859 -117.21116
32.76874 -117.21100
32.76883 -117.21080
32.76889 -117.21059
32.76888 -117.21038
32.76880 -117.21020
32.76860 -117.21002
32.76838 -117.20994
32.76807 -117.20992
32.76760 -117.21002
32.76744 -117.21009
32.76714 -117.21033
32.76671 -117.21081
32.76639 -117.21126
32.76603 -117.21187
32.76567 -117.21263
32.76545 -117.21320
32.76525 -117.21383
32.76507 -117.21512
32.76414 -117.21546
32.76391 -117.21567
32.76375 -117.21585
32.76371 -117.21603
32.76369 -117.21648
32.76383 -117.21753
32.76387 -117.21762
32.76406 -117.21772
32.76453 -117.21783
32.76512 -117.21784
32.76532 -117.21786
32.76545 -117.21792
32.76580 -117.22023
32.76628 -117.22208
32.76678 -117.22370
32.76729 -117.22560
32.76777 -117.22708
32.76785 -117.22743
32.76785 -117.22780
32.76775 -117.22838
32.76768 -117.22859
32.76762 -117.22864
32.76751 -117.22867
32.76736 -117.22866
32.76721 -117.22869
32.76706 -117.22875
32.76700 -117.22880
32.76686 -117.22885
32.76681 -117.22890
32.76678 -117.22899
32.76677 -117.22909
32.76685 -117.22926
32.76691 -117.22937
32.76707 -117.22950
32.76705 -117.22959
32.76719 -117.22969
32.76699 -117.23004
32.76687 -117.23032
32.76682 -117.23077
32.76672 -117.23108
32.76676 -117.23171
32.76686 -117.23190
32.76707 -117.23218
32.76722 -117.23229
32.76737 -117.23236
32.76762 -117.23242
32.76834 -117.23239
32.76880 -117.23243
32.76904 -117.23257
32.76917 -117.23273
32.76939 -117.23317
32.76959 -117.23370
32.76962 -117.23388
32.76963 -117.23410
32.76958 -117.23434
32.76921 -117.23508
32.76906 -117.23529
32.76895 -117.23541
32.76874 -117.23552
32.76861 -117.23552
32.76849 -117.23547
32.76790 -117.23472
32.76776 -117.23462
32.76754 -117.23456
32.76723 -117.23454
32.76698 -117.23465
32.76662 -117.23487
32.76648 -117.23507
32.76637 -117.23540
32.76633 -117.23584
32.76640 -117.23615
32.76651 -117.23641
32.76669 -117.23665
32.76690 -117.23682
32.76708 -117.23690
32.76773 -117.23693
32.76785 -117.23702
32.76793 -117.23719
32.76795 -117.23740
32.76751 -117.23875
32.76742 -117.23912
32.76721 -117.24060
32.76713 -117.24073
32.76695 -117.24087
32.76639 -117.24121
32.76538 -117.24191
32.76519 -117.24200
32.76494 -117.24208
32.76455 -117.24212
32.76410 -117.24206
32.76370 -117.24198
32.76346 -117.24192
32.76336 -117.24182
32.76323 -117.24152
32.76330 -117.24137
32.76342 -117.24123
32.76361 -117.24120
32.76384 -117.24127
32.76398 -117.24137
32.76402 -117.24123
32.76401 -117.24116
32.76406 -117.24108
32.76412 -117.24109
32.76424 -117.24104
32.76427 -117.24110
32.76431 -117.24110
32.76437 -117.24117
32.76440 -117.24118
32.76443 -117.24117
32.76471 -117.23877
32.76474 -117.23845
32.76470 -117.23835
32.76220 -117.23479
32.76214 -117.23475
32.76195 -117.23472
32.76196 -117.23444
32.76143 -117.23436
32.76137 -117.23431
32.76034 -117.23414
32.76019 -117.23414
32.76012 -117.23424
32.75936 -117.24046
32.75940 -117.24048
32.75942 -117.24053
32.76192 -117.24097
32.76195 -117.24101
32.76193 -117.24126
32.76190 -117.24143
32.76183 -117.24156
32.76174 -117.24164
32.76158 -117.24170
32.76141 -117.24166
32.76085 -117.24163
32.76040 -117.24171
32.75985 -117.24188
32.75936 -117.24218
32.75893 -117.24254
32.75857 -117.24294
32.75806 -117.24384
32.75787 -117.24443
32.75763 -117.24585
32.75602 -117.25841
32.75593 -117.25846
32.75594 -117.25827
32.75665 -117.25225
32.75408 -117.25279
32.75298 -117.25282
32.75192 -117.25302
32.75027 -117.25302
32.74963 -117.25312
32.74881 -117.25321
32.74810 -117.25334
32.74725 -117.25369
32.74706 -117.25447
32.74674 -117.25511
32.74577 -117.25541
32.74558 -117.25540
32.74433 -117.25546
32.74329 -117.25531
32.74309 -117.25520
32.74141 -117.25536
32.74001 -117.25533
32.73966 -117.25529
32.73924 -117.25528
32.73785 -117.25533
32.73696 -117.25565
32.73632 -117.25577
32.73628 -117.25582
32.73628 -117.25588
32.73565 -117.25602
32.73556 -117.25616
32.73535 -117.25630
32.73510 -117.25626
32.73493 -117.25614
32.73477 -117.25615
32.73469 -117.25622
32.73462 -117.25633
32.73443 -117.25638
32.73424 -117.25635
32.73395 -117.25636
32.73379 -117.25643
32.73368 -117.25657
32.73366 -117.25679
32.73342 -117.25691
32.73301 -117.25691
32.73280 -117.25660
32.73266 -117.25651
32.73246 -117.25654
32.73233 -117.25672
32.73202 -117.25682
32.73137 -117.25684
32.73062 -117.25673
32.73046 -117.25665
32.73040 -117.25676
32.73040 -117.25693
32.73019 -117.25688
32.72975 -117.25632
32.72851 -117.25620
32.72830 -117.25613
32.72803 -117.25579
32.72779 -117.25580
32.72749 -117.25585
32.72730 -117.25595
32.72717 -117.25617
32.72690 -117.25641
32.72657 -117.25651
32.72629 -117.25667
32.72613 -117.25679
32.72595 -117.25722
32.72581 -117.25736
32.72561 -117.25770
32.72544 -117.25785
32.72523 -117.25794
32.72475 -117.25777
32.72429 -117.25774
32.72400 -117.25753
32.72344 -117.25742
32.72300 -117.25722
32.72266 -117.25717
32.72136 -117.25719
32.71981 -117.25728
32.71960 -117.25743
32.71936 -117.25722
32.71933 -117.25709
32.71919 -117.25697
32.71864 -117.25694
32.71838 -117.25671
32.71805 -117.25654
32.71778 -117.25642
32.71655 -117.25595
32.71610 -117.25593
32.71561 -117.25612
32.71531 -117.25638
32.71512 -117.25650
32.71485 -117.25657
32.71449 -117.25650
32.71353 -117.25636
32.71325 -117.25629
32.71293 -117.25616
32.71243 -117.25614
32.71173 -117.25602
32.71103 -117.25578
32.71039 -117.25569
32.70963 -117.25537
32.70897 -117.25521
32.70848 -117.25524
32.70774 -117.25539
32.70755 -117.25535
32.70554 -117.25544
32.70399 -117.25598
32.70189 -117.25618
32.70121 -117.25647
32.70063 -117.25604
32.69833 -117.25572
32.69798 -117.25607
32.69758 -117.25541
32.69655 -117.25490
32.69493 -117.25459
32.69467 -117.25421
32.69324 -117.25352
32.69234 -117.25374
32.69101 -117.25213
32.68956 -117.25081
32.68876 -117.25059
32.68622 -117.25100
32.68481 -117.25043
32.68360 -117.25056
32.68301 -117.24999
32.68293 -117.24952
32.68236 -117.24888
32.68192 -117.24935
32.68142 -117.24920
32.68101 -117.24895
32.68051 -117.24909
32.68011 -117.24850
32.67977 -117.24847
32.67788 -117.24818
32.67779 -117.24813
32.67781 -117.24806
32.67784 -117.24805
32.67835 -117.24808
32.67844 -117.24799
32.67842 -117.24791
32.67838 -117.24784
32.67796 -117.24745
32.67760 -117.24759
32.67754 -117.24755
32.67751 -117.24751
32.67750 -117.24748
32.67751 -117.24732
32.67748 -117.24721
32.67737 -117.24709
32.67732 -117.24698
32.67714 -117.24680
32.67704 -117.24679
32.67689 -117.24685
32.67676 -117.24698
32.67670 -117.24714
32.67666 -117.24717
32.67655 -117.24710
32.67640 -117.24707
32.67613 -117.24694
32.67582 -117.24685
32.67565 -117.24677
32.67553 -117.24657
32.67529 -117.24643
32.67503 -117.24646
32.67472 -117.24632
32.67431 -117.24623
32.67417 -117.24606
32.67415 -117.24583
32.67420 -117.24555
32.67403 -117.24544
32.67379 -117.24541
32.67253 -117.24561
32.67142 -117.24565
32.66928 -117.24533
32.66862 -117.24516
32.66694 -117.24485
32.66632 -117.24459
32.66576 -117.24385
32.66485 -117.24279
32.66486 -117.24211
32.66513 -117.24115
32.66559 -117.23990
32.66594 -117.23909
32.66612 -117.23883
32.66621 -117.23859
32.66672 -117.23810
32.66817 -117.23707
32.66835 -117.23694
32.67015 -117.23719
32.67117 -117.23637
32.67155 -117.23621
32.67241 -117.23626
32.67331 -117.23657
32.67503 -117.23669
32.67627 -117.23706
32.67770 -117.23762
32.67818 -117.23762
32.67954 -117.23742
32.68147 -117.23762
32.68251 -117.23700
32.68356 -117.23564
32.68437 -117.23425
32.68595 -117.23255
32.68629 -117.23244
32.68668 -117.23276
32.68673 -117.23325
32.68651 -117.23377
32.68569 -117.23533
32.68594 -117.23544
32.68670 -117.23663
32.68704 -117.23677
32.68721 -117.23629
32.68699 -117.23595
32.68730 -117.23531
32.68778 -117.23529
32.68825 -117.23410
32.68855 -117.23426
32.68751 -117.23682
32.68726 -117.23758
32.68735 -117.23774
32.68824 -117.23824
32.68829 -117.23824
32.68839 -117.23817
32.68858 -117.23777
32.68969 -117.23504
32.68990 -117.23520
32.68862 -117.23826
32.68859 -117.23839
32.68861 -117.23850
32.68930 -117.23887
32.68943 -117.23887
32.68962 -117.23878
32.68978 -117.23861
32.69029 -117.23727
32.69049 -117.23742
32.68997 -117.23881
32.69007 -117.23935
32.69056 -117.23941
32.69105 -117.23933
32.69139 -117.23932
32.69222 -117.23914
32.69309 -117.23955
32.69402 -117.23975
32.69448 -117.23984
32.69501 -117.23970
32.69518 -117.23973
32.69678 -117.23944
32.69976 -117.23888
32.70114 -117.23805
32.70061 -117.23682
32.70031 -117.23699
32.70035 -117.23710
32.70009 -117.23726
32.70004 -117.23716
32.69935 -117.23758
32.69946 -117.23781
32.69926 -117.23793
32.69905 -117.23751
32.70140 -117.23609
32.70146 -117.23625
32.70069 -117.23674
32.70129 -117.23812
32.70136 -117.23805
32.70149 -117.23777
32.70167 -117.23752
32.70176 -117.23749
32.70207 -117.23753
32.70213 -117.23748
32.70230 -117.23717
32.70363 -117.23620
32.70504 -117.23640
32.70585 -117.23669
32.70690 -117.23690
32.70735 -117.23691
32.70781 -117.23699
32.70787 -117.23703
32.70825 -117.23716
32.70871 -117.23710
32.70924 -117.23700
32.70966 -117.23688
32.71021 -117.23682
32.71097 -117.23689
32.71129 -117.23680
32.71197 -117.23638
32.71228 -117.23623
32.71294 -117.23574
32.71345 -117.23512
32.71399 -117.23397
32.71500 -117.23293
32.71534 -117.23320
32.71546 -117.23358
32.71546 -117.23364
32.71505 -117.23430
32.71404 -117.23517
32.71401 -117.23565
32.71424 -117.23610
32.71500 -117.23585
32.71518 -117.23573
32.71610 -117.23530
32.71701 -117.23460
32.71800 -117.23351
32.71868 -117.23175
32.71885 -117.23115
32.71873 -117.23085
32.71838 -117.23018
32.71779 -117.22937
32.71769 -117.22917
32.71767 -117.22903
32.71776 -117.22889
32.71788 -117.22881
32.71840 -117.22876
32.71859 -117.22846
32.71914 -117.22815
32.71987 -117.22737
32.71992 -117.22729
32.71916 -117.22580
32.71837 -117.22469
32.71737 -117.22427
32.71669 -117.22419
32.71631 -117.22463
32.71612 -117.22479
32.71550 -117.22549
32.71248 -117.22942
32.71090 -117.23091
32.70962 -117.23244
32.70936 -117.23319
32.70930 -117.23386
32.70918 -117.23400
32.70907 -117.23439
32.70876 -117.23469
32.70839 -117.23478
32.70812 -117.23478
32.70795 -117.23451
32.70786 -117.23383
32.70819 -117.23236
32.70869 -117.23142
32.70919 -117.23088
32.71032 -117.22986
32.71174 -117.22851
32.71244 -117.22758
32.71388 -117.22580
32.71460 -117.22470
32.71501 -117.22381
32.71498 -117.22354
32.71487 -117.22335
32.71494 -117.22303
32.71530 -117.22270
32.71536 -117.22280
32.71510 -117.22324
32.71515 -117.22338
32.71523 -117.22350
32.71538 -117.22348
32.71577 -117.22286
32.71552 -117.22267
32.71544 -117.22254
32.71551 -117.22243
32.71577 -117.22246
32.71687 -117.22137
32.71764 -117.22062
32.71786 -117.22045
32.71827 -117.22030
32.71869 -117.22033
32.71923 -117.22014
32.71952 -117.22019
32.71972 -117.22039
32.71977 -117.22061
32.71975 -117.22095
32.71830 -117.22245
32.71850 -117.22287
32.71951 -117.22460
32.72044 -117.22643
32.72104 -117.22736
32.72112 -117.22752
32.72125 -117.22764
32.72150 -117.22772
32.72167 -117.22771
32.72214 -117.22759
32.72290 -117.22769
32.72320 -117.22767
32.72419 -117.22729
32.72464 -117.22665
32.72463 -117.22656
32.72483 -117.22611
32.72485 -117.22549
32.72482 -117.22455
32.72473 -117.22375
32.72397 -117.22238
32.72364 -117.22189
32.72272 -117.22031
32.72275 -117.21998
32.72246 -117.21956
32.72222 -117.21903
32.72199 -117.21838
32.72193 -117.21802
32.72194 -117.21763
32.72197 -117.21751
32.72265 -117.21705
32.72311 -117.21694
32.72365 -117.21695
32.72481 -117.21654
32.72570 -117.21618
32.72593 -117.21598
32.72621 -117.21581
32.72644 -117.21584
32.72682 -117.21595
32.72720 -117.21586
32.72796 -117.21523
32.72812 -117.21516
32.72827 -117.21513
32.72884 -117.21516
32.72893 -117.21520
32.72988 -117.21470
32.73190 -117.21436
32.73227 -117.21415
32.73758 -117.20847
32.73791 -117.20843
32.73810 -117.20858
32.73835 -117.20910
32.73892 -117.20987
32.73931 -117.20966
32.73991 -117.20908
32.74010 -117.20900
32.74030 -117.20901
32.74066 -117.20914
32.74079 -117.20910
32.74094 -117.20891
32.74089 -117.20860
32.74078 -117.20843
32.74044 -117.20775
32.74018 -117.20740
32.73958 -117.20711
32.73916 -117.20688
32.73895 -117.20674
32.73886 -117.20672
32.73870 -117.20655
32.73866 -117.20659
32.73862 -117.20673
32.73844 -117.20676
32.73827 -117.20664
32.73790 -117.20661
32.73771 -117.20665
32.73731 -117.20679
32.73690 -117.20725
32.73661 -117.20751
32.73631 -117.20794
32.73531 -117.20860
32.73140 -117.21268
32.73128 -117.21276
32.72926 -117.21346
32.72916 -117.21355
32.72902 -117.21380
32.72895 -117.21386
32.72881 -117.21394
32.72837 -117.21399
32.72825 -117.21397
32.72815 -117.21393
32.72805 -117.21379
32.72800 -117.21359
32.72802 -117.21290
32.72811 -117.21222
32.72825 -117.20966
32.72867 -117.20540
32.72872 -117.20314
32.72873 -117.20023
32.72869 -117.19980
32.72857 -117.19937
32.72820 -117.19886
32.72798 -117.19868
32.72785 -117.19860
32.72748 -117.19848
32.72721 -117.19846
32.72684 -117.19850
32.72643 -117.19867
32.72627 -117.19878
32.72609 -117.19896
32.72604 -117.19907
32.72601 -117.19959
32.72603 -117.20074
32.72601 -117.20190
32.72575 -117.20671
32.72518 -117.21152
32.72492 -117.21320
32.72487 -117.21343
32.72475 -117.21372
32.72466 -117.21381
32.72457 -117.21387
32.72431 -117.21388
32.72423 -117.21386
32.72408 -117.21377
32.72400 -117.21367
32.72393 -117.21350
32.72391 -117.21332
32.72398 -117.21282
32.72452 -117.20966
32.72488 -117.20571
32.72502 -117.20314
32.72506 -117.20039
32.72504 -117.19864
32.72498 -117.19696
32.72475 -117.19385
32.72447 -117.19133
32.72402 -117.18839
32.72405 -117.18815
32.72409 -117.18803
32.72420 -117.18788
32.72437 -117.18776
32.72465 -117.18772
32.72476 -117.18776
32.72483 -117.18783
32.72501 -117.18817
32.72517 -117.18892
32.72536 -117.19031
32.72551 -117.19178
32.72567 -117.19305
32.72579 -117.19452
32.72592 -117.19487
32.72607 -117.19513
32.72628 -117.19533
32.72656 -117.19549
32.72677 -117.19553
32.72690 -117.19554
32.72727 -117.19546
32.72739 -117.19542
32.72749 -117.19535
32.72755 -117.19527
32.72758 -117.19515
32.72757 -117.19494
32.72725 -117.19057
32.72723 -117.18997
32.72717 -117.18990
32.72716 -117.18983
32.72703 -117.18829
32.72715 -117.18810
32.72717 -117.18792
32.72737 -117.18751
32.72746 -117.18737
32.72769 -117.18730
32.72796 -117.18677
32.72807 -117.18671
32.72832 -117.18647
32.72841 -117.18599
32.72840 -117.18569
32.72827 -117.18531
32.72829 -117.18509
32.72828 -117.18497
32.72820 -117.18482
32.72809 -117.18470
32.72805 -117.18468
32.72792 -117.18470
32.72748 -117.18481
32.72736 -117.18486
32.72706 -117.18505
32.72699 -117.18507
32.72692 -117.18505
32.72683 -117.18497
32.72657 -117.18404
32.72619 -117.18293
32.72613 -117.18267
32.72607 -117.18230
32.72564 -117.18110
32.72561 -117.18098
32.72563 -117.18077
32.72570 -117.18064
32.72582 -117.18050
32.72595 -117.18043
32.72646 -117.18024
32.72717 -117.17990
32.72724 -117.17981
32.72742 -117.17868
32.72745 -117.17834
32.72743 -117.17728
32.72733 -117.17681
32.72703 -117.17598
32.72687 -117.17561
32.72638 -117.17484
32.72610 -117.17449
32.72595 -117.17436
32.72585 -117.17432
32.72547 -117.17404
32.72532 -117.17386
32.72478 -117.17362
32.72473 -117.17364
32.72469 -117.17384
32.72451 -117.17538
32.72443 -117.17536
32.72465 -117.17362
32.72464 -117.17359
32.72417 -117.17349
32.72413 -117.17350
32.72393 -117.17525
32.72383 -117.17525
32.72405 -117.17349
32.72403 -117.17345
32.72368 -117.17342
32.72366 -117.17353
32.72352 -117.17353
32.72334 -117.17503
32.72332 -117.17504
32.72323 -117.17503
32.72341 -117.17360
32.72342 -117.17346
32.72338 -117.17343
32.72296 -117.17343
32.72289 -117.17346
32.72245 -117.17347
32.71982 -117.17347
32.71980 -117.17351
32.71977 -117.17375
32.71968 -117.17382
32.71917 -117.17385
32.71914 -117.17381
32.71915 -117.17350
32.71911 -117.17346
32.71803 -117.17347
32.71799 -117.17352
32.71800 -117.17670
32.71798 -117.17673
32.71689 -117.17672
32.71686 -117.17669
32.71685 -117.17664
32.71684 -117.17419
32.71686 -117.17348
32.71684 -117.17347
32.71646 -117.17348
32.71645 -117.17394
32.71643 -117.17397
32.71624 -117.17398
32.71619 -117.17349
32.71617 -117.17347
32.71593 -117.17347
32.71592 -117.17672
32.71587 -117.17674
32.71557 -117.17673
32.71553 -117.17667
32.71553 -117.17353
32.71548 -117.17349
32.71477 -117.17347
32.71478 -117.17426
32.71481 -117.17433
32.71482 -117.17658
32.71480 -117.17671
32.71421 -117.17670
32.71421 -117.17684
32.71336 -117.17683
32.71336 -117.17358
32.71268 -117.17358
32.71268 -117.17382
32.71293 -117.17432
32.71318 -117.17452
32.71320 -117.17460
32.71283 -117.17583
32.71260 -117.17580
32.71255 -117.17584
32.71252 -117.17584
32.71205 -117.17572
32.71204 -117.17565
32.71172 -117.17557
32.71162 -117.17575
32.71145 -117.17574
32.71135 -117.17562
32.71134 -117.17555
32.71223 -117.17380
32.71228 -117.17368
32.71228 -117.17354
32.71222 -117.17333
32.71218 -117.17328
32.71184 -117.17313
32.70970 -117.17222
32.70923 -117.17209
32.70891 -117.17184
32.70854 -117.17145
32.70848 -117.17131
32.70843 -117.17104
32.70845 -117.17032
32.70837 -117.17028
32.70811 -117.17023
32.70741 -117.17023
32.70732 -117.17020
32.70719 -117.17012
32.70692 -117.16977
32.70556 -117.16779
32.70537 -117.16750
32.70532 -117.16735
32.70532 -117.16721
32.70535 -117.16703
32.70545 -117.16690
32.70562 -117.16678
32.70572 -117.16677
32.70587 -117.16679
32.70598 -117.16685
32.70610 -117.16699
32.70668 -117.16783
32.70677 -117.16801
32.70748 -117.16904
32.70756 -117.16909
32.70837 -117.16909
32.70841 -117.16908
32.70843 -117.16840
32.70843 -117.16732
32.70841 -117.16726
32.70588 -117.16358
32.70567 -117.16363
32.70463 -117.16465
32.70457 -117.16475
32.70458 -117.16485
32.70494 -117.16535
32.70508 -117.16556
32.70517 -117.16576
32.70517 -117.16599
32.70512 -117.16614
32.70504 -117.16625
32.70495 -117.16633
32.70489 -117.16636
32.70473 -117.16636
32.70466 -117.16634
32.70456 -117.16627
32.70443 -117.16613
32.70286 -117.16388
32.70279 -117.16375
32.70277 -117.16364
32.70283 -117.16349
32.70375 -117.16262
32.70384 -117.16259
32.70390 -117.16260
32.70397 -117.16266
32.70429 -117.16318
32.70463 -117.16360
32.70467 -117.16359
32.70480 -117.16351
32.70492 -117.16340
32.70499 -117.16330
32.70496 -117.16327
32.70491 -117.16326
32.70490 -117.16323
32.70492 -117.16319
32.70528 -117.16286
32.70532 -117.16288
32.70536 -117.16283
32.70508 -117.16242
32.70505 -117.16240
32.70499 -117.16242
32.70441 -117.16158
32.70434 -117.16148
32.70439 -117.16140
32.70360 -117.16024
32.70316 -117.16061
32.70315 -117.16058
32.70324 -117.16047
32.70324 -117.16041
32.70313 -117.16033
32.70306 -117.16038
32.70302 -117.16032
32.70310 -117.16022
32.70309 -117.16017
32.70314 -117.16011
32.70309 -117.16004
32.70293 -117.16018
32.70284 -117.16005
32.70309 -117.15979
32.70305 -117.15956
32.70305 -117.15948
32.70298 -117.15945
32.70295 -117.15932
32.70255 -117.15873
32.70243 -117.15862
32.70237 -117.15846
32.70198 -117.15791
32.70186 -117.15785
32.70086 -117.16118
32.70081 -117.16126
32.70072 -117.16123
32.69628 -117.15478
32.69627 -117.15470
32.69632 -117.15459
32.69705 -117.15214
32.69699 -117.15191
32.69668 -117.15176
32.69612 -117.15101
32.69568 -117.15036
32.69541 -117.14998
32.69491 -117.14920
32.69481 -117.14928
32.69475 -117.14927
32.69458 -117.14908
32.69445 -117.14870
32.69430 -117.14854
32.69395 -117.14801
32.69391 -117.14791
32.69393 -117.14776
32.69390 -117.14771
32.69385 -117.14773
32.69379 -117.14772
32.69373 -117.14763
32.69375 -117.14754
32.69384 -117.14746
32.69353 -117.14692
32.69354 -117.14688
32.69340 -117.14668
32.69270 -117.14539
32.69265 -117.14538
32.69262 -117.14533
32.69263 -117.14524
32.69250 -117.14502
32.69249 -117.14498
32.69273 -117.14478
32.69264 -117.14461
32.69262 -117.14458
32.69257 -117.14458
32.69236 -117.14477
32.69234 -117.14475
32.69148 -117.14320
32.69150 -117.14318
32.69147 -117.14314
32.69131 -117.14304
32.69123 -117.14304
32.69086 -117.14331
32.69075 -117.14332
32.69057 -117.14326
32.68990 -117.14208
32.68987 -117.14192
32.68989 -117.14165
32.69003 -117.14128
32.69010 -117.14096
32.69026 -117.14047
32.69023 -117.14024
32.69028 -117.14001
32.69022 -117.14000
32.69019 -117.13994
32.69043 -117.13979
32.69031 -117.13941
32.69031 -117.13935
32.69022 -117.13915
32.69016 -117.13888
32.68994 -117.13850
32.68991 -117.13848
32.68987 -117.13850
32.68956 -117.13879
32.68955 -117.13884
32.68959 -117.13894
32.68942 -117.13911
32.68939 -117.13910
32.68916 -117.13873
32.68918 -117.13864
32.68917 -117.13860
32.68892 -117.13849
32.68888 -117.13858
32.68879 -117.13855
32.68879 -117.13851
32.68891 -117.13817
32.68888 -117.13812
32.68811 -117.13774
32.68768 -117.13762
32.68750 -117.13840
32.68720 -117.13950
32.68715 -117.13955
32.68709 -117.13949
32.68637 -117.13818
32.68645 -117.13799
32.68649 -117.13798
32.68652 -117.13799
32.68664 -117.13827
32.68673 -117.13834
32.68681 -117.13834
32.68688 -117.13829
32.68695 -117.13816
32.68750 -117.13601
32.68763 -117.13460
32.68750 -117.13366
32.68730 -117.13283
32.68692 -117.13348
32.68601 -117.13251
32.68406 -117.13070
32.68247 -117.13328
32.68220 -117.13306
32.68449 -117.12911
32.67894 -117.12446
32.67774 -117.12356
32.67663 -117.12282
32.67428 -117.12057
32.67319 -117.11980
32.67244 -117.11902
32.67230 -117.11890
32.67307 -117.11730
32.67413 -117.11609
32.67445 -117.11569
32.67430 -117.11556
32.67396 -117.11556
32.67315 -117.11573
32.67277 -117.11631
32.67075 -117.11970
32.66987 -117.12103
32.66999 -117.12149
32.67016 -117.12177
32.66999 -117.12364
32.66937 -117.12358
32.66863 -117.12323
32.66911 -117.11977
32.66658 -117.11925
32.66540 -117.11913
32.66215 -117.11870
32.65840 -117.11813
32.65732 -117.11801
32.65681 -117.12236
32.65413 -117.12181
32.65422 -117.12116
32.64766 -117.11955
32.64665 -117.11947
32.64634 -117.11949
32.64571 -117.11849
32.64377 -117.11847
32.64290 -117.11760
32.64273 -117.11648
32.64221 -117.11622
32.64098 -117.11562
32.64035 -117.11492
32.63915 -117.11449
32.63873 -117.11452
32.63813 -117.11399
32.63805 -117.11378
32.63797 -117.11344
32.63771 -117.11325
32.63743 -117.11192
32.63735 -117.11093
32.63649 -117.10882
32.63558 -117.10796
32.63400 -117.10700
32.63384 -117.10687
32.63344 -117.10667
32.63331 -117.10674
32.63319 -117.10668
32.63315 -117.10655
32.63274 -117.10610
32.63272 -117.10599
32.63241 -117.10595
32.63231 -117.10587
32.63225 -117.10579
32.63227 -117.10558
32.63216 -117.10534
32.63213 -117.10534
32.63213 -117.10537
32.63218 -117.10558
32.63213 -117.10576
32.63213 -117.10592
32.63222 -117.10615
32.63221 -117.10628
32.63216 -117.10641
32.63217 -117.10652
32.63211 -117.10664
32.63197 -117.10664
32.63187 -117.10659
32.63178 -117.10679
32.63160 -117.10735
32.63144 -117.10744
32.63106 -117.10736
32.63080 -117.10809
32.63046 -117.10800
32.63035 -117.10808
32.63016 -117.10867
32.62966 -117.10847
32.62504 -117.10580
32.62592 -117.10257
32.62592 -117.10234
32.62571 -117.10190
32.62536 -117.10184
32.62455 -117.10145
32.62428 -117.10135
32.62199 -117.10039
32.62118 -117.10009
32.62071 -117.10003
32.62054 -117.10007
32.62002 -117.10227
32.62015 -117.10259
32.62089 -117.10280
32.62114 -117.10319
32.62137 -117.10321
32.62164 -117.10280
32.62197 -117.10291
32.62235 -117.10319
32.62245 -117.10335
32.62226 -117.10425
32.62170 -117.10465
32.61876 -117.10349
32.62033 -117.09724
32.62031 -117.09719
32.62026 -117.09716
32.61952 -117.09725
32.61909 -117.09721
32.61811 -117.09727
32.61797 -117.09754
32.61737 -117.09768
32.61705 -117.09773
32.61681 -117.09781
32.61635 -117.09788
32.61489 -117.09841
32.61415 -117.09760
32.61407 -117.09740
32.61365 -117.09658
32.61343 -117.09665
32.61339 -117.09680
32.61309 -117.09688
32.61303 -117.09703
32.61318 -117.09782
32.61304 -117.09869
32.61270 -117.09881
32.61238 -117.09867
32.61194 -117.09837
32.61157 -117.09654
32.61140 -117.09595
32.61103 -117.09605
32.61028 -117.09634
32.60984 -117.09629
32.60795 -117.09533
32.60728 -117.09513
32.60639 -117.09419
32.60607 -117.09410
32.60491 -117.09397
32.60505 -117.09560
32.60522 -117.09714
32.60516 -117.09733
32.60507 -117.09743
32.60486 -117.09735
32.60480 -117.09726
32.60466 -117.09667
32.60441 -117.09650
32.60338 -117.09696
32.60265 -117.09717
32.60228 -117.09714
32.60193 -117.09690
32.59937 -117.09733
32.59933 -117.09740
32.59934 -117.09762
32.59945 -117.09830
32.59942 -117.09865
32.59650 -117.09893
32.59573 -117.09890
32.59547 -117.09830
32.59501 -117.09864
32.59459 -117.09891
32.59440 -117.09885
32.59379 -117.09830
32.59331 -117.09888
32.59295 -117.09857
32.59174 -117.10027
32.59136 -117.10107
32.59105 -117.10197
32.59095 -117.10221
32.59005 -117.10341
32.58932 -117.10442
32.58857 -117.10552
32.58846 -117.10657
32.58865 -117.10759
32.58976 -117.10940
32.58994 -117.10993
32.58993 -117.11090
32.58990 -117.11196
32.58994 -117.11266
32.59028 -117.11316
32.59084 -117.11417
32.59106 -117.11487
32.59106 -117.11510
32.59199 -117.11794
32.59189 -117.11867
32.59145 -117.11907
32.59150 -117.11950
32.59159 -117.11996
32.59175 -117.12027
32.59185 -117.12029
32.59226 -117.12112
32.59310 -117.12177
32.59328 -117.12196
32.59351 -117.12214
32.59429 -117.12219
32.59756 -117.12210
32.60187 -117.12365
32.60217 -117.12284
32.60228 -117.12276
32.60354 -117.12227
32.60397 -117.12251
32.60415 -117.12270
32.60466 -117.12348
32.60513 -117.12430
32.60530 -117.12484
32.60533 -117.12540
32.60561 -117.12599
32.60575 -117.12643
32.60608 -117.12705
32.60703 -117.12781
32.60776 -117.12931
32.60755 -117.12955
32.60738 -117.12957
32.60701 -117.12932
32.60693 -117.12933
32.60687 -117.12938
32.60685 -117.12946
32.60687 -117.12972
32.60705 -117.13005
32.60947 -117.13214
32.61000 -117.13260
32.61008 -117.13274
32.61046 -117.13294
32.61072 -117.13292
32.61092 -117.13255
32.61215 -117.13289
32.61318 -117.13281
32.61421 -117.13260
32.61437 -117.13255
32.61461 -117.13252
32.61522 -117.13239
32.61557 -117.13226
32.61608 -117.13155
32.61620 -117.13122
32.61657 -117.13110
32.61676 -117.13074
32.61701 -117.13049
32.61769 -117.12960
32.61890 -117.12821
32.61948 -117.12802
32.62050 -117.12843
32.62055 -117.12871
32.62050 -117.12888
32.62050 -117.12895
32.62036 -117.12909
32.62032 -117.12908
32.62025 -117.12901
32.62018 -117.12909
32.62025 -117.12924
32.61985 -117.12947
32.61942 -117.12947
32.61926 -117.12936
32.61764 -117.13127
32.61788 -117.13159
32.61915 -117.12995
32.61931 -117.12979
32.61933 -117.12979
32.61930 -117.12996
32.61946 -117.12978
32.61965 -117.12977
32.61973 -117.12980
32.61993 -117.13012
32.62000 -117.13035
32.62000 -117.13048
32.61858 -117.13217
32.61860 -117.13222
32.61882 -117.13236
32.62009 -117.13084
32.62030 -117.13054
32.62021 -117.12988
32.62032 -117.12973
32.62074 -117.12936
32.62094 -117.12936
32.62120 -117.12955
32.62136 -117.13069
32.62131 -117.13091
32.62116 -117.13085
32.62105 -117.13102
32.62087 -117.13116
32.62001 -117.13238
32.61956 -117.13275
32.61919 -117.13290
32.61887 -117.13290
32.61879 -117.13348
32.61882 -117.13351
32.61888 -117.13351
32.61902 -117.13344
32.61916 -117.13345
32.61952 -117.13338
32.61972 -117.13324
32.62048 -117.13243
32.62079 -117.13269
32.62089 -117.13274
32.62150 -117.13317
32.62260 -117.13353
32.62271 -117.13312
32.62188 -117.13282
32.62113 -117.13245
32.62078 -117.13214
32.62160 -117.13104
32.62170 -117.13107
32.62188 -117.13127
32.62331 -117.13157
32.62344 -117.13113
32.62362 -117.13085
32.62365 -117.13077
32.62306 -117.13056
32.62198 -117.12978
32.62190 -117.12952
32.62182 -117.12891
32.62189 -117.12874
32.62202 -117.12861
32.62214 -117.12857
32.62258 -117.12874
32.62369 -117.12902
32.62596 -117.12942
32.62752 -117.12977
32.62750 -117.13069
32.62674 -117.13071
32.62657 -117.13069
32.62442 -117.13071
32.62416 -117.13077
32.62390 -117.13096
32.62379 -117.13119
32.62356 -117.13185
32.62376 -117.13191
32.62439 -117.13200
32.62535 -117.13199
32.62536 -117.13231
32.62526 -117.13346
32.62519 -117.13354
32.62312 -117.13332
32.62298 -117.13370
32.62303 -117.13372
32.62456 -117.13398
32.62524 -117.13403
32.62516 -117.13474
32.62515 -117.13523
32.62522 -117.13549
32.62546 -117.13581
32.62559 -117.13591
32.62577 -117.13598
32.62610 -117.13601
32.62607 -117.13565
32.62600 -117.13544
32.62575 -117.13533
32.62567 -117.13513
32.62571 -117.13475
32.62586 -117.13250
32.62592 -117.13197
32.62609 -117.13200
32.62636 -117.13211
32.62689 -117.13213
32.62700 -117.13205
32.62711 -117.13208
32.62707 -117.13264
32.62701 -117.13291
32.62655 -117.13297
32.62637 -117.13487
32.62682 -117.13489
32.62690 -117.13349
32.62696 -117.13337
32.62734 -117.13335
32.62754 -117.13337
32.62762 -117.13346
32.62752 -117.13490
32.62791 -117.13489
32.62807 -117.13297
32.62757 -117.13289
32.62759 -117.13210
32.62802 -117.13203
32.62822 -117.13194
32.62886 -117.13189
32.62895 -117.13199
32.62882 -117.13249
32.62863 -117.13490
32.62909 -117.13490
32.62924 -117.13263
32.62950 -117.13151
32.62947 -117.13124
32.62954 -117.13093
32.62975 -117.13094
32.62992 -117.13114
32.63033 -117.13141
32.63014 -117.13232
32.62997 -117.13284
32.62993 -117.13359
32.62978 -117.13531
32.62968 -117.13543
32.62626 -117.13544
32.62636 -117.13602
32.62671 -117.13605
32.62785 -117.13607
32.62796 -117.13616
32.62818 -117.13615
32.62838 -117.13607
32.62969 -117.13607
32.62980 -117.13617
32.62986 -117.13667
32.62994 -117.13703
32.63009 -117.13754
32.63014 -117.13756
32.63084 -117.13653
32.63093 -117.13630
32.63098 -117.13614
32.63092 -117.13599
32.63093 -117.13512
32.63103 -117.13363
32.63132 -117.13201
32.63136 -117.13187
32.63144 -117.13184
32.63170 -117.13178
32.63232 -117.13238
32.63275 -117.13287
32.63303 -117.13332
32.63164 -117.13562
32.63129 -117.13608
32.63046 -117.13798
32.63102 -117.13845
32.63145 -117.13872
32.63213 -117.13889
32.63347 -117.13912
32.63403 -117.13933
32.63498 -117.13947
32.63534 -117.13975
32.63562 -117.14005
32.63576 -117.14031
32.63573 -117.14080
32.63605 -117.14107
32.63665 -117.14114
32.63704 -117.14105
32.63710 -117.14097
32.63738 -117.14035
32.63742 -117.14017
32.63752 -117.14000
32.63759 -117.13969
32.63767 -117.13949
32.63766 -117.13921
32.63762 -117.13887
32.63780 -117.13844
32.63852 -117.13836
32.64026 -117.13952
32.64062 -117.13978
32.64183 -117.14046
32.64240 -117.14072
32.64279 -117.14084
32.64389 -117.14109
32.64449 -117.14137
32.64466 -117.14152
32.64482 -117.14173
32.64497 -117.14187
32.64587 -117.14247
32.64660 -117.14290
32.64934 -117.14416
32.64988 -117.14435
32.65066 -117.14488
32.65098 -117.14518
32.65128 -117.14552
32.65143 -117.14574
32.65152 -117.14599
32.65159 -117.14625
32.65161 -117.14654
32.65136 -117.14785
32.65125 -117.14898
32.65128 -117.14922
32.65134 -117.14939
32.65162 -117.15008
32.65168 -117.15018
32.65176 -117.15027
32.65195 -117.15041
32.65213 -117.15049
32.65239 -117.15061
32.65271 -117.15070
32.65283 -117.15070
32.65289 -117.15066
32.65295 -117.15061
32.65302 -117.15045
32.65308 -117.15039
32.65337 -117.15028
32.65370 -117.14986
32.65378 -117.14968
32.65387 -117.14933
32.65407 -117.14889
32.65408 -117.14877
32.65407 -117.14872
32.65395 -117.14856
32.65392 -117.14837
32.65395 -117.14813
32.65401 -117.14802
32.65410 -117.14794
32.65445 -117.14784
32.65492 -117.14788
32.65526 -117.14800
32.65568 -117.14826
32.65711 -117.14949
32.65720 -117.14956
32.65741 -117.14959
32.65756 -117.14965
32.65763 -117.14973
32.65785 -117.15000
32.65837 -117.15088
32.65864 -117.15145
32.65872 -117.15188
32.65870 -117.15201
32.65865 -117.15212
32.65856 -117.15223
32.65850 -117.15227
32.65846 -117.15226
32.65843 -117.15223
32.65843 -117.15216
32.65851 -117.15193
32.65852 -117.15177
32.65847 -117.15145
32.65826 -117.15094
32.65813 -117.15071
32.65805 -117.15061
32.65792 -117.15061
32.65787 -117.15067
32.65775 -117.15098
32.65766 -117.15130
32.65767 -117.15163
32.65774 -117.15204
32.65814 -117.15388
32.65821 -117.15415
32.65831 -117.15426
32.65890 -117.15466
32.65896 -117.15466
32.65904 -117.15464
32.65916 -117.15455
32.65939 -117.15458
32.65957 -117.15462
32.66118 -117.15570
32.66133 -117.15577
32.66160 -117.15580
32.66164 -117.15577
32.66177 -117.15550
32.66187 -117.15544
32.66202 -117.15542
32.66212 -117.15544
32.66262 -117.15562
32.66338 -117.15596
32.66426 -117.15628
32.66468 -117.15646
32.66519 -117.15675
32.66536 -117.15690
32.66547 -117.15708
32.66557 -117.15733
32.66564 -117.15765
32.66570 -117.15831
32.66564 -117.15915
32.66568 -117.15950
32.66580 -117.15971
32.66621 -117.16006
32.66662 -117.16030
32.66676 -117.16036
32.66769 -117.16054
32.66852 -117.16059
32.66864 -117.16056
32.66918 -117.16014
32.66958 -117.16002
32.66975 -117.16004
32.67024 -117.16021
32.67077 -117.16034
32.67117 -117.16037
32.67156 -117.16023
32.67191 -117.16001
32.67226 -117.15987
32.67306 -117.15919
32.67330 -117.15891
32.67367 -117.15832
32.67410 -117.15785
32.67460 -117.15722
32.67501 -117.15639
32.67548 -117.15599
32.67556 -117.15595
32.67559 -117.15585
32.67542 -117.15566
32.67539 -117.15559
32.67542 -117.15551
32.67631 -117.15445
32.67643 -117.15423
32.67654 -117.15416
32.67667 -117.15415
32.67694 -117.15396
32.67711 -117.15388
32.67726 -117.15387
32.67749 -117.15394
32.67762 -117.15404
32.67772 -117.15416
32.67792 -117.15443
32.67879 -117.15546
32.68039 -117.15729
32.68048 -117.15764
32.68044 -117.15776
32.68038 -117.15783
32.67913 -117.15937
32.67864 -117.16002
32.67668 -117.16237
32.67633 -117.16282
32.67596 -117.16323
32.67586 -117.16348
32.67581 -117.16352
32.67575 -117.16353
32.67559 -117.16368
32.67547 -117.16394
32.67543 -117.16412
32.67491 -117.16502
32.67487 -117.16516
32.67488 -117.16527
32.67495 -117.16545
32.67497 -117.16563
32.67495 -117.16590
32.67496 -117.16651
32.67501 -117.16715
32.67514 -117.16781
32.67527 -117.16829
32.67555 -117.16881
32.67589 -117.16932
32.67649 -117.17025
32.67723 -117.17114
32.67727 -117.17127
32.67751 -117.17161
32.67762 -117.17168
32.67930 -117.17422
32.67938 -117.17477
32.67970 -117.17530
32.68028 -117.17552
32.68090 -117.17545
32.68133 -117.17514
32.68183 -117.17449
32.68230 -117.17352
32.68239 -117.17303
32.68237 -117.17251
32.68218 -117.17204
32.68177 -117.17160
32.68106 -117.17103
32.68069 -117.17093
32.68022 -117.17059
32.67988 -117.17022
32.67949 -117.16938
32.67911 -117.16847
32.67875 -117.16796
32.67872 -117.16772
32.67911 -117.16719
32.67933 -117.16660
32.67950 -117.16629
32.67999 -117.16581
32.68137 -117.16557
32.68316 -117.16518
32.68347 -117.16516
32.68378 -117.16493
32.68401 -117.16444
32.68409 -117.16434
32.68447 -117.16403
32.68466 -117.16393
32.68563 -117.16368
32.68638 -117.16362
32.68677 -117.16361
32.68750 -117.16365
32.68786 -117.16364
32.68808 -117.16366
32.68825 -117.16375
32.68869 -117.16346
32.68876 -117.16347
32.68888 -117.16355
32.68938 -117.16410
32.68942 -117.16419
32.68948 -117.16424
32.68975 -117.16430
32.69019 -117.16453
32.69026 -117.16453
32.69041 -117.16446
32.69116 -117.16428
32.69176 -117.16407
32.69221 -117.16399
32.69292 -117.16396
32.69328 -117.16401
32.69368 -117.16417
32.69508 -117.16499
32.69537 -117.16511
32.69596 -117.16530
32.69700 -117.16585
32.69714 -117.16607
32.69719 -117.16611
32.69728 -117.16614
32.69760 -117.16633
32.69776 -117.16661
32.69780 -117.16664
32.69796 -117.16667
32.69818 -117.16718
32.69816 -117.16733
32.69797 -117.16746
32.69801 -117.16759
32.69808 -117.16768
32.69823 -117.16761
32.69831 -117.16764
32.69858 -117.16809
32.69857 -117.16817
32.69848 -117.16825
32.69848 -117.16835
32.69853 -117.16842
32.69866 -117.16852
32.69897 -117.16865
32.69900 -117.16870
32.69892 -117.16898
32.69894 -117.16908
32.69921 -117.16964
32.69912 -117.16999
32.69912 -117.17007
32.69924 -117.17026
32.69934 -117.17048
32.69935 -117.17067
32.69939 -117.17077
32.69971 -117.17100
32.70012 -117.17209
32.70013 -117.17212
32.70009 -117.17221
32.70010 -117.17228
32.70032 -117.17283
32.70039 -117.17312
32.70052 -117.17342
32.70069 -117.17400
32.70070 -117.17405
32.70068 -117.17422
32.70069 -117.17432
32.70077 -117.17452
32.70088 -117.17499
32.70097 -117.17528
32.70104 -117.17539
32.70122 -117.17582
32.70124 -117.17601
32.70137 -117.17634
32.70145 -117.17685
32.70167 -117.17776
32.70179 -117.17807
32.70183 -117.17833
32.70205 -117.17888
32.70239 -117.17991
32.70243 -117.18009
32.70241 -117.18020
32.70248 -117.18025
32.70260 -117.18052
32.70275 -117.18056
32.70293 -117.18070
32.70297 -117.18087
32.70302 -117.18088
32.70311 -117.18084
32.70317 -117.18084
32.70325 -117.18092
32.70334 -117.18095
32.70364 -117.18086
32.70623 -117.18930
32.70638 -117.18986
32.70662 -117.19058
32.70665 -117.19062
32.70671 -117.19064
32.70676 -117.19064
32.70723 -117.19043
32.70811 -117.19005
32.70818 -117.18994
32.70813 -117.18972
32.70813 -117.18963
32.71187 -117.18804
32.71311 -117.19002
32.71397 -117.19145
32.71398 -117.19149
32.71356 -117.19188
32.71433 -117.19361
32.71450 -117.19423
32.71452 -117.19442
32.71465 -117.19555
32.71468 -117.19641
32.71468 -117.19827
32.71462 -117.20287
32.71458 -117.20296
32.71451 -117.20378
32.71451 -117.20413
32.71453 -117.20451
32.71449 -117.20462
32.71418 -117.20511
32.71408 -117.20532
32.71399 -117.20563
32.71379 -117.20674
32.71367 -117.20709
32.71350 -117.20787
32.71347 -117.20794
32.71346 -117.20815
32.71349 -117.20822
32.71349 -117.20832
32.71345 -117.20845
32.71333 -117.20868
32.71330 -117.20887
32.71325 -117.20897
32.71324 -117.20910
32.71327 -117.20926
32.71318 -117.20967
32.71308 -117.20997
32.71292 -117.21027
32.71281 -117.21062
32.71276 -117.21120
32.71271 -117.21131
32.71252 -117.21152
32.71200 -117.21328
32.71187 -117.21395
32.71177 -117.21422
32.71169 -117.21433
32.71151 -117.21472
32.71091 -117.21579
32.71060 -117.21621
32.71043 -117.21650
32.71040 -117.21656
32.71040 -117.21671
32.71031 -117.21683
32.71018 -117.21691
32.71013 -117.21701
32.70970 -117.21734
32.70959 -117.21751
32.70938 -117.21760
32.70926 -117.21787
32.70917 -117.21799
32.70906 -117.21807
32.70894 -117.21811
32.70860 -117.21845
32.70853 -117.21854
32.70850 -117.21863
32.70801 -117.21947
32.70699 -117.22063
32.70655 -117.22123
32.70632 -117.22144
32.70621 -117.22161
32.70541 -117.22235
32.70530 -117.22247
32.70514 -117.22279
32.70505 -117.22286
32.70491 -117.22290
32.70470 -117.22288
32.70459 -117.22291
32.70307 -117.22396
32.70123 -117.22515
32.70091 -117.22533
32.70086 -117.22539
32.70083 -117.22552
32.70085 -117.22570
32.70084 -117.22578
32.70080 -117.22583
32.70075 -117.22586
32.70059 -117.22579
32.70056 -117.22571
32.70055 -117.22532
32.70053 -117.22521
32.70042 -117.22505
32.70036 -117.22504
32.70016 -117.22511
32.69979 -117.22540
32.69800 -117.22634
32.69797 -117.22642
32.69795 -117.22661
32.69767 -117.22695
32.69765 -117.22709
32.69761 -117.22716
32.69751 -117.22716
32.69744 -117.22710
32.69730 -117.22704
32.69438 -117.22706
32.69349 -117.22699
32.69344 -117.22699
32.69339 -117.22706
32.69333 -117.22708
32.69271 -117.22702
32.69259 -117.22707
32.69247 -117.22715
32.69231 -117.22703
32.69223 -117.22701
32.69194 -117.22704
32.69162 -117.22701
32.69133 -117.22702
32.69099 -117.22698
32.69085 -117.22703
32.69077 -117.22702
32.69066 -117.22697
32.68958 -117.22676
32.68883 -117.22665
32.68859 -117.22658
32.68836 -117.22643
32.68747 -117.22616
32.68711 -117.22609
32.68701 -117.22604
32.68686 -117.22590
32.68593 -117.22538
32.68583 -117.22501
32.68570 -117.22468
32.68464 -117.22403
32.68284 -117.22376
32.67215 -117.22392
32.67214 -117.22371
32.68297 -117.22357
32.68386 -117.22197
32.68520 -117.21834
32.68650 -117.21286
32.68656 -117.21061
32.68624 -117.20094
32.68587 -117.19695
32.68565 -117.19579
32.68530 -117.19474
32.68516 -117.19445
32.68498 -117.19390
32.68467 -117.19250
32.68432 -117.19154
32.68639 -117.18956
32.68633 -117.18942
32.68504 -117.18707
32.68308 -117.18340
32.68178 -117.18092
32.68157 -117.18029
32.67970 -117.17890
32.67917 -117.17921
32.67938 -117.18026
32.67896 -117.18068
32.67844 -117.17986
32.67843 -117.17838
32.67790 -117.17703
32.67652 -117.17418
32.67574 -117.17334
32.67423 -117.17200
32.67403 -117.17196
32.67388 -117.17184
32.67030 -117.16787
32.66722 -117.16432
32.66228 -117.15998
32.66149 -117.15913
32.65190 -117.15289
32.64764 -117.15033
32.64014 -117.14622
32.63848 -117.14588
32.63664 -117.14501
32.63335 -117.14315
32.63114 -117.14219
32.63025 -117.14174
32.62739 -117.14023
32.62332 -117.13896
32.61877 -117.13723
32.61211 -117.13540
32.61151 -117.13536
32.60914 -117.13451
32.60622 -117.13413
32.60319 -117.13396
32.59896 -117.13339
32.59704 -117.13300
32.59325 -117.13288
32.59196 -117.13278
32.58553 -117.13320
32.58405 -117.13327
32.58336 -117.13326
32.57578 -117.13342
32.57414 -117.13339
32.57262 -117.13348
32.57117 -117.13351
32.56934 -117.13342
32.56595 -117.13347
32.56442 -117.13310
32.56184 -117.13259
32.55790 -117.13148
32.55761 -117.13132
32.55724 -117.13116
32.55544 -117.12940
32.55487 -117.12858
32.55466 -117.12865
32.54719 -117.12696
32.54404 -117.12607
32.53852 -117.12529
32.53418 -117.12500
32.53422 -117.12461
32.53419 -117.12465
32.53422 -117.12433
32.53432 -117.12357
32.53472 -117.12020
32.53486 -117.11907
32.53488 -117.11889
32.53517 -117.11559
32.53610 -117.10512
32.53641 -117.10163
32.53660 -117.09948
32.53703 -117.09466
32.53777 -117.08635
32.53889 -117.07373
32.53951 -117.06675
32.53955 -117.06593
32.53969 -117.06346
32.53974 -117.06264
32.53974 -117.06264
32.53974 -117.06262
32.53974 -117.06262
32.53974 -117.06258
32.53974 -117.06246
32.53974 -117.06243
32.54005 -117.05834
32.54096 -117.04606
32.54126 -117.04197
32.54128 -117.04151
32.54134 -117.04013
32.54136 -117.03967
32.54142 -117.03897
32.54161 -117.03689
32.54167 -117.03620
32.54177 -117.03511
32.54206 -117.03185
32.54216 -117.03077
32.54216 -117.03072
32.54216 -117.03057
32.54216 -117.03052
32.54216 -117.03032
32.54216 -117.02974
32.54216 -117.02957
32.54219 -117.02955
32.54221 -117.02954
32.54227 -117.02950
32.54229 -117.02949
32.54230 -117.02948
32.54234 -117.02946
32.54235 -117.02945
32.54236 -117.02944
32.54240 -117.02942
32.54241 -117.02941
32.54242 -117.02941
32.54246 -117.02939
32.54246 -117.02939
32.54246 -117.02937
32.54247 -117.02929
32.54250 -117.02904
32.54251 -117.02896
32.54255 -117.02860
32.54256 -117.02847
32.54263 -117.02753
32.54266 -117.02717
32.54262 -117.02700
32.54249 -117.02648
32.54246 -117.02637
32.54247 -117.02631
32.54275 -117.02334
32.54358 -117.01444
32.54386 -117.01147
32.54414 -117.00863
32.54498 -117.00011
32.54526 -116.99727
32.54544 -116.99531
32.54599 -116.98943
32.54617 -116.98747
32.54657 -116.98246
32.54758 -116.96972
32.54776 -116.96742
32.54778 -116.96715
32.54817 -116.96241
32.54864 -116.95779
32.54983 -116.94605
32.54993 -116.94393
32.55011 -116.93998
32.55014 -116.93929
32.55018 -116.93910
32.55020 -116.93900
32.55032 -116.93850
32.55036 -116.93831
32.55044 -116.93626
32.55068 -116.93011
32.55076 -116.92807
32.55094 -116.92601
32.55131 -116.92177
32.55132 -116.92171
32.55132 -116.92171
32.60990 -116.92371
32.61115 -116.92911
32.61986 -116.93481
32.64400 -116.96521
32.66196 -116.98881
32.67068 -116.99291
32.68536 -116.99821
32.68970 -117.00721
32.69025 -117.01381
32.69323 -117.01481
32.70380 -117.01501
32.71530 -117.00991
32.72093 -117.01131
32.73494 -117.01051
32.73907 -117.01151
32.73943 -117.00811
32.74728 -116.99831
32.75200 -116.99421
32.76121 -116.98771
32.77179 -116.98291
32.79437 -116.99831
32.80056 -117.00271
32.81113 -117.00301
32.81697 -117.00961
32.82634 -117.02281
32.83047 -117.02381
32.83298 -117.03021
32.83331 -117.03531
32.83123 -117.03821
32.82835 -117.04121
32.82236 -117.04541
32.81810 -117.04791
32.81750 -117.05401
32.81587 -117.06051
32.82682 -117.08171
32.83072 -117.08461
32.83309 -117.09291
32.83165 -117.10771
32.83472 -117.11581
32.84493 -117.11991
32.84943 -117.11601
32.85725 -117.11531
32.87482 -117.11631
32.89941 -117.11411
32.91895 -117.11351
32.92804 -117.11041
32.94518 -117.10391
32.94870 -117.11321
32.95051 -117.12101
32.96095 -117.12621
32.98103 -117.13191
33.00029 -117.14201
33.00579 -117.14401
33.02619 -117.15781
33.04086 -117.16711
33.05907 -117.17941
33.06862 -117.17731
33.07895 -117.18011
33.07964 -117.20541
33.10997 -117.20661
33.11384 -117.21331
33.11968 -117.21811
33.13322 -117.22041
33.13620 -117.22251
33.13897 -117.22151
33.14415 -117.21891
33.15273 -117.22621
33.16161 -117.21851
33.17351 -117.20431
33.22396 -117.20281
33.22358 -117.21081
33.24828 -117.21111
33.24676 -117.21761
33.24993 -117.22781
33.25805 -117.23661
33.26608 -117.24021
33.27109 -117.24941
33.27759 -117.25971
33.28650 -117.27101
33.29029 -117.27071
33.29556 -117.27421
33.29879 -117.27101
33.30122 -117.26941
33.30615 -117.27071
33.30669 -117.27831
33.30610 -117.28291
33.30954 -117.28341
33.31450 -117.27781
33.31349 -117.27371
33.31580 -117.27231
33.31797 -117.27431
33.32236 -117.26921
33.32353 -117.26521
33.32905 -117.26391
33.32922 -117.25211
33.33233 -117.25021
33.33716 -117.24961
33.33807 -117.25161
33.33921 -117.25361
33.34070 -117.25351
33.34290 -117.25161
33.34339 -117.24321
33.35682 -117.24631
33.35745 -117.25971
33.37802 -117.25951
33.39410 -117.26051
33.39433 -117.26451
33.39592 -117.26841
33.39902 -117.26671
33.40439 -117.27381
33.41167 -117.29021
33.41464 -117.29321
33.41347 -117.29791
33.40999 -117.30441
33.40593 -117.31271
33.41051 -117.31721
33.40850 -117.32681
33.40435 -117.33131
33.40569 -117.33761
33.40810 -117.33831
33.41227 -117.33331
33.41515 -117.33111
33.41767 -117.33311
33.41650 -117.33671
33.41453 -117.34011
33.41601 -117.34321
33.41935 -117.34111
33.42097 -117.33781
33.42671 -117.34001
33.42662 -117.35801
33.42651 -117.37681
33.42562 -117.39251
33.43356 -117.39251
33.43641 -117.39471
33.44321 -117.39231
33.44301 -117.36481
33.45990 -117.36571
