CA_Climate_Zone_14_South
33.42711 -116.51461
33.42710 -116.51821
33.42759 -116.72061
33.42683 -116.82321
33.42739 -116.98151
33.42708 -116.99881
33.42694 -117.03091
33.42709 -117.03516
33.42718 -117.03771
33.42411 -117.05941
33.41309 -117.05951
33.41003 -117.04221
33.39741 -117.04071
33.39687 -117.02671
33.38486 -117.02381
33.38279 -117.02421
33.37752 -117.01911
33.37568 -117.01941
33.37691 -117.03151
33.36921 -117.03271
33.36982 -117.02051
33.36718 -117.02091
33.36315 -117.02381
33.35890 -117.02421
33.35674 -117.01421
33.34422 -117.01461
33.34802 -117.00881
33.35102 -117.00601
33.34907 -117.00281
33.34908 -116.99791
33.34681 -116.98981
33.34567 -116.98481
33.34338 -116.98221
33.34246 -116.97841
33.34282 -116.97461
33.34064 -116.97101
33.33939 -116.96771
33.33778 -116.96611
33.33767 -116.96321
33.33516 -116.95991
33.33367 -116.95631
33.33219 -116.94891
33.33071 -116.94451
33.32716 -116.93601
33.32351 -116.92671
33.31939 -116.91331
33.31607 -116.90781
33.31032 -116.91271
33.30549 -116.91621
33.30387 -116.91961
33.29882 -116.92001
33.29571 -116.92411
33.29272 -116.92841
33.29374 -116.93431
33.28880 -116.93451
33.28489 -116.93631
33.28431 -116.93711
33.26215 -116.93521
33.24583 -116.93511
33.23492 -116.93621
33.23758 -116.92781
33.23323 -116.91911
33.22289 -116.91741
33.22003 -116.91411
33.21624 -116.91101
33.21912 -116.90721
33.22017 -116.90311
33.21626 -116.90171
33.21373 -116.90331
33.21133 -116.89981
33.20500 -116.90471
33.20420 -116.90011
33.20501 -116.89651
33.19801 -116.89721
33.18836 -116.89661
33.18560 -116.89771
33.18331 -116.89551
33.18377 -116.89141
33.18033 -116.88771
33.17919 -116.88601
33.16986 -116.89711
33.16937 -116.84861
33.16951 -116.82841
33.12311 -116.82731
33.08210 -116.82931
33.03037 -116.77361
33.00867 -116.77511
33.00706 -116.76801
33.00569 -116.76531
33.00810 -116.76301
33.00856 -116.75961
32.99627 -116.76331
32.99891 -116.76751
32.99764 -116.77351
32.98936 -116.78451
32.97879 -116.78381
32.97810 -116.78911
32.97775 -116.79251
32.97682 -116.79781
32.97785 -116.80151
32.97785 -116.80301
32.96521 -116.80301
32.96498 -116.80711
32.96463 -116.81101
32.94464 -116.81141
32.93672 -116.81091
32.93508 -116.82941
32.89351 -116.82751
32.87341 -116.82701
32.87452 -116.77491
32.86682 -116.77441
32.86603 -116.76541
32.86017 -116.76511
32.85995 -116.75791
32.85203 -116.75651
32.85043 -116.74861
32.84538 -116.74801
32.84481 -116.74011
32.81713 -116.73871
32.81714 -116.73411
32.81680 -116.72331
32.76214 -116.72341
32.73056 -116.72291
32.72872 -116.71671
32.72793 -116.70421
32.72658 -116.67081
32.66962 -116.67111
32.59520 -116.67161
32.57568 -116.67251
32.57263 -116.67271
32.57265 -116.67241
32.57322 -116.66598
32.57403 -116.65669
32.57470 -116.64839
32.57519 -116.64233
32.57539 -116.63987
32.57603 -116.63190
32.57639 -116.62748
32.57638 -116.62715
32.57638 -116.62617
32.57638 -116.62599
32.57638 -116.62591
32.57633 -116.62586
32.57652 -116.62398
32.57708 -116.61835
32.57717 -116.61745
32.57725 -116.61648
32.57795 -116.60807
32.57800 -116.60753
32.57830 -116.60398
32.57889 -116.59682
32.57928 -116.59214
32.57943 -116.59028
32.58006 -116.58287
32.58077 -116.57448
32.58095 -116.57233
32.58128 -116.56844
32.58151 -116.56589
32.58170 -116.56375
32.58211 -116.55914
32.58211 -116.55914
32.58334 -116.54533
32.58375 -116.54072
32.58375 -116.54065
32.58380 -116.53969
32.58398 -116.53659
32.58402 -116.53571
32.58404 -116.53555
32.58404 -116.53552
32.58405 -116.53540
32.58406 -116.53536
32.58436 -116.53134
32.58513 -116.52133
32.58530 -116.51927
32.58563 -116.51524
32.58563 -116.51522
32.58600 -116.51084
32.58662 -116.50327
32.58682 -116.50086
32.58682 -116.49920
32.58784 -116.48713
32.58953 -116.46733
32.59030 -116.45825
32.59054 -116.45536
32.59180 -116.43977
32.59180 -116.43970
32.59183 -116.43949
32.59183 -116.43942
32.59223 -116.43544
32.59224 -116.43530
32.59254 -116.43171
32.59281 -116.42840
32.59344 -116.42093
32.59374 -116.41733
32.59380 -116.41661
32.59399 -116.41444
32.59405 -116.41371
32.59422 -116.41142
32.59438 -116.40926
32.59465 -116.40553
32.59526 -116.39738
32.59533 -116.39630
32.59536 -116.39592
32.59568 -116.39147
32.59576 -116.39115
32.59600 -116.39018
32.59602 -116.39010
32.59604 -116.38985
32.59636 -116.38563
32.59681 -116.37958
32.59684 -116.37914
32.59686 -116.37895
32.59714 -116.37586
32.59735 -116.37278
32.59835 -116.35791
32.59864 -116.35428
32.59890 -116.35099
32.59913 -116.34812
32.59979 -116.33992
32.60032 -116.33336
32.60176 -116.31638
32.60184 -116.31536
32.60248 -116.30717
32.60258 -116.30595
32.60275 -116.30377
32.60286 -116.30232
32.60296 -116.30111
32.60329 -116.29682
32.60431 -116.28397
32.60457 -116.28073
32.60465 -116.27969
32.60478 -116.27794
32.60519 -116.27268
32.60532 -116.27092
32.60541 -116.27027
32.60542 -116.27010
32.60617 -116.26121
32.60637 -116.25892
32.60709 -116.25086
32.60764 -116.24415
32.60906 -116.22669
32.60936 -116.22291
32.61033 -116.21105
32.61033 -116.21090
32.61033 -116.21054
32.61034 -116.20945
32.61034 -116.20909
32.61042 -116.20800
32.61065 -116.20476
32.61073 -116.20368
32.61077 -116.20314
32.61082 -116.20251
32.61112 -116.19900
32.61123 -116.19783
32.61139 -116.19571
32.61190 -116.18935
32.61207 -116.18722
32.61209 -116.18692
32.61216 -116.18602
32.61218 -116.18572
32.61240 -116.18263
32.61306 -116.17335
32.61328 -116.17026
32.61334 -116.16943
32.61351 -116.16694
32.61357 -116.16618
32.61357 -116.16611
32.61371 -116.16437
32.61411 -116.15916
32.61424 -116.15742
32.61503 -116.14717
32.61668 -116.12586
32.61779 -116.11644
32.61791 -116.11544
32.61858 -116.10643
32.64774 -116.10891
32.65142 -116.12331
32.66488 -116.13111
32.66652 -116.14011
32.69510 -116.14221
32.69429 -116.17511
32.63726 -116.17521
32.63771 -116.20991
32.66904 -116.21071
32.72287 -116.21081
32.77753 -116.22141
32.81185 -116.22091
32.81190 -116.32751
32.82430 -116.32811
32.82570 -116.33751
32.82983 -116.33791
32.83511 -116.33531
32.84005 -116.33851
32.84843 -116.33631
32.84865 -116.33301
32.85001 -116.32631
32.85654 -116.32251
32.86297 -116.32111
32.86227 -116.31741
32.85721 -116.31171
32.85984 -116.30651
32.86283 -116.31051
32.86857 -116.30991
32.87362 -116.30741
32.87337 -116.30361
32.86946 -116.30071
32.86647 -116.29781
32.85671 -116.29631
32.85223 -116.29401
32.85647 -116.28991
32.86266 -116.28891
32.86759 -116.28631
32.87252 -116.28341
32.87043 -116.27701
32.87365 -116.27751
32.88020 -116.27821
32.87927 -116.27491
32.87811 -116.27061
32.88155 -116.27141
32.88637 -116.27061
32.88487 -116.26701
32.88417 -116.26331
32.88875 -116.25781
32.88518 -116.25521
32.88769 -116.24871
32.91419 -116.24481
32.91484 -116.26941
32.91545 -116.28481
32.91350 -116.33111
32.92693 -116.33101
32.95655 -116.33141
32.95670 -116.34671
32.96624 -116.35091
32.96719 -116.36851
32.97351 -116.37161
32.97136 -116.38101
32.96702 -116.39521
32.96669 -116.40301
32.97107 -116.41371
32.99277 -116.41441
33.07338 -116.50061
33.07763 -116.50251
33.07737 -116.47701
33.08905 -116.45931
33.09904 -116.45981
33.10115 -116.48521
33.12231 -116.51491
33.17490 -116.52001
33.17616 -116.51481
33.18017 -116.51001
33.16938 -116.51071
33.17041 -116.50511
33.17706 -116.50221
33.20140 -116.50221
33.20050 -116.51151
33.20831 -116.51081
33.20772 -116.49991
33.20840 -116.49711
33.21644 -116.49721
33.22402 -116.50111
33.22838 -116.49731
33.23159 -116.49581
33.23756 -116.49451
33.24020 -116.49671
33.23872 -116.50481
33.25170 -116.50581
33.34149 -116.50611
33.34059 -116.51961
33.40331 -116.51231
33.42711 -116.51461
