CA_Climate_Zone_03_AngelIsland
37.87045 -122.42626
37.87045 -122.42668
37.87049 -122.42695
37.87062 -122.42735
37.87093 -122.42790
37.87162 -122.42892
37.87196 -122.42954
37.87216 -122.43010
37.87221 -122.43037
37.87211 -122.43090
37.87181 -122.43148
37.87177 -122.43175
37.87154 -122.43212
37.87139 -122.43218
37.87068 -122.43235
37.87053 -122.43252
37.87037 -122.43277
37.87024 -122.43302
37.87017 -122.43336
37.87000 -122.43371
37.86982 -122.43398
37.86970 -122.43426
37.86963 -122.43443
37.86963 -122.43463
37.86954 -122.43467
37.86938 -122.43463
37.86920 -122.43452
37.86906 -122.43452
37.86896 -122.43463
37.86891 -122.43478
37.86883 -122.43487
37.86853 -122.43493
37.86824 -122.43495
37.86814 -122.43494
37.86810 -122.43491
37.86795 -122.43470
37.86767 -122.43443
37.86750 -122.43439
37.86737 -122.43439
37.86725 -122.43445
37.86707 -122.43464
37.86671 -122.43528
37.86660 -122.43565
37.86654 -122.43610
37.86653 -122.43668
37.86655 -122.43701
37.86660 -122.43720
37.86674 -122.43743
37.86689 -122.43760
37.86759 -122.43791
37.86825 -122.43838
37.86844 -122.43854
37.86851 -122.43867
37.86849 -122.43877
37.86840 -122.43888
37.86819 -122.43903
37.86777 -122.43914
37.86737 -122.43929
37.86715 -122.43959
37.86699 -122.43974
37.86681 -122.43983
37.86513 -122.44040
37.86440 -122.44054
37.86339 -122.44094
37.86310 -122.44108
37.86287 -122.44121
37.86268 -122.44147
37.86261 -122.44169
37.86247 -122.44223
37.86234 -122.44295
37.86209 -122.44356
37.86181 -122.44410
37.86163 -122.44457
37.86138 -122.44559
37.86130 -122.44627
37.86125 -122.44637
37.86113 -122.44640
37.86102 -122.44639
37.86093 -122.44635
37.86081 -122.44624
37.86067 -122.44595
37.86057 -122.44552
37.86049 -122.44532
37.86038 -122.44479
37.86013 -122.44431
37.85996 -122.44406
37.85977 -122.44388
37.85868 -122.44260
37.85841 -122.44241
37.85824 -122.44233
37.85803 -122.44236
37.85790 -122.44243
37.85753 -122.44276
37.85733 -122.44281
37.85718 -122.44278
37.85704 -122.44268
37.85684 -122.44257
37.85654 -122.44248
37.85621 -122.44233
37.85602 -122.44206
37.85589 -122.44171
37.85579 -122.44150
37.85566 -122.44130
37.85531 -122.44091
37.85528 -122.44081
37.85528 -122.44060
37.85535 -122.44037
37.85541 -122.44022
37.85549 -122.44010
37.85556 -122.43989
37.85558 -122.43963
37.85549 -122.43924
37.85539 -122.43896
37.85480 -122.43796
37.85447 -122.43725
37.85408 -122.43663
37.85395 -122.43600
37.85384 -122.43533
37.85367 -122.43493
37.85361 -122.43468
37.85369 -122.43392
37.85380 -122.43358
37.85389 -122.43342
37.85434 -122.43294
37.85454 -122.43256
37.85483 -122.43183
37.85518 -122.43113
37.85552 -122.43082
37.85558 -122.43072
37.85558 -122.43046
37.85547 -122.42943
37.85551 -122.42910
37.85545 -122.42879
37.85503 -122.42742
37.85494 -122.42705
37.85482 -122.42620
37.85484 -122.42561
37.85468 -122.42485
37.85460 -122.42468
37.85458 -122.42442
37.85459 -122.42414
37.85449 -122.42333
37.85440 -122.42287
37.85408 -122.42193
37.85363 -122.42101
37.85328 -122.42048
37.85262 -122.41963
37.85253 -122.41939
37.85248 -122.41898
37.85253 -122.41887
37.85254 -122.41869
37.85254 -122.41867
37.85317 -122.41876
37.85343 -122.41880
37.85373 -122.41902
37.85388 -122.41919
37.85436 -122.41965
37.85456 -122.41976
37.85486 -122.41984
37.85530 -122.41987
37.85589 -122.41985
37.85629 -122.41980
37.85653 -122.41972
37.85667 -122.41974
37.85711 -122.42015
37.85804 -122.42064
37.85850 -122.42104
37.85871 -122.42112
37.85893 -122.42112
37.85911 -122.42106
37.86043 -122.42012
37.86046 -122.42006
37.86045 -122.41999
37.86031 -122.41991
37.86032 -122.41988
37.86035 -122.41972
37.86215 -122.41872
37.86343 -122.42039
37.86344 -122.42040
37.86332 -122.42051
37.86329 -122.42106
37.86337 -122.42126
37.86351 -122.42148
37.86365 -122.42165
37.86386 -122.42182
37.86410 -122.42190
37.86486 -122.42198
37.86555 -122.42198
37.86597 -122.42194
37.86641 -122.42207
37.86675 -122.42232
37.86690 -122.42246
37.86785 -122.42293
37.86840 -122.42311
37.86902 -122.42323
37.86925 -122.42334
37.86958 -122.42351
37.87009 -122.42385
37.87037 -122.42408
37.87053 -122.42436
37.87063 -122.42458
37.87068 -122.42505
37.87045 -122.42586
37.87045 -122.42626
