CA_Climate_Zone_13
37.37153 -119.62391
37.39681 -119.70701
37.41714 -119.70971
37.41735 -119.75163
37.41736 -119.75211
37.41743 -119.76211
37.22475 -120.00101
37.18282 -120.05371
37.18018 -120.05921
37.17972 -120.06151
37.17771 -120.06521
37.17769 -120.07091
37.17718 -120.07411
37.17622 -120.07751
37.17451 -120.08091
37.17348 -120.08491
37.17306 -120.09161
37.17166 -120.09911
37.16618 -120.10731
37.16622 -120.10921
37.16752 -120.11041
37.16675 -120.11471
37.16604 -120.11531
37.16571 -120.11951
37.16621 -120.12641
37.16742 -120.13271
37.16620 -120.13391
37.16410 -120.14151
37.16422 -120.14541
37.16382 -120.14651
37.16610 -120.15311
37.16549 -120.15721
37.16354 -120.16171
37.16284 -120.16461
37.16428 -120.16861
37.16605 -120.17021
37.16598 -120.17401
37.16505 -120.17531
37.16212 -120.17661
37.16159 -120.18131
37.16180 -120.18561
37.16031 -120.18781
37.16324 -120.19491
37.16331 -120.19831
37.16281 -120.20211
37.16437 -120.20881
37.16443 -120.21381
37.16235 -120.21941
37.16400 -120.22311
37.16353 -120.22731
37.16185 -120.23051
37.15990 -120.23251
37.15882 -120.23611
37.15832 -120.24141
37.15703 -120.24411
37.15706 -120.24541
37.15802 -120.24811
37.15802 -120.25031
37.15496 -120.26391
37.15397 -120.27171
37.15293 -120.27361
37.15226 -120.27681
37.15309 -120.28201
37.15270 -120.28551
37.15317 -120.28971
37.15110 -120.29391
37.14790 -120.29831
37.14447 -120.30191
37.14137 -120.30411
37.14094 -120.30511
37.14119 -120.31101
37.13887 -120.31381
37.13779 -120.31601
37.13783 -120.31801
37.13652 -120.32221
37.13636 -120.32451
37.13403 -120.32841
37.13195 -120.32881
37.13116 -120.32831
37.13059 -120.33101
37.12831 -120.33351
37.12814 -120.33511
37.12712 -120.33601
37.12629 -120.33991
37.12461 -120.34121
37.12387 -120.34491
37.12384 -120.34871
37.12270 -120.34971
37.12343 -120.35201
37.12351 -120.35401
37.12261 -120.35561
37.12266 -120.35741
37.12200 -120.35831
37.12076 -120.35831
37.12089 -120.36161
37.12062 -120.36281
37.11987 -120.36331
37.12031 -120.36431
37.12017 -120.36561
37.12120 -120.36741
37.12137 -120.37221
37.12233 -120.37441
37.12291 -120.37771
37.12441 -120.37941
37.12457 -120.38491
37.12350 -120.38591
37.12279 -120.38571
37.12220 -120.38751
37.12063 -120.38881
37.12047 -120.39011
37.12133 -120.39381
37.11877 -120.39521
37.11769 -120.40151
37.11652 -120.40241
37.11591 -120.40381
37.11400 -120.40401
37.11300 -120.40571
37.11220 -120.40631
37.11096 -120.40561
37.11041 -120.40601
37.11124 -120.40781
37.11118 -120.41051
37.11046 -120.41181
37.11058 -120.41451
37.10899 -120.41531
37.10834 -120.41711
37.10981 -120.42041
37.10976 -120.42121
37.10746 -120.42471
37.10720 -120.42691
37.10636 -120.42711
37.10574 -120.42851
37.10552 -120.43301
37.10490 -120.43361
37.10408 -120.44131
37.10312 -120.44401
37.10202 -120.44441
37.10089 -120.44971
37.09934 -120.45221
37.10021 -120.45571
37.09885 -120.45741
37.09870 -120.46321
37.09769 -120.46561
37.09427 -120.47001
37.09468 -120.47151
37.09412 -120.47241
37.09649 -120.47681
37.04429 -120.54191
36.99996 -120.59711
36.74042 -120.91931
36.48809 -120.60371
36.48809 -120.59721
36.32854 -120.59671
36.32812 -120.60061
36.32415 -120.60501
36.32431 -120.61251
36.32146 -120.61221
36.32031 -120.61341
36.31877 -120.61801
36.31988 -120.62001
36.31850 -120.62601
36.31689 -120.63071
36.31829 -120.63261
36.31908 -120.64431
36.31707 -120.64611
36.31628 -120.65871
36.31173 -120.66601
36.30578 -120.67021
36.30269 -120.67611
36.29805 -120.67821
36.29441 -120.68291
36.29030 -120.68051
36.28664 -120.68281
36.28241 -120.67391
36.28062 -120.67261
36.27701 -120.67621
36.27264 -120.67421
36.26735 -120.67831
36.26707 -120.68041
36.26570 -120.68021
36.26187 -120.67501
36.25755 -120.67301
36.25553 -120.67451
36.25407 -120.68001
36.25126 -120.68181
36.24996 -120.68111
36.24483 -120.67761
36.24229 -120.67101
36.23563 -120.66641
36.23584 -120.66311
36.23407 -120.65641
36.23199 -120.65551
36.23081 -120.65141
36.22748 -120.65091
36.22407 -120.64901
36.22280 -120.64641
36.22151 -120.64681
36.22032 -120.64101
36.21490 -120.63831
36.21291 -120.63451
36.20333 -120.62671
36.19868 -120.63281
36.19712 -120.63881
36.19405 -120.63891
36.19200 -120.64121
36.18995 -120.64061
36.18799 -120.64281
36.18579 -120.64251
36.18364 -120.64501
36.17928 -120.64471
36.17936 -120.64901
36.17759 -120.64871
36.17722 -120.65021
36.17296 -120.65241
36.17166 -120.65111
36.16908 -120.64931
36.16799 -120.65031
36.16761 -120.65411
36.17117 -120.66321
36.16597 -120.66401
36.16578 -120.66811
36.16352 -120.67221
36.16165 -120.67061
36.16100 -120.66791
36.15216 -120.66581
36.14985 -120.66671
36.14726 -120.66481
36.14152 -120.66431
36.13798 -120.66751
36.13705 -120.66351
36.13281 -120.65681
36.12496 -120.65271
36.12167 -120.65411
36.11752 -120.65231
36.11684 -120.65071
36.11782 -120.64911
36.11650 -120.64591
36.11330 -120.64641
36.11238 -120.64531
36.10828 -120.64841
36.10560 -120.64671
36.10124 -120.64091
36.10221 -120.63841
36.10125 -120.63501
36.10272 -120.63361
36.10230 -120.63201
36.09759 -120.62601
36.09799 -120.62351
36.09517 -120.61461
36.09613 -120.61171
36.09922 -120.61181
36.09956 -120.60911
36.10268 -120.60791
36.10147 -120.60001
36.08969 -120.58971
36.08810 -120.59301
36.08603 -120.59221
36.08514 -120.59411
36.07893 -120.59601
36.07406 -120.59221
36.07136 -120.59211
36.06898 -120.58841
36.06680 -120.58821
36.06610 -120.58451
36.06273 -120.58131
36.06062 -120.57641
36.05440 -120.56831
36.05298 -120.56671
36.05293 -120.56481
36.05181 -120.56321
36.05147 -120.56091
36.04984 -120.55891
36.05029 -120.55651
36.04957 -120.55191
36.04765 -120.55081
36.04741 -120.54801
36.04627 -120.54651
36.04621 -120.54551
36.04494 -120.54401
36.04340 -120.54321
36.04181 -120.54361
36.04020 -120.54331
36.03918 -120.54201
36.03674 -120.54051
36.03600 -120.53861
36.03619 -120.53641
36.03508 -120.53531
36.03553 -120.53471
36.03507 -120.53301
36.03545 -120.53071
36.03434 -120.52931
36.03595 -120.52781
36.03579 -120.52711
36.03433 -120.52731
36.03269 -120.52901
36.02973 -120.52931
36.02912 -120.52991
36.02632 -120.52921
36.02437 -120.52991
36.02286 -120.52621
36.02319 -120.52251
36.02193 -120.52171
36.02092 -120.52011
36.02237 -120.51901
36.02383 -120.51991
36.02589 -120.51941
36.02680 -120.51981
36.02745 -120.51921
36.02769 -120.51791
36.02577 -120.51471
36.02576 -120.51321
36.02381 -120.51341
36.02203 -120.51071
36.02370 -120.50961
36.02431 -120.50801
36.02325 -120.50731
36.02224 -120.50761
36.02167 -120.50851
36.02168 -120.50501
36.02048 -120.50481
36.02056 -120.50261
36.02247 -120.50221
36.02225 -120.50071
36.02068 -120.50001
36.01873 -120.49541
36.01641 -120.49361
36.01481 -120.48831
36.01353 -120.48861
36.01111 -120.48631
36.01204 -120.48331
36.01138 -120.48061
36.00946 -120.47851
36.00580 -120.48061
36.00418 -120.47841
36.00077 -120.47761
35.99996 -120.47501
35.99427 -120.46841
35.99275 -120.46401
35.99338 -120.45991
35.98951 -120.45371
35.98842 -120.44971
35.98512 -120.44921
35.97732 -120.43781
35.97162 -120.43661
35.96946 -120.43491
35.96891 -120.43191
35.97385 -120.42231
35.97588 -120.40931
35.97408 -120.40701
35.97029 -120.39661
35.96784 -120.39391
35.96914 -120.38901
35.96860 -120.38481
35.96626 -120.37281
35.96638 -120.36851
35.96549 -120.36601
35.96520 -120.36241
35.96417 -120.36011
35.96327 -120.35991
35.95944 -120.36251
35.95832 -120.35951
35.95591 -120.35791
35.95214 -120.35761
35.94804 -120.35661
35.94781 -120.35581
35.94602 -120.35421
35.94407 -120.35041
35.94486 -120.34671
35.94461 -120.34571
35.93874 -120.34021
35.93721 -120.33611
35.93584 -120.33701
35.93182 -120.33701
35.92953 -120.33631
35.92855 -120.33521
35.92628 -120.33681
35.92360 -120.33691
35.92005 -120.33331
35.91796 -120.33201
35.91673 -120.33271
35.91516 -120.33211
35.91327 -120.32981
35.91298 -120.32621
35.90958 -120.32491
35.90794 -120.32331
35.90668 -120.31881
35.90716 -120.31511
35.90770 -120.29771
35.90556 -120.28691
35.90667 -120.27761
35.89839 -120.26771
35.89607 -120.26271
35.88922 -120.25661
35.88381 -120.24871
35.87755 -120.24321
35.87452 -120.24371
35.87309 -120.24531
35.86982 -120.24411
35.86586 -120.24021
35.86391 -120.24651
35.86173 -120.24861
35.86017 -120.24861
35.85915 -120.25081
35.85748 -120.25101
35.85622 -120.25351
35.85547 -120.25641
35.85322 -120.25511
35.85259 -120.25571
35.85205 -120.25771
35.85141 -120.25711
35.84491 -120.25921
35.84399 -120.25841
35.84262 -120.25531
35.84060 -120.25471
35.83640 -120.25211
35.83463 -120.25191
35.83308 -120.25041
35.82873 -120.24941
35.82685 -120.24771
35.82603 -120.24581
35.82404 -120.24491
35.82320 -120.24261
35.82558 -120.23881
35.82327 -120.23481
35.82294 -120.23101
35.82099 -120.22971
35.82127 -120.22631
35.81957 -120.22101
35.81869 -120.21981
35.81392 -120.21791
35.81092 -120.21781
35.80689 -120.21951
35.80582 -120.21941
35.80362 -120.21661
35.80285 -120.21671
35.80198 -120.21781
35.80095 -120.21651
35.79800 -120.21561
35.79671 -120.21621
35.79498 -120.21481
35.79351 -120.21491
35.79203 -120.21601
35.79005 -120.21581
35.78904 -120.21391
35.78898 -120.19421
35.61438 -120.19391
35.61437 -120.08601
35.52639 -120.08671
35.52644 -120.06871
35.51294 -120.06911
35.51294 -120.05111
35.49824 -120.05091
35.49827 -120.03311
35.48347 -120.03311
35.48340 -120.01431
35.46886 -120.01531
35.46877 -119.99731
35.43957 -119.99731
35.43926 -119.88011
35.35114 -119.88021
35.35085 -119.80921
35.26348 -119.80941
35.26251 -119.66661
35.17483 -119.66711
35.18011 -119.57121
35.17997 -119.55381
35.08770 -119.56101
35.09170 -119.49061
35.07732 -119.49061
35.07704 -119.47261
34.99923 -119.47271
34.90134 -119.47271
34.90101 -119.44561
34.90095 -119.44232
34.90095 -119.44231
34.90068 -119.42841
34.90084 -119.38321
34.89883 -119.35461
34.89968 -119.32341
34.90034 -119.28891
34.90075 -119.25631
34.90050 -119.20241
34.90028 -119.16431
34.90407 -119.16451
34.90401 -119.13621
34.90323 -119.10311
34.90445 -119.07991
34.90585 -119.06561
34.89494 -119.06501
34.89653 -118.99951
34.89597 -118.97791
34.88887 -118.97641
34.88896 -118.97111
34.88195 -118.97111
34.88342 -118.95901
34.86757 -118.95891
34.86578 -118.95571
34.86686 -118.95291
34.86473 -118.94951
34.86445 -118.94581
34.86522 -118.94101
34.87614 -118.94101
34.87501 -118.93291
34.88305 -118.93261
34.88298 -118.90181
34.88744 -118.91011
34.89079 -118.91621
34.89566 -118.92051
34.90703 -118.92101
34.91191 -118.91721
34.91457 -118.91671
34.91678 -118.91471
34.92032 -118.90901
34.92096 -118.90491
34.92197 -118.89921
34.92146 -118.89551
34.92100 -118.88811
34.92116 -118.88521
34.91700 -118.87951
34.91454 -118.87571
34.91360 -118.86981
34.91217 -118.86521
34.91008 -118.85941
34.91203 -118.85961
34.91652 -118.85961
34.91746 -118.85821
34.91360 -118.85521
34.91570 -118.85311
34.91528 -118.85031
34.91626 -118.84681
34.91448 -118.84281
34.91351 -118.83861
34.91117 -118.83401
34.91004 -118.83291
34.90849 -118.82921
34.90360 -118.82611
34.90560 -118.82291
34.90421 -118.81661
34.90251 -118.81491
34.90279 -118.81141
34.90136 -118.80751
34.89659 -118.80421
34.89487 -118.80361
34.89696 -118.80251
34.89532 -118.79701
34.89605 -118.79441
34.89919 -118.79211
34.90034 -118.79151
34.90353 -118.79311
34.90413 -118.79901
34.90947 -118.80321
34.91037 -118.81141
34.91154 -118.81741
34.91322 -118.82031
34.91539 -118.82161
34.91838 -118.82141
34.92146 -118.82251
34.92311 -118.82021
34.92588 -118.81901
34.92788 -118.81611
34.93329 -118.81541
34.93372 -118.80981
34.93295 -118.80771
34.93700 -118.80541
34.93567 -118.80241
34.93880 -118.80041
34.94069 -118.79741
34.94061 -118.79501
34.94260 -118.79281
34.94024 -118.78941
34.94649 -118.78621
34.95157 -118.78431
34.94601 -118.77951
34.94699 -118.77601
34.95077 -118.77661
34.94609 -118.76711
34.94303 -118.75651
34.94263 -118.75221
34.94513 -118.74691
34.94949 -118.75471
34.95060 -118.75751
34.95171 -118.75961
34.95486 -118.76391
34.95781 -118.76661
34.96145 -118.76911
34.96617 -118.76831
34.97169 -118.76761
34.97486 -118.76291
34.97458 -118.75911
34.97838 -118.75821
34.98066 -118.75201
34.97953 -118.74291
34.98195 -118.72711
34.98384 -118.72301
34.98158 -118.72041
34.98520 -118.71631
34.98302 -118.70891
34.98722 -118.71221
34.99030 -118.70541
34.98915 -118.69781
34.98925 -118.69041
34.98563 -118.68711
34.98233 -118.68431
34.97787 -118.68321
34.97463 -118.68190
34.97319 -118.68131
34.97480 -118.68091
34.98124 -118.68061
34.98352 -118.67341
34.98223 -118.66741
34.98320 -118.66381
34.98819 -118.66811
34.99136 -118.67941
34.99304 -118.68271
34.99575 -118.67811
34.99685 -118.68181
34.99666 -118.68681
34.99865 -118.69231
35.00276 -118.68581
35.00584 -118.67911
35.00720 -118.67261
35.01099 -118.67271
35.01295 -118.67231
35.01459 -118.66991
35.01695 -118.67331
35.01986 -118.67071
35.02342 -118.67071
35.02484 -118.66761
35.02662 -118.66391
35.02679 -118.65191
35.02426 -118.64391
35.02367 -118.63631
35.02256 -118.63321
35.02857 -118.63111
35.03205 -118.62851
35.03603 -118.63111
35.03766 -118.63811
35.04083 -118.64171
35.04202 -118.64671
35.05021 -118.66041
35.05199 -118.66511
35.05342 -118.66931
35.05500 -118.67151
35.05759 -118.67491
35.06079 -118.67631
35.07053 -118.68611
35.07449 -118.68991
35.07753 -118.69391
35.08275 -118.69891
35.08532 -118.70401
35.09122 -118.71701
35.10078 -118.75461
35.10988 -118.78341
35.18326 -118.74661
35.23579 -118.67911
35.26571 -118.64211
35.27807 -118.62811
35.28568 -118.63511
35.28861 -118.63881
35.29219 -118.63731
35.29502 -118.64911
35.30148 -118.65501
35.31179 -118.66531
35.32468 -118.68011
35.34154 -118.69851
35.38668 -118.69851
35.43251 -118.69841
35.43780 -118.69811
35.44052 -118.70081
35.44025 -118.76861
35.44040 -118.79731
35.48785 -118.79641
35.55457 -118.79831
35.61433 -118.79641
35.66774 -118.79691
35.71474 -118.79621
35.78976 -118.79281
35.78971 -118.63671
35.80098 -118.63731
35.80130 -118.64211
35.80704 -118.64121
35.80731 -118.63061
35.81652 -118.63101
35.81515 -118.63761
35.81621 -118.64561
35.82359 -118.64631
35.82244 -118.65271
35.84386 -118.65271
35.84284 -118.67321
35.95375 -118.67501
35.95369 -118.69141
35.96567 -118.69161
35.96541 -118.67721
35.97274 -118.67501
35.97829 -118.68251
35.97777 -118.69221
35.97361 -118.73071
35.97037 -118.76261
35.97249 -118.76561
35.98336 -118.78151
35.98942 -118.79291
35.98408 -118.80431
35.98402 -118.81411
36.00555 -118.81391
36.04251 -118.81431
36.05517 -118.81381
36.05588 -118.80131
36.06086 -118.78271
36.06478 -118.77611
36.06902 -118.76151
36.09169 -118.74091
36.08985 -118.76751
36.12638 -118.76961
36.12652 -118.75751
36.13988 -118.75821
36.14056 -118.78401
36.16974 -118.78011
36.16918 -118.75421
36.20436 -118.75161
36.20553 -118.75951
36.28479 -118.75561
36.28552 -118.77091
36.28049 -118.77291
36.28129 -118.77941
36.28914 -118.78031
36.28906 -118.78951
36.28515 -118.78961
36.28450 -118.82611
36.29314 -118.82621
36.29341 -118.84891
36.29966 -118.84411
36.31632 -118.84221
36.31743 -118.81201
36.33095 -118.80821
36.32945 -118.79491
36.32351 -118.79091
36.32574 -118.78661
36.32713 -118.78021
36.32833 -118.76961
36.40422 -118.76421
36.49006 -118.76161
36.49237 -118.87701
36.55204 -118.87871
36.55181 -118.89281
36.55392 -118.89471
36.55688 -118.89291
36.55896 -118.89331
36.56326 -118.89551
36.56642 -118.89901
36.56879 -118.89561
36.57773 -118.89311
36.57992 -118.89371
36.58267 -118.89261
36.58579 -118.89321
36.59347 -118.89841
36.59701 -118.90331
36.60313 -118.91161
36.59939 -118.91561
36.61877 -118.90351
36.61854 -118.92481
36.63067 -118.92701
36.63020 -118.96261
36.66104 -118.96141
36.66068 -118.98191
36.68269 -118.98311
36.68297 -118.99351
36.68174 -119.00331
36.68306 -119.00671
36.68849 -119.00781
36.68917 -119.01481
36.71671 -119.01571
36.72558 -119.01621
36.72571 -119.02491
36.73137 -119.02601
36.73254 -119.03451
36.74011 -119.03291
36.74035 -119.04061
36.74676 -119.04571
36.74887 -119.05601
36.74495 -119.05541
36.74325 -119.05731
36.74845 -119.06581
36.75049 -119.07171
36.75131 -119.07991
36.75619 -119.09081
36.76418 -119.10151
36.76430 -119.10951
36.76400 -119.11281
36.76335 -119.12321
36.76775 -119.12531
36.77064 -119.12581
36.77729 -119.12351
36.77785 -119.13891
36.78453 -119.13891
36.84268 -119.13851
36.84614 -119.13901
36.84905 -119.14151
36.84960 -119.15521
36.84849 -119.16581
36.84626 -119.17141
36.84500 -119.17961
36.84260 -119.18131
36.83941 -119.31051
36.92622 -119.30891
36.98360 -119.31061
36.98347 -119.34501
36.99777 -119.34671
36.99717 -119.36281
37.00433 -119.36441
37.01259 -119.37131
37.01308 -119.38191
37.02762 -119.38461
37.02735 -119.41821
37.04187 -119.41921
37.04116 -119.42711
37.04772 -119.42721
37.04888 -119.43651
37.05590 -119.43671
37.05567 -119.44651
37.07071 -119.45191
37.06971 -119.47431
37.10057 -119.47361
37.09977 -119.51351
37.12429 -119.51271
37.12468 -119.51671
37.14741 -119.52031
37.18742 -119.52421
37.21379 -119.52371
37.21267 -119.52631
37.21181 -119.53211
37.20864 -119.53631
37.21331 -119.54241
37.21501 -119.55051
37.21005 -119.55951
37.25600 -119.55951
37.25759 -119.65351
37.28224 -119.65381
37.28166 -119.63091
37.27439 -119.62941
37.27454 -119.61151
37.28607 -119.61301
37.28734 -119.62381
37.29598 -119.62391
37.29696 -119.59751
37.31537 -119.59551
37.31456 -119.58491
37.33230 -119.58561
37.33198 -119.59831
37.36251 -119.59871
37.36249 -119.61851
37.37153 -119.62391
