CA_Climate_Zone_02
41.37891 -123.49821
41.38043 -123.50051
41.38243 -123.49931
41.38201 -123.66121
41.38036 -123.77031
41.37950 -123.77251
41.37511 -123.77181
41.34241 -123.77081
41.31382 -123.77111
41.28905 -123.76951
41.28362 -123.77081
41.28319 -123.77481
41.23291 -123.77461
41.21350 -123.77471
41.20464 -123.77581
41.20046 -123.77771
41.19640 -123.77991
41.17619 -123.78021
41.15954 -123.77981
41.15971 -123.77731
41.14145 -123.77751
41.10814 -123.77811
41.09563 -123.77821
41.07518 -123.77841
41.04632 -123.77501
41.01530 -123.77551
40.99108 -123.77521
40.98271 -123.77491
40.97616 -123.77501
40.95743 -123.77561
40.94628 -123.77601
40.93514 -123.77621
40.93459 -123.77511
40.91264 -123.77611
40.89150 -123.77651
40.86612 -123.77651
40.84808 -123.77731
40.84749 -123.77821
40.82394 -123.77871
40.79154 -123.77911
40.76901 -123.78051
40.76476 -123.78041
40.76246 -123.78081
40.76064 -123.77991
40.76088 -123.83311
40.76037 -123.89311
40.72249 -123.89241
40.70563 -123.89181
40.69448 -123.89211
40.68129 -123.89161
40.67304 -123.89051
40.64559 -123.89081
40.61691 -123.88941
40.59220 -123.89041
40.58646 -123.89031
40.56727 -123.89091
40.54855 -123.89111
40.52342 -123.89011
40.51034 -123.88981
40.50026 -123.88851
40.46146 -123.88791
40.43194 -123.88781
40.41253 -123.88811
40.41239 -123.88951
40.36772 -123.88921
40.33730 -123.88851
40.32329 -123.88861
40.32326 -123.89011
40.30765 -123.88931
40.29748 -123.89251
40.26074 -123.89201
40.23756 -123.89131
40.21173 -123.89071
40.19485 -123.89051
40.18476 -123.89001
40.14939 -123.88951
40.13148 -123.90021
40.10239 -123.90161
40.09474 -123.89951
40.07279 -123.89481
40.05901 -123.89471
40.05844 -123.88441
40.04144 -123.88471
40.02006 -123.88551
39.99937 -123.88561
39.96610 -123.88371
39.96720 -123.79691
39.96020 -123.79661
39.92953 -123.79681
39.89415 -123.79721
39.88358 -123.79711
39.87447 -123.67881
39.84449 -123.67861
39.81475 -123.67881
39.79465 -123.67901
39.79365 -123.68811
39.78990 -123.68731
39.78971 -123.64511
39.78962 -123.58571
39.77044 -123.58601
39.74780 -123.58661
39.71391 -123.58711
39.70289 -123.58671
39.67636 -123.58681
39.66496 -123.58791
39.62123 -123.58661
39.62025 -123.57801
39.57833 -123.57791
39.53781 -123.57721
39.53632 -123.57711
39.47799 -123.57641
39.45182 -123.57551
39.45162 -123.58561
39.40062 -123.58581
39.37858 -123.58521
39.36743 -123.58591
39.36462 -123.57661
39.36378 -123.49531
39.36246 -123.47361
39.31618 -123.47391
39.31215 -123.47411
39.30341 -123.47441
39.27963 -123.47511
39.26187 -123.47311
39.24688 -123.47551
39.22918 -123.47651
39.22120 -123.47351
39.19237 -123.47371
39.19221 -123.52471
39.19220 -123.56031
39.17096 -123.56601
39.16349 -123.56621
39.14832 -123.56671
39.11959 -123.56751
39.10913 -123.56791
39.10829 -123.57601
39.02964 -123.57431
39.02320 -123.57511
39.02268 -123.53041
39.02197 -123.45281
38.99863 -123.45421
38.96975 -123.45671
38.93788 -123.45981
38.94023 -123.47561
38.92243 -123.47501
38.90740 -123.47461
38.87199 -123.47611
38.85063 -123.47591
38.83753 -123.47631
38.83701 -123.45491
38.83647 -123.41601
38.83537 -123.36701
38.82483 -123.36691
38.80650 -123.36781
38.77718 -123.36821
38.75322 -123.36131
38.57526 -123.11761
38.58044 -123.01251
38.45320 -123.01081
38.45328 -122.99331
38.39208 -122.99261
38.39194 -122.92211
38.32561 -122.92281
38.32552 -122.92301
38.32072 -122.93361
38.31304 -122.93751
38.31399 -122.93431
38.31282 -122.93411
38.31137 -122.93681
38.30961 -122.93561
38.31163 -122.93271
38.31274 -122.92581
38.30839 -122.92211
38.31025 -122.91801
38.31277 -122.91661
38.31678 -122.92111
38.31790 -122.91811
38.32034 -122.91581
38.32075 -122.90841
38.31977 -122.90661
38.31740 -122.91071
38.31437 -122.90951
38.31678 -122.89991
38.31433 -122.89821
38.29936 -122.87611
38.25162 -122.80691
38.08372 -122.74841
37.93835 -122.58901
37.93830 -122.57771
37.93732 -122.56691
37.93680 -122.55501
37.93578 -122.53581
37.93526 -122.52511
37.93477 -122.52031
37.93332 -122.51251
37.93140 -122.50661
37.93046 -122.50306
37.93087 -122.50303
37.93117 -122.50308
37.93132 -122.50313
37.93154 -122.50327
37.93181 -122.50430
37.93192 -122.50446
37.93208 -122.50454
37.93223 -122.50458
37.93305 -122.50453
37.93317 -122.50458
37.93324 -122.50463
37.93334 -122.50475
37.93358 -122.50496
37.93390 -122.50514
37.93403 -122.50516
37.93489 -122.50509
37.93500 -122.50510
37.93547 -122.50532
37.93557 -122.50541
37.93580 -122.50544
37.93628 -122.50542
37.93672 -122.50554
37.93722 -122.50551
37.93750 -122.50536
37.93756 -122.50536
37.93760 -122.50538
37.93766 -122.50552
37.93776 -122.50555
37.93809 -122.50532
37.93820 -122.50536
37.93826 -122.50541
37.93835 -122.50542
37.93887 -122.50524
37.93929 -122.50529
37.93941 -122.50528
37.93951 -122.50524
37.93965 -122.50501
37.93983 -122.50490
37.93990 -122.50489
37.93996 -122.50493
37.93997 -122.50504
37.94002 -122.50508
37.94191 -122.50283
37.94203 -122.50230
37.94235 -122.50100
37.94200 -122.49976
37.94185 -122.49956
37.94179 -122.49941
37.94166 -122.49883
37.94161 -122.49873
37.94151 -122.49863
37.94139 -122.49855
37.94092 -122.49790
37.94059 -122.49763
37.93965 -122.49718
37.93947 -122.49694
37.93942 -122.49676
37.93940 -122.49636
37.93927 -122.49540
37.93922 -122.49532
37.93897 -122.49505
37.93877 -122.49458
37.93854 -122.49391
37.93842 -122.49335
37.93841 -122.49312
37.93843 -122.49300
37.93846 -122.49293
37.93850 -122.49290
37.93870 -122.49293
37.93884 -122.49293
37.93905 -122.49286
37.93915 -122.49277
37.93918 -122.49265
37.93919 -122.49230
37.93917 -122.49207
37.93912 -122.49202
37.93904 -122.49198
37.93805 -122.49184
37.93799 -122.49179
37.93790 -122.49168
37.93735 -122.49086
37.93731 -122.49076
37.93724 -122.49052
37.93712 -122.48993
37.93701 -122.48905
37.93702 -122.48891
37.93724 -122.48847
37.93753 -122.48811
37.93801 -122.48764
37.93839 -122.48732
37.93853 -122.48722
37.93874 -122.48715
37.93895 -122.48700
37.93926 -122.48672
37.93958 -122.48637
37.93991 -122.48590
37.94002 -122.48562
37.94029 -122.48469
37.94041 -122.48437
37.94049 -122.48420
37.94059 -122.48414
37.94094 -122.48419
37.94101 -122.48413
37.94104 -122.48396
37.94101 -122.48377
37.94054 -122.48298
37.94053 -122.48282
37.94058 -122.48266
37.94061 -122.48262
37.94066 -122.48260
37.94111 -122.48260
37.94129 -122.48251
37.94157 -122.48223
37.94170 -122.48204
37.94217 -122.48100
37.94210 -122.48090
37.94198 -122.48021
37.94193 -122.48007
37.94194 -122.47995
37.94199 -122.47988
37.94206 -122.47988
37.94214 -122.47998
37.94209 -122.48012
37.94223 -122.48065
37.94241 -122.48068
37.94258 -122.48039
37.94264 -122.48024
37.94265 -122.48011
37.94264 -122.47999
37.94248 -122.47914
37.94233 -122.47777
37.94234 -122.47769
37.94259 -122.47761
37.94274 -122.47755
37.94286 -122.47766
37.94296 -122.47781
37.94310 -122.47816
37.94316 -122.47857
37.94320 -122.47872
37.94336 -122.47902
37.94357 -122.47938
37.94434 -122.48016
37.94512 -122.48108
37.94559 -122.48179
37.94571 -122.48201
37.94577 -122.48224
37.94577 -122.48352
37.94581 -122.48368
37.94586 -122.48372
37.94593 -122.48370
37.94607 -122.48358
37.94621 -122.48356
37.94636 -122.48357
37.94654 -122.48372
37.94657 -122.48381
37.94657 -122.48406
37.94651 -122.48465
37.94650 -122.48524
37.94657 -122.48558
37.94657 -122.48627
37.94659 -122.48637
37.94668 -122.48646
37.94847 -122.48717
37.95230 -122.48838
37.95612 -122.48965
37.95633 -122.48975
37.96012 -122.49096
37.96033 -122.49099
37.96054 -122.49094
37.96063 -122.49087
37.96076 -122.49061
37.96085 -122.49022
37.96093 -122.49004
37.96103 -122.48994
37.96115 -122.48987
37.96131 -122.48985
37.96421 -122.48991
37.96498 -122.49019
37.96511 -122.49030
37.97034 -122.48476
37.97048 -122.48476
37.97052 -122.48471
37.97057 -122.48470
37.97114 -122.48473
37.97123 -122.48479
37.97128 -122.48489
37.97148 -122.48552
37.97160 -122.48577
37.97173 -122.48590
37.97193 -122.48600
37.97205 -122.48601
37.97221 -122.48599
37.97231 -122.48594
37.97239 -122.48586
37.97259 -122.48512
37.97260 -122.48495
37.97255 -122.48478
37.97238 -122.48465
37.97201 -122.48444
37.97169 -122.48416
37.97167 -122.48410
37.97169 -122.48404
37.97193 -122.48400
37.97207 -122.48403
37.97244 -122.48423
37.97258 -122.48423
37.97272 -122.48415
37.97285 -122.48393
37.97307 -122.48330
37.97335 -122.48222
37.97345 -122.48167
37.97346 -122.48132
37.97342 -122.48126
37.97333 -122.48119
37.97210 -122.48079
37.97202 -122.48075
37.97198 -122.48065
37.97200 -122.48057
37.97209 -122.48052
37.97231 -122.48049
37.97345 -122.48084
37.97358 -122.48086
37.97365 -122.48084
37.97373 -122.48061
37.97378 -122.48018
37.97374 -122.48001
37.97369 -122.47993
37.97353 -122.47979
37.97273 -122.47938
37.97270 -122.47900
37.97272 -122.47733
37.97270 -122.47722
37.97266 -122.47716
37.97258 -122.47713
37.97241 -122.47712
37.97178 -122.47712
37.97171 -122.47714
37.97163 -122.47721
37.97162 -122.47738
37.97160 -122.48002
37.97152 -122.48135
37.97155 -122.48231
37.97160 -122.48274
37.97161 -122.48352
37.97156 -122.48359
37.97151 -122.48361
37.97141 -122.48355
37.97136 -122.48336
37.97134 -122.48311
37.97137 -122.48130
37.97149 -122.47766
37.97149 -122.47708
37.97154 -122.47689
37.97157 -122.47686
37.97167 -122.47684
37.97229 -122.47686
37.97291 -122.47683
37.97299 -122.47686
37.97308 -122.47693
37.97324 -122.47713
37.97330 -122.47726
37.97365 -122.47852
37.97373 -122.47866
37.97389 -122.47877
37.97393 -122.47883
37.97392 -122.47903
37.97393 -122.47912
37.97422 -122.47973
37.97453 -122.48032
37.97459 -122.48056
37.97465 -122.48137
37.97469 -122.48144
37.97480 -122.48148
37.97490 -122.48150
37.97507 -122.48149
37.97511 -122.48143
37.97513 -122.48135
37.97519 -122.48063
37.97518 -122.48040
37.97499 -122.47961
37.97481 -122.47919
37.97460 -122.47896
37.97446 -122.47889
37.97442 -122.47884
37.97435 -122.47854
37.97424 -122.47824
37.97404 -122.47784
37.97401 -122.47769
37.97392 -122.47749
37.97393 -122.47740
37.97405 -122.47711
37.97407 -122.47702
37.97474 -122.47638
37.97508 -122.47585
37.97512 -122.47569
37.97508 -122.47500
37.97509 -122.47490
37.97514 -122.47481
37.97529 -122.47472
37.97550 -122.47471
37.97569 -122.47491
37.97573 -122.47502
37.97598 -122.47541
37.97619 -122.47560
37.97635 -122.47570
37.97659 -122.47577
37.97670 -122.47571
37.97701 -122.47544
37.97790 -122.47482
37.97813 -122.47481
37.97950 -122.47498
37.97960 -122.47497
37.98050 -122.47440
37.98242 -122.47278
37.98260 -122.47259
37.98279 -122.47228
37.98381 -122.47017
37.98446 -122.46850
37.98474 -122.46774
37.98482 -122.46738
37.98494 -122.46638
37.98494 -122.46599
37.98485 -122.46570
37.98468 -122.46546
37.98445 -122.46529
37.98418 -122.46523
37.98406 -122.46510
37.98386 -122.46496
37.98379 -122.46481
37.98352 -122.46434
37.98333 -122.46413
37.98325 -122.46408
37.98298 -122.46402
37.98284 -122.46402
37.98267 -122.46405
37.98253 -122.46415
37.98240 -122.46413
37.98225 -122.46398
37.98205 -122.46369
37.98191 -122.46354
37.98179 -122.46337
37.98161 -122.46302
37.98155 -122.46282
37.98133 -122.46154
37.98100 -122.46059
37.98093 -122.46033
37.98082 -122.45962
37.98056 -122.45846
37.98046 -122.45819
37.98044 -122.45803
37.98043 -122.45742
37.98039 -122.45727
37.98028 -122.45705
37.98020 -122.45597
37.98022 -122.45590
37.98028 -122.45584
37.98057 -122.45568
37.98086 -122.45542
37.98107 -122.45509
37.98166 -122.45435
37.98185 -122.45403
37.98220 -122.45313
37.98239 -122.45273
37.98280 -122.45113
37.98329 -122.44975
37.98352 -122.44948
37.98391 -122.44924
37.98408 -122.44910
37.98448 -122.44865
37.98512 -122.44771
37.98558 -122.44708
37.98567 -122.44706
37.98584 -122.44708
37.98622 -122.44731
37.98698 -122.44754
37.98852 -122.44784
37.98892 -122.44799
37.98903 -122.44806
37.98913 -122.44844
37.98924 -122.44865
37.98932 -122.44880
37.98967 -122.44923
37.99038 -122.44970
37.99066 -122.44983
37.99135 -122.45008
37.99189 -122.45036
37.99226 -122.45066
37.99253 -122.45076
37.99258 -122.45081
37.99260 -122.45088
37.99258 -122.45099
37.99230 -122.45171
37.99230 -122.45178
37.99233 -122.45188
37.99248 -122.45216
37.99285 -122.45259
37.99405 -122.45378
37.99497 -122.45458
37.99595 -122.45525
37.99619 -122.45545
37.99696 -122.45564
37.99705 -122.45570
37.99735 -122.45597
37.99751 -122.45622
37.99779 -122.45685
37.99816 -122.45733
37.99839 -122.45776
37.99846 -122.45795
37.99848 -122.45808
37.99847 -122.45847
37.99849 -122.45869
37.99873 -122.45926
37.99892 -122.45955
37.99999 -122.46053
38.00092 -122.46131
38.00165 -122.46169
38.00174 -122.46170
38.00214 -122.46153
38.00226 -122.46152
38.00235 -122.46156
38.00261 -122.46181
38.00279 -122.46190
38.00331 -122.46196
38.00345 -122.46202
38.00353 -122.46211
38.00357 -122.46230
38.00356 -122.46252
38.00311 -122.46278
38.00291 -122.46295
38.00281 -122.46313
38.00273 -122.46343
38.00272 -122.46371
38.00277 -122.46411
38.00283 -122.46428
38.00301 -122.46450
38.00319 -122.46456
38.00339 -122.46467
38.00358 -122.46505
38.00376 -122.46515
38.00413 -122.46517
38.00421 -122.46524
38.00431 -122.46541
38.00432 -122.46563
38.00429 -122.46587
38.00437 -122.46596
38.00438 -122.46604
38.00418 -122.46640
38.00399 -122.46696
38.00376 -122.46737
38.00346 -122.46759
38.00331 -122.46781
38.00328 -122.46856
38.00331 -122.46907
38.00337 -122.46932
38.00352 -122.46967
38.00371 -122.47001
38.00410 -122.47040
38.00426 -122.47049
38.00433 -122.47051
38.00484 -122.47037
38.00495 -122.47041
38.00500 -122.47048
38.00503 -122.47067
38.00501 -122.47077
38.00491 -122.47095
38.00489 -122.47106
38.00488 -122.47119
38.00491 -122.47139
38.00482 -122.47175
38.00480 -122.47194
38.00481 -122.47212
38.00488 -122.47247
38.00505 -122.47287
38.00519 -122.47306
38.00546 -122.47324
38.00567 -122.47360
38.00585 -122.47370
38.00615 -122.47379
38.00633 -122.47373
38.00645 -122.47367
38.00656 -122.47366
38.00658 -122.47370
38.00658 -122.47375
38.00652 -122.47389
38.00625 -122.47433
38.00622 -122.47444
38.00623 -122.47457
38.00627 -122.47472
38.00650 -122.47515
38.00658 -122.47536
38.00662 -122.47553
38.00662 -122.47571
38.00650 -122.47589
38.00636 -122.47626
38.00631 -122.47675
38.00631 -122.47727
38.00635 -122.47763
38.00648 -122.47820
38.00689 -122.47916
38.00745 -122.48013
38.00763 -122.48059
38.00786 -122.48101
38.00827 -122.48157
38.00858 -122.48210
38.00905 -122.48263
38.00977 -122.48355
38.01197 -122.48572
38.01307 -122.48670
38.01387 -122.48776
38.01420 -122.48837
38.01437 -122.48879
38.01450 -122.48930
38.01454 -122.48963
38.01472 -122.49047
38.01499 -122.49148
38.01504 -122.49176
38.01513 -122.49274
38.01518 -122.49305
38.01537 -122.49360
38.01553 -122.49423
38.01566 -122.49463
38.01571 -122.49490
38.01575 -122.49559
38.01567 -122.49677
38.01559 -122.49761
38.01559 -122.49805
38.01561 -122.49864
38.01586 -122.50080
38.01590 -122.50130
38.01592 -122.50276
38.01596 -122.50318
38.01601 -122.50337
38.01611 -122.50344
38.01622 -122.50344
38.01632 -122.50340
38.01638 -122.50335
38.01646 -122.50319
38.01651 -122.50281
38.01662 -122.50233
38.01702 -122.50093
38.01720 -122.50005
38.01789 -122.49886
38.01884 -122.49773
38.01897 -122.49760
38.01909 -122.49754
38.01919 -122.49752
38.02033 -122.49757
38.02141 -122.49751
38.02217 -122.49739
38.02318 -122.49735
38.02340 -122.49743
38.02363 -122.49761
38.02375 -122.49768
38.02417 -122.49777
38.02450 -122.49794
38.02460 -122.49791
38.02498 -122.49787
38.02518 -122.49787
38.02593 -122.49797
38.02668 -122.49800
38.02692 -122.49806
38.02713 -122.49818
38.02718 -122.49816
38.02731 -122.49803
38.02739 -122.49799
38.02749 -122.49801
38.02784 -122.49824
38.02795 -122.49826
38.02821 -122.49819
38.02837 -122.49818
38.02853 -122.49820
38.02878 -122.49829
38.02913 -122.49833
38.02922 -122.49832
38.02931 -122.49827
38.02957 -122.49803
38.02970 -122.49800
38.02991 -122.49802
38.03000 -122.49806
38.03024 -122.49823
38.03055 -122.49835
38.03124 -122.49838
38.03136 -122.49849
38.03139 -122.49859
38.03142 -122.49862
38.03148 -122.49859
38.03152 -122.49851
38.03168 -122.49792
38.03190 -122.49760
38.03201 -122.49753
38.03215 -122.49751
38.03225 -122.49760
38.03231 -122.49771
38.03239 -122.49800
38.03247 -122.49804
38.03274 -122.49789
38.03279 -122.49780
38.03292 -122.49773
38.03336 -122.49766
38.03395 -122.49761
38.03433 -122.49743
38.03453 -122.49737
38.03481 -122.49737
38.03494 -122.49741
38.03512 -122.49744
38.03532 -122.49744
38.03612 -122.49737
38.03672 -122.49716
38.03726 -122.49702
38.03780 -122.49684
38.03829 -122.49661
38.03874 -122.49647
38.04048 -122.49584
38.04168 -122.49545
38.04235 -122.49519
38.04305 -122.49503
38.04518 -122.49426
38.04562 -122.49407
38.04639 -122.49355
38.04647 -122.49346
38.04653 -122.49324
38.04660 -122.49317
38.04669 -122.49314
38.04702 -122.49326
38.04717 -122.49326
38.04731 -122.49325
38.04748 -122.49319
38.04772 -122.49308
38.04805 -122.49582
38.04810 -122.49780
38.04796 -122.49783
38.04777 -122.49876
38.04782 -122.49886
38.04785 -122.49909
38.04832 -122.49894
38.04842 -122.49852
38.04853 -122.49828
38.04846 -122.49640
38.04833 -122.49531
38.04871 -122.49421
38.04856 -122.49202
38.04865 -122.49194
38.04873 -122.49193
38.04897 -122.49203
38.04939 -122.49233
38.05000 -122.49262
38.05110 -122.49273
38.05192 -122.49248
38.05228 -122.49244
38.05284 -122.49250
38.05318 -122.49247
38.05362 -122.49240
38.05454 -122.49209
38.05531 -122.49199
38.05585 -122.49199
38.05672 -122.49194
38.05701 -122.49189
38.05732 -122.49174
38.05757 -122.49157
38.05830 -122.49103
38.05899 -122.49021
38.05992 -122.48965
38.06064 -122.48931
38.06139 -122.48904
38.06199 -122.48889
38.06289 -122.48850
38.06359 -122.48824
38.06527 -122.48745
38.06720 -122.48667
38.06847 -122.48622
38.07135 -122.48503
38.07253 -122.48464
38.07429 -122.48450
38.07585 -122.48453
38.07986 -122.48481
38.08277 -122.48484
38.08754 -122.48478
38.08980 -122.48464
38.09232 -122.48456
38.09510 -122.48512
38.09650 -122.48570
38.09706 -122.48570
38.09745 -122.48565
38.09849 -122.48514
38.09916 -122.48512
38.10003 -122.48520
38.10025 -122.48531
38.10046 -122.48548
38.10052 -122.48587
38.10053 -122.48657
38.10087 -122.48713
38.10131 -122.48744
38.10259 -122.48772
38.10480 -122.48769
38.10575 -122.48783
38.10625 -122.48814
38.10694 -122.48896
38.10898 -122.48809
38.10898 -122.48809
38.10940 -122.48778
38.10978 -122.48742
38.11232 -122.48330
38.11280 -122.48310
38.11346 -122.48305
38.11428 -122.48061
38.11446 -122.48001
38.11494 -122.47696
38.11517 -122.47434
38.11690 -122.45768
38.11773 -122.45258
38.11780 -122.45177
38.11776 -122.45153
38.11764 -122.45143
38.11759 -122.45135
38.11757 -122.45125
38.11751 -122.45120
38.11722 -122.45117
38.11700 -122.45109
38.11692 -122.45109
38.11687 -122.45112
38.11678 -122.45112
38.11671 -122.45105
38.11670 -122.45101
38.11682 -122.45092
38.11691 -122.45086
38.11710 -122.45083
38.11727 -122.45069
38.11730 -122.45047
38.11727 -122.45038
38.11714 -122.45035
38.11708 -122.45021
38.11708 -122.45013
38.11709 -122.45008
38.11714 -122.45004
38.11746 -122.45005
38.11750 -122.45002
38.11748 -122.44993
38.11739 -122.44981
38.11736 -122.44964
38.11740 -122.44953
38.11761 -122.44932
38.11764 -122.44909
38.11753 -122.44869
38.11732 -122.44827
38.11730 -122.44805
38.11733 -122.44784
38.11730 -122.44762
38.11664 -122.44556
38.11662 -122.44528
38.11674 -122.44468
38.11674 -122.44454
38.11664 -122.44424
38.11662 -122.44404
38.11664 -122.44323
38.11669 -122.44313
38.11701 -122.44303
38.11703 -122.44298
38.11728 -122.44176
38.11757 -122.44112
38.11760 -122.44066
38.11769 -122.44034
38.11774 -122.44021
38.11789 -122.43999
38.11883 -122.43900
38.12011 -122.43814
38.12028 -122.43796
38.12076 -122.43672
38.12119 -122.43528
38.12136 -122.43462
38.12167 -122.43386
38.12236 -122.43254
38.12321 -122.43100
38.12376 -122.43016
38.12415 -122.42975
38.12435 -122.42966
38.12499 -122.42950
38.12522 -122.42934
38.12549 -122.42894
38.12572 -122.42853
38.12577 -122.42837
38.12579 -122.42810
38.12583 -122.42794
38.12596 -122.42779
38.12595 -122.42774
38.12576 -122.42770
38.12572 -122.42767
38.12573 -122.42758
38.12590 -122.42742
38.12602 -122.42742
38.12610 -122.42757
38.12613 -122.42760
38.12621 -122.42760
38.12627 -122.42757
38.12629 -122.42750
38.12625 -122.42738
38.12625 -122.42729
38.12641 -122.42725
38.12647 -122.42720
38.12661 -122.42720
38.12661 -122.42714
38.12647 -122.42710
38.12618 -122.42694
38.12610 -122.42681
38.12608 -122.42672
38.12618 -122.42659
38.12619 -122.42634
38.12621 -122.42624
38.12624 -122.42618
38.12638 -122.42608
38.12660 -122.42585
38.12674 -122.42578
38.12681 -122.42573
38.12683 -122.42565
38.12682 -122.42558
38.12677 -122.42555
38.12656 -122.42557
38.12637 -122.42554
38.12631 -122.42552
38.12633 -122.42545
38.12644 -122.42535
38.12661 -122.42532
38.12676 -122.42532
38.12688 -122.42543
38.12697 -122.42543
38.12704 -122.42535
38.12713 -122.42504
38.12733 -122.42474
38.12754 -122.42434
38.12758 -122.42420
38.12755 -122.42401
38.12746 -122.42372
38.12749 -122.42359
38.12757 -122.42347
38.12779 -122.42345
38.12795 -122.42335
38.12809 -122.42335
38.12814 -122.42332
38.12815 -122.42323
38.12811 -122.42316
38.12801 -122.42307
38.12789 -122.42292
38.12787 -122.42284
38.12800 -122.42272
38.12811 -122.42254
38.12817 -122.42249
38.12830 -122.42248
38.12863 -122.42252
38.12874 -122.42251
38.12876 -122.42245
38.12870 -122.42232
38.12874 -122.42225
38.12907 -122.42219
38.12913 -122.42210
38.12916 -122.42198
38.12923 -122.42185
38.12924 -122.42157
38.12929 -122.42140
38.12928 -122.42128
38.12924 -122.42115
38.12913 -122.42098
38.12918 -122.42087
38.12937 -122.42080
38.12947 -122.42064
38.12948 -122.42043
38.12969 -122.42031
38.12971 -122.41967
38.12967 -122.41946
38.12968 -122.41937
38.12974 -122.41924
38.12987 -122.41908
38.12994 -122.41890
38.13004 -122.41877
38.13031 -122.41804
38.13049 -122.41766
38.13053 -122.41764
38.13062 -122.41766
38.13068 -122.41756
38.13068 -122.41731
38.13071 -122.41728
38.13110 -122.41586
38.13193 -122.41409
38.13238 -122.41291
38.13283 -122.41103
38.13414 -122.40771
38.13516 -122.40551
38.13654 -122.40307
38.13797 -122.40114
38.13925 -122.39999
38.13975 -122.39965
38.14014 -122.39945
38.14099 -122.39928
38.14231 -122.39926
38.14294 -122.39890
38.15216 -122.40471
38.15588 -122.40701
38.15494 -122.20961
38.15486 -122.19531
38.15935 -122.19871
38.16566 -122.19421
38.16834 -122.19761
38.16856 -122.20301
38.17229 -122.20341
38.17286 -122.20901
38.17936 -122.21511
38.18457 -122.21281
38.18861 -122.21561
38.19007 -122.20941
38.19252 -122.21131
38.19643 -122.20581
38.19871 -122.20471
38.20844 -122.20551
38.21157 -122.20201
38.21073 -122.19931
38.21266 -122.19481
38.21384 -122.19391
38.21820 -122.19641
38.22263 -122.19311
38.23271 -122.19701
38.23735 -122.20081
38.24023 -122.20141
38.24091 -122.20401
38.24440 -122.20501
38.24490 -122.20931
38.24991 -122.21201
38.25254 -122.21081
38.25108 -122.20581
38.24908 -122.20341
38.24943 -122.20091
38.25127 -122.19931
38.25098 -122.19481
38.25500 -122.19451
38.25643 -122.19291
38.25883 -122.19741
38.25925 -122.21271
38.26239 -122.21671
38.26631 -122.21611
38.27310 -122.21201
38.27194 -122.21021
38.27289 -122.19751
38.27112 -122.19461
38.27167 -122.18811
38.27576 -122.19101
38.27749 -122.19041
38.28203 -122.19621
38.28430 -122.19651
38.28952 -122.20131
38.29265 -122.20161
38.29339 -122.20361
38.30135 -122.19881
38.30413 -122.20251
38.30818 -122.20111
38.31059 -122.20431
38.31578 -122.20611
38.31578 -122.12611
38.31589 -122.06501
38.31719 -122.06531
38.31838 -122.06841
38.32326 -122.06541
38.32546 -122.06201
38.32970 -122.06141
38.33330 -122.06301
38.33330 -122.06481
38.33460 -122.06591
38.34248 -122.06971
38.34819 -122.07101
38.35108 -122.06971
38.35690 -122.07331
38.36165 -122.07361
38.36372 -122.07781
38.37492 -122.08431
38.38381 -122.08851
38.40053 -122.10621
38.40475 -122.10971
38.40751 -122.10981
38.41237 -122.11511
38.41406 -122.11501
38.41428 -122.11831
38.41866 -122.12011
38.42419 -122.12541
38.42733 -122.12611
38.43555 -122.12671
38.44792 -122.12381
38.47508 -122.11311
38.48179 -122.10911
38.48598 -122.10831
38.49110 -122.10471
38.49508 -122.10731
38.50108 -122.10561
38.50814 -122.10631
38.51013 -122.10371
38.51341 -122.10321
38.51680 -122.10451
38.52141 -122.10971
38.52333 -122.10951
38.52407 -122.11151
38.52688 -122.11281
38.52938 -122.11311
38.53102 -122.11151
38.53408 -122.11501
38.53779 -122.11381
38.56011 -122.12071
38.56396 -122.12301
38.56875 -122.12151
38.57973 -122.12611
38.58756 -122.12711
38.59424 -122.13141
38.60540 -122.13501
38.60992 -122.13791
38.61012 -122.14031
38.61265 -122.14251
38.61607 -122.14351
38.62247 -122.14931
38.62522 -122.14891
38.62501 -122.15151
38.62286 -122.15581
38.61936 -122.15941
38.61806 -122.16401
38.62012 -122.16671
38.62491 -122.16621
38.62997 -122.16841
38.63283 -122.16081
38.63526 -122.15911
38.64197 -122.16441
38.64404 -122.16041
38.64765 -122.16131
38.65567 -122.16671
38.65891 -122.17421
38.65732 -122.18101
38.66379 -122.19031
38.66692 -122.19231
38.66979 -122.19651
38.67775 -122.20201
38.67983 -122.19961
38.68381 -122.19821
38.69047 -122.20121
38.69581 -122.20631
38.69538 -122.20901
38.69622 -122.21051
38.69424 -122.21081
38.69381 -122.21321
38.69572 -122.21911
38.69945 -122.22251
38.70483 -122.22151
38.71038 -122.22411
38.71524 -122.22421
38.72084 -122.22701
38.72128 -122.22431
38.72240 -122.22381
38.72581 -122.22571
38.72722 -122.22511
38.72746 -122.22691
38.72969 -122.22841
38.74039 -122.23381
38.74323 -122.23831
38.74303 -122.23991
38.74874 -122.24281
38.74991 -122.24561
38.75501 -122.24871
38.77312 -122.25181
38.78248 -122.25501
38.78671 -122.25881
38.78926 -122.25831
38.79099 -122.26041
38.79323 -122.26071
38.79673 -122.26431
38.80087 -122.26631
38.80210 -122.26861
38.80932 -122.27311
38.81893 -122.27591
38.82596 -122.28171
38.83900 -122.28681
38.84001 -122.28781
38.83884 -122.29431
38.83967 -122.30181
38.84249 -122.30291
38.83942 -122.31531
38.84375 -122.31921
38.84638 -122.32501
38.84216 -122.33011
38.84347 -122.33471
38.84196 -122.34201
38.83658 -122.34761
38.83600 -122.35081
38.84445 -122.37141
38.84876 -122.37581
38.84952 -122.38041
38.85209 -122.38501
38.85522 -122.38741
38.85742 -122.39121
38.86433 -122.39591
38.86842 -122.39171
38.86960 -122.39511
38.87361 -122.39681
38.87567 -122.40211
38.88001 -122.40671
38.88361 -122.40611
38.88907 -122.41181
38.89146 -122.41211
38.89281 -122.41421
38.89710 -122.41651
38.89771 -122.41991
38.90043 -122.42271
38.90292 -122.42291
38.90675 -122.41641
38.90877 -122.41751
38.91262 -122.41251
38.91797 -122.41071
38.92294 -122.40451
38.92533 -122.40411
38.92405 -122.33981
38.92698 -122.34121
38.92879 -122.35001
38.93574 -122.36381
38.93901 -122.36771
38.93968 -122.37261
38.94214 -122.37611
38.95582 -122.39441
38.95658 -122.39741
38.95588 -122.40181
38.96303 -122.40931
38.96640 -122.40811
38.96824 -122.40931
38.96939 -122.40681
38.97142 -122.40701
38.97828 -122.41691
38.98923 -122.41931
38.99451 -122.41461
38.99737 -122.41571
38.99837 -122.41221
39.00267 -122.41111
39.00466 -122.41251
39.00668 -122.40901
39.00797 -122.40921
39.00997 -122.41131
39.01195 -122.40931
39.01450 -122.41161
39.01734 -122.41031
39.01930 -122.41161
39.02080 -122.41871
39.02067 -122.42591
39.02179 -122.42841
39.02173 -122.43761
39.02405 -122.43931
39.02551 -122.44341
39.03285 -122.45101
39.03440 -122.45511
39.03623 -122.45461
39.03745 -122.45581
39.03881 -122.45841
39.03878 -122.46221
39.04042 -122.46261
39.04280 -122.46721
39.04436 -122.46861
39.04770 -122.46531
39.04883 -122.46561
39.05296 -122.48101
39.05300 -122.49011
39.05453 -122.49291
39.05945 -122.49241
39.06222 -122.48951
39.06497 -122.49141
39.06702 -122.48411
39.06919 -122.48681
39.06912 -122.48861
39.07147 -122.48851
39.07396 -122.49051
39.07722 -122.49051
39.08348 -122.48621
39.08960 -122.48841
39.09250 -122.48751
39.09901 -122.48911
39.10463 -122.49471
39.10983 -122.49611
39.11505 -122.49471
39.11586 -122.49681
39.12087 -122.50071
39.12454 -122.50071
39.12718 -122.49721
39.13409 -122.49701
39.13489 -122.49511
39.13952 -122.49631
39.14040 -122.49661
39.13902 -122.49201
39.14178 -122.48661
39.13977 -122.48301
39.13968 -122.47961
39.14157 -122.47651
39.14316 -122.47681
39.14489 -122.47461
39.14971 -122.47851
39.15241 -122.48281
39.15444 -122.47891
39.15579 -122.48021
39.15730 -122.47911
39.15938 -122.48131
39.16323 -122.48261
39.16661 -122.47751
39.17068 -122.47511
39.17427 -122.47771
39.17612 -122.48871
39.17538 -122.49181
39.17824 -122.49441
39.18180 -122.49311
39.18384 -122.49331
39.18613 -122.49631
39.18801 -122.49571
39.19134 -122.50001
39.18955 -122.50111
39.19083 -122.50891
39.19536 -122.51221
39.19593 -122.51391
39.20086 -122.51581
39.20868 -122.51591
39.20851 -122.51871
39.21008 -122.52281
39.20930 -122.52821
39.21176 -122.52891
39.20996 -122.53461
39.21170 -122.53541
39.20708 -122.54211
39.20688 -122.55311
39.20600 -122.55921
39.20400 -122.56331
39.20394 -122.57211
39.21190 -122.58101
39.21422 -122.60161
39.21626 -122.61011
39.21870 -122.61221
39.22112 -122.61711
39.22314 -122.62241
39.22290 -122.62611
39.22234 -122.63211
39.22318 -122.63491
39.21808 -122.64061
39.21589 -122.64521
39.21589 -122.64811
39.21401 -122.64911
39.21757 -122.66541
39.21930 -122.66591
39.22138 -122.67011
39.22540 -122.67291
39.22442 -122.67971
39.22698 -122.67991
39.23020 -122.67621
39.23486 -122.68251
39.23879 -122.68181
39.24113 -122.68731
39.24616 -122.69021
39.24989 -122.69791
39.25481 -122.70591
39.25701 -122.71231
39.25950 -122.71321
39.26035 -122.71701
39.26324 -122.71661
39.26534 -122.72311
39.26728 -122.72291
39.27341 -122.72871
39.27200 -122.73271
39.27261 -122.73651
39.27516 -122.73891
39.27894 -122.74781
39.28165 -122.75111
39.28508 -122.75801
39.28747 -122.75671
39.29408 -122.75851
39.30109 -122.76621
39.30971 -122.77041
39.31189 -122.77521
39.31467 -122.77581
39.31896 -122.77311
39.32356 -122.77271
39.32550 -122.76851
39.33045 -122.76841
39.33500 -122.76501
39.34250 -122.76551
39.34453 -122.76141
39.34581 -122.75251
39.34951 -122.75111
39.35634 -122.74591
39.35830 -122.74201
39.36769 -122.74301
39.37076 -122.75281
39.37489 -122.75481
39.37804 -122.75961
39.37705 -122.76521
39.37374 -122.76811
39.37514 -122.77001
39.37459 -122.77391
39.37915 -122.77851
39.37972 -122.78231
39.38300 -122.78511
39.38333 -122.73911
39.40651 -122.73921
39.43542 -122.74171
39.45038 -122.73271
39.47985 -122.73151
39.49439 -122.73231
39.50847 -122.73621
39.56626 -122.73671
39.58069 -122.73571
39.58131 -122.75411
39.57943 -122.77251
39.58153 -122.81401
39.57958 -122.82851
39.58024 -122.88601
39.56547 -122.88631
39.52937 -122.89051
39.53096 -122.93681
39.51658 -122.93681
39.51798 -122.99651
39.51937 -123.01471
39.51884 -123.02511
39.51137 -123.02481
39.51132 -123.04441
39.50363 -123.04431
39.50355 -123.06301
39.45239 -123.06281
39.45241 -123.07251
39.43652 -123.07011
39.43653 -123.07471
39.42196 -123.07491
39.42242 -123.09541
39.42864 -123.09581
39.42775 -123.12631
39.45011 -123.12471
39.45003 -123.12051
39.45891 -123.11961
39.45975 -123.13111
39.49478 -123.13051
39.49523 -123.14931
39.51494 -123.14791
39.51837 -123.16821
39.53415 -123.16951
39.53882 -123.15991
39.57374 -123.15901
39.57523 -123.14311
39.57015 -123.14371
39.57134 -123.13791
39.57365 -123.13781
39.57578 -123.12891
39.57095 -123.12801
39.57214 -123.12131
39.57836 -123.12151
39.58106 -123.01741
39.62448 -123.02011
39.62405 -123.03551
39.62414 -123.04031
39.62703 -123.07741
39.68359 -123.07811
39.68370 -123.05881
39.74650 -123.05641
39.74770 -123.06801
39.75588 -123.06711
39.75709 -123.07771
39.84647 -123.07981
39.88520 -123.07701
39.88885 -123.11921
39.89197 -123.11861
39.90012 -123.12181
39.90840 -123.12471
39.91728 -123.12391
39.92743 -123.12161
39.93625 -123.12811
39.94574 -123.13981
39.97775 -123.14331
39.98200 -123.14381
39.98186 -123.14801
39.99752 -123.15051
39.99686 -123.14541
40.01009 -123.14801
40.00652 -123.16411
40.02737 -123.16601
40.02524 -123.15581
40.04054 -123.15931
40.04026 -123.15041
40.05567 -123.15331
40.05499 -123.17111
40.07263 -123.17211
40.07354 -123.17311
40.07645 -123.17791
40.07867 -123.18261
40.08068 -123.18671
40.08261 -123.18751
40.08626 -123.18971
40.08937 -123.18951
40.09309 -123.18691
40.09772 -123.18521
40.09965 -123.18601
40.10082 -123.18501
40.10051 -123.18281
40.10056 -123.18011
40.10152 -123.17711
40.10330 -123.17421
40.10591 -123.16931
40.10609 -123.15781
40.10833 -123.15461
40.11125 -123.15141
40.11450 -123.14961
40.11761 -123.14921
40.12197 -123.14961
40.12443 -123.14681
40.12874 -123.14371
40.13483 -123.14401
40.14908 -123.12961
40.15220 -123.13531
40.15592 -123.14011
40.16129 -123.14231
40.16635 -123.14231
40.17258 -123.14101
40.18030 -123.13971
40.18684 -123.14071
40.19210 -123.14221
40.19476 -123.14841
40.20001 -123.15071
40.20485 -123.15001
40.21030 -123.14741
40.21736 -123.15141
40.22007 -123.16121
40.22142 -123.17021
40.22646 -123.17821
40.23025 -123.17901
40.23350 -123.18371
40.23614 -123.19111
40.23856 -123.19791
40.23923 -123.20571
40.24472 -123.22151
40.24482 -123.22901
40.24720 -123.23111
40.25031 -123.23081
40.25513 -123.23151
40.26039 -123.23281
40.26387 -123.23791
40.26618 -123.24381
40.26421 -123.25181
40.27350 -123.26671
40.27607 -123.27101
40.28211 -123.28051
40.28618 -123.28481
40.29293 -123.28661
40.29863 -123.28951
40.30372 -123.29381
40.31514 -123.30491
40.32080 -123.31051
40.32855 -123.32081
40.33330 -123.32481
40.33941 -123.33051
40.34101 -123.33751
40.34385 -123.33971
40.34939 -123.34491
40.35057 -123.34981
40.35234 -123.35371
40.35365 -123.35701
40.35161 -123.36191
40.35861 -123.36951
40.36102 -123.37571
40.36915 -123.39021
40.37764 -123.39771
40.38124 -123.40231
40.39131 -123.41671
40.39614 -123.42311
40.40497 -123.43691
40.40811 -123.44091
40.41360 -123.44231
40.41924 -123.44821
40.42132 -123.45381
40.42800 -123.45351
40.43571 -123.45321
40.44063 -123.45391
40.45048 -123.45631
40.45775 -123.46091
40.46251 -123.46421
40.47196 -123.46931
40.47653 -123.47081
40.48795 -123.47471
40.49277 -123.48131
40.49942 -123.48821
40.50598 -123.49401
40.51359 -123.49861
40.52009 -123.50181
40.52474 -123.50481
40.53847 -123.50811
40.54591 -123.50991
40.55345 -123.51241
40.55855 -123.51601
40.56253 -123.51821
40.56767 -123.52021
40.57439 -123.52331
40.58081 -123.53031
40.58396 -123.53401
40.58724 -123.53671
40.59330 -123.53821
40.59799 -123.53941
40.60568 -123.54601
40.61064 -123.55111
40.61278 -123.55341
40.61696 -123.55721
40.62071 -123.55961
40.62727 -123.56481
40.63317 -123.56901
40.63771 -123.57171
40.64315 -123.57551
40.65182 -123.57931
40.66100 -123.58561
40.66337 -123.58221
40.66786 -123.57591
40.68511 -123.54381
40.73357 -123.54331
40.73583 -123.54461
40.73907 -123.54411
40.74020 -123.54631
40.74230 -123.54601
40.74680 -123.54861
40.74798 -123.55231
40.75099 -123.55021
40.75206 -123.55261
40.75473 -123.55021
40.75704 -123.55071
40.75957 -123.55441
40.76335 -123.55021
40.76519 -123.55031
40.76680 -123.55491
40.77445 -123.54941
40.78030 -123.55751
40.78412 -123.55901
40.78602 -123.55741
40.78860 -123.55751
40.79049 -123.56091
40.78784 -123.56411
40.78885 -123.56611
40.79216 -123.56451
40.79631 -123.56621
40.79383 -123.55661
40.79621 -123.55371
40.80015 -123.55591
40.80871 -123.55661
40.81004 -123.55881
40.80971 -123.56261
40.81358 -123.56311
40.82019 -123.56861
40.83034 -123.55961
40.83272 -123.56091
40.83511 -123.56611
40.83819 -123.56531
40.83931 -123.56301
40.84199 -123.56361
40.84394 -123.57321
40.85107 -123.57421
40.85361 -123.57701
40.85541 -123.57451
40.85763 -123.57531
40.85863 -123.57801
40.85760 -123.58261
40.85864 -123.58761
40.86766 -123.58011
40.86973 -123.58491
40.86745 -123.59091
40.87253 -123.59571
40.87487 -123.59611
40.87664 -123.59701
40.87844 -123.60091
40.87854 -123.61031
40.87999 -123.60151
40.88340 -123.59731
40.88800 -123.59991
40.89489 -123.60851
40.90010 -123.60481
40.90453 -123.60611
40.90812 -123.61121
40.91399 -123.61561
40.91809 -123.61321
40.92211 -123.61371
40.92401 -123.61591
40.92599 -123.62171
40.92888 -123.62371
40.93146 -123.62271
40.92890 -123.61121
40.92940 -123.60751
40.92856 -123.60441
40.93136 -123.59951
40.92733 -123.59111
40.92805 -123.58741
40.93265 -123.58181
40.93654 -123.57101
40.93648 -123.56741
40.94642 -123.56941
40.94787 -123.56801
40.95032 -123.56001
40.94922 -123.55681
41.05467 -123.55861
41.06053 -123.54071
41.08876 -123.54961
41.22066 -123.55171
41.22213 -123.43941
41.22681 -123.43801
41.23025 -123.44951
41.23639 -123.45501
41.24164 -123.45201
41.24716 -123.44541
41.25118 -123.44261
41.25848 -123.44201
41.26705 -123.44451
41.27300 -123.44381
41.27575 -123.44651
41.28229 -123.46171
41.28466 -123.46291
41.28643 -123.46331
41.28861 -123.45901
41.29233 -123.45571
41.30018 -123.45651
41.30430 -123.46041
41.31012 -123.45961
41.31275 -123.46191
41.31776 -123.46351
41.31975 -123.46541
41.32145 -123.47231
41.32621 -123.47391
41.32789 -123.47771
41.32965 -123.47861
41.34024 -123.47841
41.35369 -123.48241
41.35600 -123.47941
41.36083 -123.47821
41.36605 -123.47411
41.37197 -123.48111
41.37295 -123.48451
41.37783 -123.48961
41.37754 -123.49381
41.37891 -123.49821
