CA_Climate_Zone_15
34.73293 -114.50833
34.73359 -114.51030
34.73441 -114.51210
34.73529 -114.51419
34.73612 -114.51562
34.73617 -114.51571
34.73626 -114.51585
34.73675 -114.51663
34.73833 -114.51825
34.73992 -114.51989
34.74118 -114.52106
34.74252 -114.52208
34.74347 -114.52251
34.74374 -114.52263
34.74499 -114.52385
34.74701 -114.52562
34.74793 -114.52665
34.74808 -114.52682
34.74883 -114.52781
34.75001 -114.52909
34.75076 -114.52958
34.75083 -114.52963
34.75139 -114.53037
34.75183 -114.53149
34.75201 -114.53194
34.75264 -114.53301
34.75276 -114.53321
34.75288 -114.53342
34.75301 -114.53364
34.75313 -114.53385
34.75435 -114.53593
34.75711 -114.54032
34.75948 -114.54366
34.76181 -114.54690
34.76393 -114.54921
34.76475 -114.55010
34.76581 -114.55139
34.76688 -114.55269
34.76927 -114.55481
34.77139 -114.55662
34.77386 -114.55866
34.77621 -114.56006
34.77723 -114.56067
34.77889 -114.56176
34.77903 -114.56184
34.77947 -114.56211
34.77991 -114.56239
34.78040 -114.56269
34.78084 -114.56296
34.78260 -114.56399
34.78430 -114.56476
34.78471 -114.56487
34.78497 -114.56494
34.78522 -114.56501
34.78598 -114.56520
34.78623 -114.56536
34.78627 -114.56538
34.78770 -114.56629
34.78771 -114.56629
34.78912 -114.56736
34.79157 -114.56939
34.79182 -114.56954
34.79332 -114.57044
34.79430 -114.57102
34.79596 -114.57170
34.79635 -114.57186
34.79886 -114.57256
34.80123 -114.57331
34.80373 -114.57429
34.80422 -114.57449
34.80430 -114.57450
34.80431 -114.57451
34.80468 -114.57459
34.80497 -114.57459
34.80575 -114.57458
34.80722 -114.57469
34.80740 -114.57470
34.80748 -114.57471
34.80795 -114.57482
34.80802 -114.57484
34.80813 -114.57486
34.81018 -114.57536
34.81239 -114.57582
34.81396 -114.57617
34.81531 -114.57646
34.81674 -114.57702
34.81712 -114.57717
34.81750 -114.57732
34.81830 -114.57763
34.81868 -114.57778
34.82098 -114.57869
34.82379 -114.58003
34.82612 -114.58114
34.82819 -114.58221
34.82907 -114.58283
34.82991 -114.58349
34.83006 -114.58360
34.83015 -114.58365
34.83018 -114.58367
34.83136 -114.58429
34.83370 -114.58568
34.83518 -114.58656
34.83525 -114.58660
34.83533 -114.58665
34.83540 -114.58669
34.83561 -114.58681
34.83568 -114.58685
34.83666 -114.58772
34.83784 -114.58891
34.83908 -114.59016
34.84076 -114.59193
34.84116 -114.59235
34.84210 -114.59350
34.84272 -114.59425
34.84375 -114.59562
34.84404 -114.59601
34.84553 -114.59801
34.84616 -114.59885
34.84622 -114.59895
34.84737 -114.60066
34.84815 -114.60189
34.84858 -114.60257
34.84876 -114.60289
34.84885 -114.60303
34.84893 -114.60317
34.84945 -114.60406
34.84958 -114.60427
34.85026 -114.60569
34.85114 -114.60777
34.85116 -114.60783
34.85166 -114.60902
34.85173 -114.60918
34.85214 -114.60997
34.85268 -114.61102
34.85345 -114.61264
34.85355 -114.61284
34.85373 -114.61322
34.85400 -114.61380
34.85440 -114.61470
34.85538 -114.61693
34.85562 -114.61741
34.85607 -114.61829
34.85688 -114.61989
34.85707 -114.62018
34.85824 -114.62193
34.85974 -114.62395
34.86102 -114.62523
34.86139 -114.62560
34.86160 -114.62581
34.86167 -114.62595
34.86194 -114.62648
34.86232 -114.62690
34.86286 -114.62749
34.86301 -114.62764
34.86340 -114.62807
34.86360 -114.62829
34.86395 -114.62859
34.86507 -114.62957
34.86524 -114.62971
34.86600 -114.63038
34.86636 -114.63069
34.86707 -114.63116
34.86851 -114.63210
34.86998 -114.63306
34.87057 -114.63333
34.87127 -114.63365
34.87256 -114.63424
34.87290 -114.63439
34.87488 -114.63514
34.87501 -114.63519
34.87691 -114.63547
34.88006 -114.63594
34.88322 -114.63641
34.88415 -114.63655
34.88571 -114.63678
34.88911 -114.63674
34.88949 -114.63667
34.89137 -114.63631
34.89239 -114.63612
34.89419 -114.63568
34.89505 -114.63547
34.89520 -114.63544
34.89555 -114.63532
34.89692 -114.63485
34.89786 -114.63453
34.90092 -114.63319
34.90225 -114.63261
34.90387 -114.63189
34.90395 -114.63186
34.90727 -114.63089
34.90905 -114.63076
34.91083 -114.63064
34.91186 -114.63056
34.91321 -114.63087
34.91616 -114.63155
34.91837 -114.63248
34.92014 -114.63295
34.92024 -114.63298
34.92040 -114.63302
34.92056 -114.63307
34.92124 -114.63325
34.92252 -114.63325
34.92286 -114.63326
34.92387 -114.63326
34.92421 -114.63326
34.92434 -114.63326
34.92461 -114.63326
34.92485 -114.63322
34.92500 -114.63320
34.92538 -114.63314
34.92674 -114.63291
34.92714 -114.63285
34.92738 -114.63280
34.92818 -114.63266
34.92899 -114.63251
34.93063 -114.63221
34.93216 -114.63167
34.93254 -114.63154
34.93293 -114.63140
34.93395 -114.63105
34.93463 -114.63086
34.93589 -114.63050
34.93748 -114.63008
34.93869 -114.62976
34.93889 -114.62977
34.94305 -114.62978
34.94351 -114.62979
34.94482 -114.62982
34.94542 -114.63000
34.95132 -114.63169
34.95297 -114.63249
34.95627 -114.63409
34.95667 -114.63429
34.95892 -114.63496
34.96178 -114.63512
34.96206 -114.63513
34.96286 -114.63516
34.96365 -114.63519
34.96413 -114.63521
34.96460 -114.63523
34.96515 -114.63525
34.96744 -114.63496
34.96785 -114.63491
34.96796 -114.63489
34.96835 -114.63479
34.96875 -114.63470
34.96907 -114.63462
34.97159 -114.63358
34.97459 -114.63242
34.97799 -114.63085
34.97807 -114.63083
34.97869 -114.63062
34.98080 -114.62992
34.98171 -114.62971
34.98299 -114.62944
34.98318 -114.62940
34.98344 -114.62938
34.98351 -114.62937
34.98527 -114.63091
34.98524 -114.66681
34.98516 -114.73391
34.92696 -114.73301
34.87344 -114.73101
34.80483 -114.73111
34.73669 -114.73091
34.73810 -114.64621
34.73795 -114.62591
34.69556 -114.62471
34.65011 -114.62531
34.60980 -114.62481
34.56652 -114.62531
34.56620 -114.68261
34.56512 -114.75641
34.56249 -114.81601
34.53150 -114.81881
34.48601 -114.81771
34.45580 -114.81911
34.40760 -114.82041
34.38810 -114.81891
34.38800 -114.71411
34.33408 -114.71501
34.30233 -114.71321
34.25836 -114.71391
34.21552 -114.71311
34.21445 -114.81861
34.21315 -114.90061
34.21522 -114.92311
34.30511 -114.92751
34.36960 -114.92761
34.38930 -114.92711
34.38932 -115.01631
34.38893 -115.09771
34.39103 -115.14871
34.38830 -115.19971
34.38764 -115.24361
34.43853 -115.24431
34.47557 -115.24571
34.47520 -115.34971
34.51694 -115.35031
34.56015 -115.35011
34.56276 -115.39381
34.55982 -115.44411
34.55989 -115.45961
34.60940 -115.45911
34.64795 -115.46121
34.64618 -115.53561
34.64725 -115.62341
34.64841 -115.69111
34.64693 -115.77561
34.64926 -115.98391
34.64731 -116.04681
34.64301 -116.08941
34.60366 -116.09021
34.56121 -116.09141
34.55498 -116.08611
34.46857 -116.08601
34.46945 -116.02871
34.47048 -115.98041
34.41449 -115.97991
34.38190 -115.97981
34.38074 -115.91681
34.38430 -115.81861
34.38376 -115.76991
34.33432 -115.76981
34.29923 -115.77041
34.29940 -115.70111
34.29710 -115.66431
34.25375 -115.66491
34.21121 -115.66561
34.21067 -115.58721
34.21348 -115.45461
34.12473 -115.45371
34.12705 -115.34771
34.03821 -115.34741
33.95154 -115.34601
33.95013 -115.45421
33.86208 -115.45491
33.77609 -115.45441
33.77581 -115.46031
33.70290 -115.46091
33.68743 -115.46121
33.68813 -115.35791
33.60191 -115.35611
33.60279 -115.25481
33.51464 -115.25381
33.51537 -115.13691
33.43509 -115.13651
33.43544 -115.12651
33.43329 -115.03211
33.43397 -115.00591
33.43366 -114.98361
33.43420 -114.94091
33.43322 -114.91271
33.34502 -114.91311
33.34735 -114.80781
33.29898 -114.80571
33.28203 -114.80551
33.25740 -114.80521
33.19187 -114.80361
33.17022 -114.80391
33.16838 -114.87271
33.16861 -114.95311
33.16962 -114.99331
33.16898 -115.06571
33.16827 -115.12731
33.25948 -115.13621
33.25817 -115.23601
33.34366 -115.23601
33.34510 -115.34171
33.34221 -115.38201
33.34266 -115.44661
33.43285 -115.44781
33.43292 -115.45941
33.43040 -115.45931
33.42944 -115.54931
33.42874 -115.60661
33.42818 -115.67321
33.50884 -115.67191
33.50823 -115.77921
33.57209 -115.77871
33.59892 -115.77881
33.67436 -115.77891
33.67704 -115.78401
33.67498 -115.79911
33.67524 -115.80281
33.67642 -115.80791
33.67818 -115.81351
33.67871 -115.82231
33.68359 -115.83051
33.72545 -115.83171
33.72620 -115.88581
33.75773 -115.88551
33.76942 -115.90061
33.77055 -115.91491
33.79727 -115.91501
33.80082 -115.92981
33.82893 -115.93321
33.82895 -115.95231
33.81334 -115.95101
33.81551 -116.01881
33.84121 -116.02061
33.84036 -116.05041
33.84003 -116.07291
33.85588 -116.07531
33.85538 -116.10821
33.85570 -116.14641
33.85651 -116.19421
33.87165 -116.21801
33.87435 -116.23051
33.87864 -116.23991
33.89008 -116.25861
33.89198 -116.27411
33.89603 -116.28071
33.91557 -116.31881
33.92799 -116.35641
33.93903 -116.39711
33.95091 -116.41511
33.96775 -116.44341
33.97284 -116.45771
34.03265 -116.45521
34.03261 -116.61551
34.03337 -116.61561
34.03093 -116.72191
33.97213 -116.71991
33.97388 -116.77511
34.01606 -116.77801
34.01457 -116.81001
34.00071 -116.81001
34.00071 -116.82811
34.01629 -116.82851
34.01549 -116.84391
34.00001 -116.84361
33.99852 -116.84751
33.99703 -116.84931
33.99703 -116.85621
33.99817 -116.86181
34.00023 -116.86361
34.01605 -116.86221
34.01616 -116.88051
33.99656 -116.88041
33.97363 -116.87951
33.97260 -116.88141
33.96308 -116.88351
33.95803 -116.88331
33.95860 -116.89771
33.97155 -116.89811
33.97396 -116.90271
33.97200 -116.91491
33.95652 -116.91491
33.95708 -116.92451
33.96294 -116.92351
33.96144 -116.92711
33.95892 -116.92901
33.95882 -116.93341
33.95881 -116.93361
33.93033 -116.93241
33.92183 -116.93471
33.88956 -116.93061
33.87859 -116.92951
33.87859 -116.92945
33.87597 -116.86971
33.88126 -116.84421
33.88138 -116.78881
33.88160 -116.73821
33.88263 -116.72331
33.85374 -116.72001
33.85368 -116.65111
33.85445 -116.61851
33.81892 -116.61801
33.76999 -116.61871
33.77003 -116.56841
33.72500 -116.56691
33.72456 -116.51521
33.69190 -116.51421
33.69267 -116.44871
33.65922 -116.44861
33.66089 -116.43051
33.63556 -116.42831
33.63391 -116.40981
33.59415 -116.40921
33.59628 -116.43081
33.51070 -116.43311
33.51039 -116.50171
33.50967 -116.55811
33.51008 -116.61431
33.50745 -116.61581
33.50795 -116.66911
33.50796 -116.73641
33.50783 -116.78051
33.50783 -116.82530
33.50783 -116.82551
33.44139 -116.82421
33.42683 -116.82321
33.42759 -116.72061
33.42710 -116.51821
33.42711 -116.51461
33.40331 -116.51231
33.34059 -116.51961
33.34149 -116.50611
33.25170 -116.50581
33.23872 -116.50481
33.24020 -116.49671
33.23756 -116.49451
33.23159 -116.49581
33.22838 -116.49731
33.22402 -116.50111
33.21644 -116.49721
33.20840 -116.49711
33.20772 -116.49991
33.20831 -116.51081
33.20050 -116.51151
33.20140 -116.50221
33.17706 -116.50221
33.17041 -116.50511
33.16938 -116.51071
33.18017 -116.51001
33.17616 -116.51481
33.17490 -116.52001
33.12231 -116.51491
33.10115 -116.48521
33.09904 -116.45981
33.08905 -116.45931
33.07737 -116.47701
33.07763 -116.50251
33.07338 -116.50061
32.99277 -116.41441
32.97107 -116.41371
32.96669 -116.40301
32.96702 -116.39521
32.97136 -116.38101
32.97351 -116.37161
32.96719 -116.36851
32.96624 -116.35091
32.95670 -116.34671
32.95655 -116.33141
32.92693 -116.33101
32.91350 -116.33111
32.91545 -116.28481
32.91484 -116.26941
32.91419 -116.24481
32.88769 -116.24871
32.88518 -116.25521
32.88875 -116.25781
32.88417 -116.26331
32.88487 -116.26701
32.88637 -116.27061
32.88155 -116.27141
32.87811 -116.27061
32.87927 -116.27491
32.88020 -116.27821
32.87365 -116.27751
32.87043 -116.27701
32.87252 -116.28341
32.86759 -116.28631
32.86266 -116.28891
32.85647 -116.28991
32.85223 -116.29401
32.85671 -116.29631
32.86647 -116.29781
32.86946 -116.30071
32.87337 -116.30361
32.87362 -116.30741
32.86857 -116.30991
32.86283 -116.31051
32.85984 -116.30651
32.85721 -116.31171
32.86227 -116.31741
32.86297 -116.32111
32.85654 -116.32251
32.85001 -116.32631
32.84865 -116.33301
32.84843 -116.33631
32.84005 -116.33851
32.83511 -116.33531
32.82983 -116.33791
32.82570 -116.33751
32.82430 -116.32811
32.81190 -116.32751
32.81185 -116.22091
32.77753 -116.22141
32.72287 -116.21081
32.66904 -116.21071
32.63771 -116.20991
32.63726 -116.17521
32.69429 -116.17511
32.69510 -116.14221
32.66652 -116.14011
32.66488 -116.13111
32.65142 -116.12331
32.64774 -116.10891
32.61859 -116.10633
32.61860 -116.10619
32.61864 -116.10566
32.61875 -116.10408
32.61879 -116.10355
32.61880 -116.10340
32.61920 -116.09797
32.61925 -116.09726
32.61939 -116.09538
32.62054 -116.08127
32.62099 -116.07576
32.62099 -116.07570
32.62111 -116.07381
32.62161 -116.06739
32.62170 -116.06621
32.62210 -116.06156
32.62294 -116.05160
32.62336 -116.04663
32.62360 -116.04249
32.62400 -116.03567
32.62417 -116.03419
32.62419 -116.03406
32.62428 -116.03302
32.62461 -116.02834
32.62493 -116.02379
32.62500 -116.02280
32.62507 -116.02202
32.62662 -116.00086
32.62733 -115.99261
32.62822 -115.98223
32.62824 -115.98205
32.62886 -115.97372
32.62925 -115.96837
32.62932 -115.96737
32.63263 -115.92281
32.63374 -115.90795
32.63379 -115.90729
32.63396 -115.90532
32.63401 -115.90466
32.63504 -115.89240
32.63643 -115.87585
32.63785 -115.85559
32.63871 -115.84331
32.64046 -115.81843
32.64085 -115.81304
32.64164 -115.80201
32.64546 -115.75085
32.64768 -115.72228
32.65003 -115.69203
32.65049 -115.68607
32.65188 -115.66820
32.65233 -115.66237
32.65234 -115.66224
32.65416 -115.63648
32.65492 -115.62584
32.66010 -115.55924
32.66210 -115.53350
32.66312 -115.52009
32.66343 -115.51607
32.66345 -115.51579
32.66353 -115.51469
32.66358 -115.51410
32.66360 -115.51393
32.66363 -115.51340
32.66372 -115.51212
32.66381 -115.51078
32.66390 -115.50950
32.66394 -115.50902
32.66399 -115.50822
32.66406 -115.50733
32.66407 -115.50718
32.66408 -115.50697
32.66410 -115.50675
32.66411 -115.50661
32.66418 -115.50565
32.66419 -115.50554
32.66419 -115.50547
32.66428 -115.50444
32.66438 -115.50315
32.66444 -115.50236
32.66447 -115.50212
32.66450 -115.50138
32.66451 -115.50129
32.66455 -115.50087
32.66455 -115.50084
32.66464 -115.49960
32.66464 -115.49956
32.66467 -115.49918
32.66482 -115.49713
32.66482 -115.49709
32.66485 -115.49674
32.66486 -115.49654
32.66488 -115.49637
32.66490 -115.49604
32.66490 -115.49601
32.66491 -115.49592
32.66491 -115.49589
32.66491 -115.49584
32.66493 -115.49572
32.66493 -115.49568
32.66494 -115.49548
32.66497 -115.49489
32.66498 -115.49469
32.66504 -115.49384
32.66521 -115.49126
32.66527 -115.49040
32.66533 -115.48949
32.66552 -115.48677
32.66559 -115.48586
32.66568 -115.48455
32.66596 -115.48060
32.66605 -115.47928
32.66614 -115.47813
32.66620 -115.47732
32.66638 -115.47491
32.66644 -115.47411
32.66647 -115.47362
32.66657 -115.47232
32.66697 -115.46696
32.66710 -115.46518
32.66815 -115.44979
32.66901 -115.43713
32.67128 -115.40364
32.67232 -115.38826
32.67235 -115.38782
32.67244 -115.38649
32.67247 -115.38605
32.67278 -115.38144
32.67317 -115.37583
32.67376 -115.36763
32.67410 -115.36303
32.67449 -115.35775
32.67565 -115.34190
32.67604 -115.33661
32.67605 -115.33640
32.67610 -115.33577
32.67611 -115.33556
32.68130 -115.26465
32.68231 -115.25082
32.69087 -115.12582
32.69608 -115.05188
32.69968 -115.00081
32.70094 -114.98096
32.70172 -114.96884
32.70254 -114.95592
32.70408 -114.93248
32.70488 -114.92036
32.70562 -114.90924
32.70722 -114.88644
32.70797 -114.87581
32.71433 -114.78471
32.71669 -114.75080
32.71686 -114.74800
32.71737 -114.73961
32.71754 -114.73682
32.71762 -114.73545
32.71787 -114.73136
32.71795 -114.73000
32.71799 -114.72971
32.71810 -114.72882
32.71813 -114.72853
32.71815 -114.72821
32.71818 -114.72728
32.71819 -114.72702
32.71820 -114.72697
32.71821 -114.72688
32.71823 -114.72663
32.71824 -114.72654
32.71825 -114.72648
32.71827 -114.72628
32.71827 -114.72622
32.71828 -114.72618
32.71836 -114.72499
32.71863 -114.72132
32.71871 -114.72030
32.71872 -114.72010
32.71873 -114.72001
32.71876 -114.71973
32.71877 -114.71964
32.71903 -114.71946
32.71943 -114.71920
32.71987 -114.71899
32.72031 -114.71870
32.72063 -114.71845
32.72092 -114.71820
32.72115 -114.71797
32.72138 -114.71789
32.72155 -114.71771
32.72166 -114.71768
32.72218 -114.71755
32.72268 -114.71745
32.72315 -114.71731
32.72364 -114.71713
32.72392 -114.71697
32.72425 -114.71684
32.72453 -114.71676
32.72495 -114.71662
32.72529 -114.71650
32.72567 -114.71639
32.72607 -114.71629
32.72650 -114.71617
32.72698 -114.71603
32.72738 -114.71592
32.72776 -114.71580
32.72812 -114.71566
32.72821 -114.71563
32.72882 -114.71534
32.72895 -114.71528
32.72936 -114.71508
32.72952 -114.71500
32.72986 -114.71482
32.73039 -114.71453
32.73084 -114.71420
32.73129 -114.71385
32.73166 -114.71354
32.73190 -114.71339
32.73210 -114.71322
32.73242 -114.71292
32.73268 -114.71264
32.73298 -114.71223
32.73323 -114.71189
32.73351 -114.71144
32.73370 -114.71110
32.73380 -114.71089
32.73394 -114.71063
32.73421 -114.71032
32.73442 -114.71011
32.73467 -114.70982
32.73489 -114.70957
32.73512 -114.70939
32.73534 -114.70921
32.73546 -114.70909
32.73586 -114.70887
32.73615 -114.70866
32.73664 -114.70840
32.73713 -114.70814
32.73757 -114.70791
32.73827 -114.70756
32.73883 -114.70741
32.73949 -114.70707
32.73995 -114.70675
32.74042 -114.70643
32.74099 -114.70613
32.74158 -114.70573
32.74192 -114.70539
32.74235 -114.70503
32.74303 -114.70448
32.74349 -114.70405
32.74387 -114.70368
32.74429 -114.70332
32.74464 -114.70303
32.74480 -114.70295
32.74489 -114.70284
32.74511 -114.70262
32.74541 -114.70223
32.74555 -114.70193
32.74564 -114.70159
32.74567 -114.70117
32.74562 -114.70075
32.74544 -114.70030
32.74532 -114.69988
32.74522 -114.69952
32.74510 -114.69926
32.74503 -114.69915
32.74485 -114.69880
32.74456 -114.69839
32.74426 -114.69795
32.74384 -114.69741
32.74345 -114.69697
32.74315 -114.69657
32.74288 -114.69621
32.74256 -114.69581
32.74225 -114.69540
32.74194 -114.69489
32.74168 -114.69442
32.74142 -114.69398
32.74115 -114.69354
32.74088 -114.69306
32.74057 -114.69255
32.74035 -114.69215
32.74015 -114.69181
32.73990 -114.69152
32.73967 -114.69117
32.73946 -114.69097
32.73943 -114.69093
32.73923 -114.69073
32.73899 -114.69050
32.73876 -114.69026
32.73847 -114.68989
32.73818 -114.68963
32.73793 -114.68929
32.73779 -114.68905
32.73768 -114.68879
32.73760 -114.68853
32.73753 -114.68824
32.73747 -114.68787
32.73741 -114.68754
32.73740 -114.68730
32.73735 -114.68700
32.73738 -114.68672
32.73746 -114.68550
32.73752 -114.68418
32.73733 -114.68330
32.73725 -114.68291
32.73733 -114.68275
32.73735 -114.68263
32.73716 -114.68174
32.73699 -114.68075
32.73689 -114.68015
32.73688 -114.68011
32.73670 -114.67936
32.73662 -114.67889
32.73662 -114.67864
32.73645 -114.67796
32.73622 -114.67710
32.73604 -114.67649
32.73579 -114.67571
32.73555 -114.67480
32.73542 -114.67400
32.73523 -114.67338
32.73510 -114.67272
32.73496 -114.67204
32.73489 -114.67135
32.73481 -114.67060
32.73468 -114.66996
32.73454 -114.66929
32.73442 -114.66876
32.73433 -114.66821
32.73426 -114.66773
32.73426 -114.66770
32.73423 -114.66750
32.73414 -114.66663
32.73403 -114.66593
32.73400 -114.66551
32.73399 -114.66509
32.73394 -114.66436
32.73396 -114.66357
32.73396 -114.66273
32.73386 -114.66195
32.73396 -114.66129
32.73389 -114.66067
32.73383 -114.66020
32.73383 -114.65954
32.73382 -114.65919
32.73383 -114.65885
32.73379 -114.65853
32.73380 -114.65827
32.73374 -114.65757
32.73367 -114.65670
32.73361 -114.65578
32.73361 -114.65490
32.73360 -114.65485
32.73357 -114.65426
32.73344 -114.65353
32.73332 -114.65264
32.73318 -114.65188
32.73307 -114.65104
32.73304 -114.65057
32.73302 -114.65037
32.73302 -114.65031
32.73287 -114.64951
32.73277 -114.64895
32.73263 -114.64840
32.73253 -114.64802
32.73230 -114.64613
32.73229 -114.64602
32.73214 -114.64536
32.73204 -114.64417
32.73200 -114.64267
32.73186 -114.64045
32.73180 -114.63972
32.73174 -114.63877
32.73169 -114.63807
32.73158 -114.63715
32.73151 -114.63633
32.73144 -114.63566
32.73142 -114.63550
32.73138 -114.63502
32.73131 -114.63461
32.73122 -114.63429
32.73121 -114.63418
32.73117 -114.63398
32.73106 -114.63334
32.73085 -114.63270
32.73065 -114.63209
32.73043 -114.63143
32.73023 -114.63055
32.73019 -114.63041
32.73009 -114.62997
32.72991 -114.62931
32.72984 -114.62873
32.72979 -114.62832
32.72972 -114.62792
32.72963 -114.62731
32.72956 -114.62682
32.72955 -114.62673
32.72952 -114.62629
32.72935 -114.62466
32.72934 -114.62459
32.72934 -114.62455
32.72933 -114.62451
32.72930 -114.62426
32.72920 -114.62377
32.72908 -114.62316
32.72907 -114.62252
32.72893 -114.62186
32.72884 -114.62130
32.72879 -114.62103
32.72878 -114.62098
32.72873 -114.62069
32.72865 -114.62040
32.72865 -114.62040
32.72863 -114.62025
32.72861 -114.62005
32.72856 -114.61980
32.72851 -114.61962
32.72848 -114.61943
32.72836 -114.61838
32.72826 -114.61741
32.72830 -114.61720
32.72836 -114.61673
32.72842 -114.61633
32.72849 -114.61599
32.72846 -114.61572
32.72846 -114.61568
32.72852 -114.61569
32.72867 -114.61568
32.72886 -114.61567
32.72894 -114.61566
32.72904 -114.61565
32.72910 -114.61565
32.72913 -114.61565
32.72916 -114.61566
32.72920 -114.61568
32.72922 -114.61569
32.72927 -114.61572
32.72929 -114.61574
32.72930 -114.61573
32.72931 -114.61573
32.72934 -114.61573
32.72942 -114.61573
32.72958 -114.61588
32.72964 -114.61588
32.72972 -114.61588
32.72990 -114.61581
32.73003 -114.61573
32.73004 -114.61567
32.73005 -114.61551
32.73031 -114.61553
32.73039 -114.61545
32.73057 -114.61545
32.73071 -114.61548
32.73090 -114.61549
32.73119 -114.61552
32.73145 -114.61552
32.73159 -114.61544
32.73165 -114.61541
32.73190 -114.61530
32.73199 -114.61529
32.73204 -114.61529
32.73221 -114.61520
32.73230 -114.61513
32.73247 -114.61498
32.73253 -114.61494
32.73267 -114.61486
32.73277 -114.61484
32.73285 -114.61480
32.73305 -114.61479
32.73336 -114.61476
32.73372 -114.61479
32.73395 -114.61478
32.73408 -114.61480
32.73434 -114.61502
32.73452 -114.61512
32.73452 -114.61450
32.73452 -114.61402
32.73453 -114.61351
32.73452 -114.61312
32.73452 -114.61271
32.73452 -114.61267
32.73485 -114.58690
32.73487 -114.58577
32.73489 -114.58467
32.73492 -114.58318
32.73492 -114.58311
32.73495 -114.58181
32.73495 -114.58180
32.73661 -114.58178
32.74020 -114.58178
32.74232 -114.58175
32.74236 -114.57886
32.74232 -114.57342
32.74231 -114.57315
32.74231 -114.57301
32.74228 -114.56464
32.74228 -114.56452
32.74956 -114.56446
32.74965 -114.55212
32.74965 -114.55153
32.74966 -114.55025
32.74965 -114.54829
32.74982 -114.53924
32.75005 -114.53914
32.75091 -114.53906
32.75360 -114.53908
32.75695 -114.53910
32.75695 -114.53896
32.75696 -114.53880
32.75696 -114.53867
32.75696 -114.53845
32.75697 -114.53750
32.75698 -114.53642
32.75701 -114.53413
32.75701 -114.53395
32.75705 -114.53101
32.75709 -114.52753
32.75710 -114.52711
32.75710 -114.52687
32.76042 -114.52728
32.76312 -114.52762
32.76665 -114.52835
32.76728 -114.52845
32.76949 -114.52928
32.77158 -114.53054
32.77427 -114.53184
32.77693 -114.53244
32.77865 -114.53244
32.78191 -114.53186
32.78251 -114.53176
32.78726 -114.53160
32.79119 -114.53168
32.79349 -114.53077
32.79548 -114.52964
32.79631 -114.52886
32.79885 -114.52529
32.80168 -114.52204
32.80358 -114.52040
32.80439 -114.52037
32.80568 -114.51977
32.80706 -114.51852
32.80953 -114.51666
32.81008 -114.51635
32.81144 -114.51540
32.81236 -114.51452
32.81376 -114.51329
32.81419 -114.51285
32.81484 -114.51204
32.81497 -114.51190
32.81649 -114.51034
32.81652 -114.51029
32.81737 -114.50784
32.81759 -114.50728
32.81794 -114.50643
32.82003 -114.50163
32.82040 -114.50079
32.82131 -114.49856
32.82144 -114.49828
32.82212 -114.49684
32.82233 -114.49630
32.82263 -114.49560
32.82324 -114.49420
32.82329 -114.49413
32.82397 -114.49335
32.82403 -114.49328
32.82545 -114.49160
32.82557 -114.49146
32.82600 -114.49097
32.82622 -114.49071
32.82674 -114.49010
32.82677 -114.49007
32.82699 -114.48981
32.82746 -114.48926
32.82805 -114.48857
32.82835 -114.48822
32.82870 -114.48781
32.83291 -114.48279
32.83310 -114.48256
32.83870 -114.47590
32.84511 -114.46904
32.84516 -114.46898
32.87061 -114.46604
32.87369 -114.46572
32.87408 -114.46569
32.87480 -114.46563
32.87530 -114.46560
32.87676 -114.46554
32.87797 -114.46552
32.87813 -114.46551
32.87923 -114.46549
32.87943 -114.46547
32.88170 -114.46539
32.88232 -114.46537
32.88309 -114.46532
32.88530 -114.46518
32.88810 -114.46481
32.88843 -114.46473
32.88847 -114.46473
32.88949 -114.46452
32.89084 -114.46430
32.89246 -114.46418
32.89550 -114.46379
32.89912 -114.46332
32.89923 -114.46331
32.90015 -114.46327
32.90189 -114.46314
32.90417 -114.46299
32.90580 -114.46290
32.90795 -114.46294
32.90922 -114.46319
32.91041 -114.46348
32.91169 -114.46366
32.91245 -114.46398
32.91313 -114.46446
32.91410 -114.46553
32.91519 -114.46681
32.91606 -114.46786
32.91712 -114.46940
32.91925 -114.47201
32.92060 -114.47372
32.92218 -114.47546
32.92363 -114.47665
32.92571 -114.47796
32.92702 -114.47850
32.92830 -114.47902
32.93024 -114.47958
32.93118 -114.47990
32.93236 -114.48036
32.93368 -114.48079
32.93526 -114.48093
32.93628 -114.48094
32.93703 -114.48075
32.93793 -114.48023
32.93922 -114.47937
32.94056 -114.47847
32.94198 -114.47732
32.94335 -114.47600
32.94437 -114.47492
32.94515 -114.47405
32.94614 -114.47327
32.94709 -114.47259
32.94813 -114.47170
32.94943 -114.47078
32.95078 -114.47009
32.95246 -114.46922
32.95393 -114.46855
32.95526 -114.46807
32.95667 -114.46764
32.95792 -114.46741
32.95896 -114.46735
32.96018 -114.46729
32.96160 -114.46728
32.96294 -114.46732
32.96406 -114.46733
32.96539 -114.46738
32.96702 -114.46771
32.96888 -114.46812
32.97075 -114.46839
32.97165 -114.46862
32.97224 -114.46901
32.97288 -114.46950
32.97347 -114.46996
32.97386 -114.47052
32.97421 -114.47135
32.97466 -114.47262
32.97490 -114.47376
32.97516 -114.47518
32.97518 -114.47654
32.97503 -114.47732
32.97461 -114.47839
32.97419 -114.47949
32.97375 -114.48031
32.97337 -114.48084
32.97292 -114.48110
32.97242 -114.48118
32.97207 -114.48133
32.97188 -114.48188
32.97176 -114.48250
32.97157 -114.48348
32.97134 -114.48482
32.97090 -114.48623
32.97023 -114.48780
32.96995 -114.48864
32.96982 -114.48954
32.96989 -114.49014
32.97024 -114.49094
32.97103 -114.49220
32.97179 -114.49295
32.97313 -114.49373
32.97427 -114.49422
32.97516 -114.49448
32.97632 -114.49477
32.97743 -114.49504
32.97894 -114.49544
32.98008 -114.49572
32.98148 -114.49596
32.98279 -114.49614
32.98451 -114.49651
32.98654 -114.49681
32.98865 -114.49695
32.99021 -114.49706
32.99148 -114.49733
32.99255 -114.49756
32.99445 -114.49804
32.99698 -114.49852
33.00004 -114.49942
33.00209 -114.49965
33.00391 -114.49981
33.00632 -114.50079
33.00756 -114.50124
33.01116 -114.50288
33.01451 -114.50466
33.01456 -114.50469
33.01458 -114.50471
33.01495 -114.50493
33.01506 -114.50499
33.01700 -114.50613
33.01701 -114.50614
33.01741 -114.50637
33.01951 -114.50783
33.01967 -114.50794
33.01971 -114.50797
33.02346 -114.51135
33.02653 -114.51491
33.02762 -114.51647
33.02775 -114.51665
33.02862 -114.51791
33.02999 -114.52014
33.03096 -114.52359
33.03174 -114.52757
33.03240 -114.53109
33.03343 -114.53847
33.03376 -114.54314
33.03383 -114.54994
33.03398 -114.55320
33.03490 -114.55761
33.03529 -114.56086
33.03508 -114.56481
33.03616 -114.56921
33.03663 -114.57166
33.03655 -114.57517
33.03565 -114.57746
33.03560 -114.57762
33.03538 -114.57830
33.03480 -114.57907
33.03457 -114.57938
33.03255 -114.58142
33.03015 -114.58304
33.02823 -114.58478
33.02775 -114.58561
33.02764 -114.58580
33.02695 -114.58699
33.02667 -114.58809
33.02664 -114.58821
33.02623 -114.58979
33.02585 -114.59474
33.02569 -114.59590
33.02566 -114.59612
33.02539 -114.59810
33.02539 -114.59884
33.02540 -114.59888
33.02541 -114.60103
33.02542 -114.60124
33.02544 -114.60167
33.02546 -114.60200
33.02547 -114.60213
33.02549 -114.60256
33.02550 -114.60272
33.02554 -114.60336
33.02554 -114.60338
33.02571 -114.60629
33.02623 -114.61160
33.02721 -114.61880
33.02872 -114.62388
33.02944 -114.62580
33.03039 -114.62743
33.03105 -114.62831
33.03255 -114.62974
33.03502 -114.63135
33.03824 -114.63371
33.03845 -114.63384
33.03854 -114.63390
33.03903 -114.63420
33.03911 -114.63427
33.04102 -114.63582
33.04180 -114.63645
33.04312 -114.63783
33.04331 -114.63803
33.04426 -114.63873
33.04439 -114.63882
33.04529 -114.63956
33.04690 -114.64163
33.04865 -114.64483
33.04891 -114.64599
33.04842 -114.64706
33.04677 -114.64901
33.04414 -114.65101
33.04115 -114.65270
33.04112 -114.65271
33.04078 -114.65282
33.04011 -114.65321
33.03984 -114.65337
33.03711 -114.65505
33.03383 -114.65784
33.03267 -114.65984
33.03267 -114.66233
33.03391 -114.66507
33.03601 -114.66822
33.03799 -114.67081
33.04018 -114.67224
33.04190 -114.67367
33.04531 -114.67477
33.04551 -114.67484
33.04582 -114.67488
33.04707 -114.67505
33.04753 -114.67511
33.04864 -114.67512
33.05421 -114.67445
33.05717 -114.67431
33.05845 -114.67531
33.05926 -114.67653
33.06197 -114.67913
33.06402 -114.68077
33.06419 -114.68091
33.06460 -114.68126
33.06555 -114.68211
33.06583 -114.68236
33.07097 -114.68700
33.07613 -114.68913
33.07918 -114.68932
33.08287 -114.68861
33.08404 -114.68903
33.08579 -114.69256
33.08623 -114.69464
33.08640 -114.69714
33.08637 -114.70118
33.08706 -114.70474
33.08816 -114.70650
33.09111 -114.70783
33.09403 -114.70814
33.09744 -114.70791
33.10179 -114.70704
33.10534 -114.70619
33.11377 -114.70369
33.12504 -114.69931
33.12865 -114.69784
33.13112 -114.69693
33.13346 -114.69487
33.13773 -114.69026
33.14199 -114.68742
33.14783 -114.68492
33.15481 -114.68277
33.15906 -114.67996
33.16244 -114.67936
33.16716 -114.68062
33.16908 -114.68090
33.16964 -114.68025
33.17150 -114.67986
33.17461 -114.67913
33.17466 -114.67910
33.17474 -114.67904
33.17681 -114.67787
33.18152 -114.67584
33.18549 -114.67537
33.18818 -114.67520
33.19037 -114.67569
33.19336 -114.67650
33.19401 -114.67668
33.19908 -114.67806
33.19949 -114.67817
33.19958 -114.67819
33.20345 -114.67876
33.20699 -114.67769
33.21084 -114.67608
33.21378 -114.67544
33.21925 -114.67373
33.22313 -114.67364
33.22551 -114.67449
33.23030 -114.67811
33.23376 -114.68158
33.23492 -114.68274
33.23748 -114.68425
33.24199 -114.68749
33.24519 -114.68939
33.24525 -114.68943
33.24643 -114.68955
33.24797 -114.68822
33.24906 -114.68543
33.25004 -114.68326
33.25222 -114.68077
33.25443 -114.67767
33.25560 -114.67450
33.25705 -114.67294
33.25850 -114.67210
33.26047 -114.67241
33.26546 -114.67461
33.27017 -114.67704
33.27358 -114.68052
33.27603 -114.68437
33.27787 -114.68861
33.27979 -114.69446
33.28048 -114.69719
33.28192 -114.70288
33.28335 -114.71121
33.28516 -114.71789
33.28699 -114.72168
33.28808 -114.72327
33.29110 -114.72501
33.29667 -114.72821
33.30072 -114.73043
33.30244 -114.73123
33.30404 -114.73123
33.30575 -114.72992
33.30828 -114.72650
33.31010 -114.72468
33.31211 -114.72363
33.31274 -114.72277
33.31407 -114.72103
33.31577 -114.71862
33.31667 -114.71707
33.31888 -114.71303
33.32047 -114.71069
33.32050 -114.71064
33.32114 -114.70981
33.32332 -114.70788
33.32771 -114.70520
33.33347 -114.70249
33.33355 -114.70245
33.33372 -114.70238
33.33523 -114.70172
33.33603 -114.70137
33.33702 -114.70095
33.34105 -114.70011
33.34570 -114.69936
33.34926 -114.69914
33.35245 -114.69805
33.35658 -114.69818
33.36115 -114.69907
33.36276 -114.69988
33.36371 -114.70037
33.36714 -114.70197
33.37124 -114.70421
33.37327 -114.70558
33.37503 -114.70673
33.37570 -114.70701
33.37579 -114.70705
33.37663 -114.70736
33.37757 -114.70755
33.37838 -114.70750
33.37860 -114.70741
33.37874 -114.70736
33.37883 -114.70733
33.37951 -114.70708
33.38064 -114.70702
33.38138 -114.70703
33.38215 -114.70722
33.38254 -114.70732
33.38415 -114.70842
33.38454 -114.70894
33.38475 -114.70921
33.38539 -114.71006
33.38561 -114.71036
33.38604 -114.71088
33.38605 -114.71089
33.38612 -114.71098
33.38617 -114.71104
33.38622 -114.71111
33.38713 -114.71224
33.38756 -114.71276
33.38790 -114.71320
33.38819 -114.71353
33.38826 -114.71361
33.38896 -114.71418
33.39072 -114.71563
33.39310 -114.71779
33.39340 -114.71808
33.39456 -114.71901
33.39480 -114.71919
33.39491 -114.71929
33.39613 -114.72047
33.39638 -114.72072
33.39692 -114.72124
33.39751 -114.72177
33.39778 -114.72201
33.39878 -114.72288
33.40042 -114.72426
33.40154 -114.72484
33.40215 -114.72516
33.40235 -114.72530
33.40406 -114.72555
33.40505 -114.72529
33.40654 -114.72384
33.40739 -114.72221
33.40742 -114.72204
33.40745 -114.72192
33.40771 -114.72085
33.40776 -114.72066
33.40790 -114.72008
33.40791 -114.71771
33.40770 -114.71583
33.40728 -114.71341
33.40726 -114.71089
33.40756 -114.70853
33.40792 -114.70595
33.40801 -114.70449
33.40803 -114.70427
33.40815 -114.70285
33.40825 -114.70245
33.40838 -114.70180
33.40892 -114.70077
33.40952 -114.69965
33.41045 -114.69824
33.41095 -114.69772
33.41141 -114.69735
33.41155 -114.69724
33.41193 -114.69694
33.41201 -114.69688
33.41209 -114.69682
33.41268 -114.69669
33.41381 -114.69655
33.41407 -114.69652
33.41513 -114.69567
33.41612 -114.69338
33.41688 -114.69100
33.41794 -114.68796
33.41792 -114.68706
33.41801 -114.68483
33.41875 -114.67753
33.41882 -114.67687
33.41883 -114.67684
33.41905 -114.67550
33.41915 -114.67480
33.41916 -114.67370
33.41888 -114.67308
33.41764 -114.66978
33.41744 -114.66924
33.41719 -114.66855
33.41678 -114.66744
33.41655 -114.66689
33.41641 -114.66662
33.41627 -114.66635
33.41617 -114.66615
33.41596 -114.66575
33.41562 -114.66507
33.41514 -114.66352
33.41475 -114.66222
33.41402 -114.66032
33.41338 -114.65907
33.41303 -114.65827
33.41296 -114.65782
33.41282 -114.65675
33.41290 -114.65427
33.41293 -114.65284
33.41364 -114.64955
33.41675 -114.64331
33.41844 -114.64102
33.42273 -114.63519
33.42503 -114.63327
33.42676 -114.63091
33.42814 -114.62965
33.43231 -114.62749
33.43344 -114.62718
33.43356 -114.62714
33.43441 -114.62684
33.43504 -114.62668
33.43718 -114.62580
33.44475 -114.62313
33.44553 -114.62290
33.44756 -114.62229
33.45088 -114.62253
33.45449 -114.62341
33.45526 -114.62338
33.45657 -114.62293
33.46271 -114.61837
33.46732 -114.61434
33.46821 -114.61406
33.46825 -114.61405
33.46838 -114.61401
33.46842 -114.61399
33.46885 -114.61386
33.46905 -114.61379
33.46995 -114.61311
33.47031 -114.61284
33.47077 -114.61248
33.47132 -114.61186
33.47302 -114.60992
33.47484 -114.60785
33.47844 -114.60491
33.47872 -114.60472
33.48064 -114.60341
33.48073 -114.60316
33.48077 -114.60306
33.48089 -114.60274
33.48093 -114.60264
33.48097 -114.60254
33.48140 -114.60171
33.48432 -114.59972
33.48681 -114.59877
33.49066 -114.59729
33.49506 -114.59455
33.49594 -114.59373
33.49780 -114.59277
33.49868 -114.59238
33.49945 -114.59157
33.50003 -114.59098
33.50129 -114.58975
33.50182 -114.58926
33.50246 -114.58825
33.50491 -114.58376
33.50647 -114.58048
33.50712 -114.57637
33.50755 -114.57377
33.50817 -114.57183
33.50922 -114.56954
33.51104 -114.56742
33.51298 -114.56540
33.51505 -114.56262
33.51560 -114.56198
33.51674 -114.56097
33.51766 -114.56075
33.51828 -114.56056
33.52114 -114.56053
33.52220 -114.56064
33.52434 -114.56085
33.52667 -114.56011
33.52906 -114.55981
33.53073 -114.55952
33.53182 -114.55891
33.53259 -114.55803
33.53989 -114.54625
33.54249 -114.54202
33.54787 -114.53181
33.54928 -114.53089
33.55010 -114.53041
33.55072 -114.52904
33.55146 -114.52601
33.55224 -114.52461
33.55290 -114.52431
33.55307 -114.52423
33.55350 -114.52435
33.55358 -114.52437
33.55369 -114.52440
33.55490 -114.52518
33.55532 -114.52551
33.55541 -114.52558
33.55692 -114.52677
33.55747 -114.52685
33.55853 -114.52763
33.55932 -114.52823
33.55993 -114.52888
33.56006 -114.52920
33.56005 -114.52942
33.56072 -114.53015
33.56105 -114.53065
33.56171 -114.53162
33.56288 -114.53234
33.56389 -114.53257
33.56423 -114.53265
33.56432 -114.53268
33.56580 -114.53319
33.56583 -114.53320
33.56685 -114.53392
33.56736 -114.53430
33.56828 -114.53523
33.56879 -114.53568
33.56916 -114.53598
33.57096 -114.53680
33.57144 -114.53693
33.57274 -114.53712
33.57300 -114.53715
33.57315 -114.53716
33.57383 -114.53723
33.57400 -114.53729
33.57475 -114.53754
33.57515 -114.53767
33.57556 -114.53781
33.57657 -114.53878
33.57680 -114.53899
33.57852 -114.53978
33.58031 -114.54023
33.58062 -114.54031
33.58233 -114.54062
33.58288 -114.54066
33.58439 -114.54057
33.58593 -114.54049
33.58638 -114.54043
33.58709 -114.54021
33.58836 -114.54012
33.58851 -114.54019
33.58878 -114.54032
33.58949 -114.54054
33.58964 -114.54061
33.58979 -114.54068
33.59063 -114.54065
33.59142 -114.54063
33.59195 -114.54016
33.59222 -114.53993
33.59302 -114.53924
33.59329 -114.53901
33.59336 -114.53894
33.59338 -114.53893
33.59359 -114.53874
33.59367 -114.53867
33.59409 -114.53829
33.59424 -114.53814
33.59470 -114.53769
33.59486 -114.53754
33.59490 -114.53750
33.59506 -114.53743
33.59511 -114.53740
33.59598 -114.53699
33.59640 -114.53679
33.59834 -114.53531
33.59911 -114.53473
33.60104 -114.53347
33.60175 -114.53297
33.60201 -114.53279
33.60294 -114.53214
33.60449 -114.53106
33.60461 -114.53088
33.60464 -114.53085
33.60478 -114.53073
33.60666 -114.52920
33.60706 -114.52875
33.60744 -114.52833
33.60784 -114.52789
33.60884 -114.52679
33.61000 -114.52401
33.61128 -114.52208
33.61218 -114.52192
33.61255 -114.52186
33.61337 -114.52212
33.61418 -114.52238
33.61581 -114.52459
33.61588 -114.52469
33.61663 -114.52573
33.61783 -114.52739
33.61848 -114.52775
33.61884 -114.52795
33.62000 -114.52859
33.62172 -114.52909
33.62216 -114.52964
33.62360 -114.53099
33.62392 -114.53123
33.62463 -114.53122
33.62503 -114.53121
33.62792 -114.53110
33.62822 -114.53105
33.62904 -114.53032
33.62916 -114.52995
33.62939 -114.52941
33.62955 -114.52907
33.63026 -114.52638
33.63471 -114.52381
33.63885 -114.52492
33.64067 -114.52541
33.64316 -114.52864
33.64387 -114.52956
33.64726 -114.53227
33.64845 -114.53323
33.65167 -114.53321
33.65320 -114.53218
33.65447 -114.53059
33.65594 -114.52517
33.65593 -114.51835
33.65802 -114.51457
33.66018 -114.51407
33.66204 -114.51535
33.66288 -114.51712
33.66269 -114.52068
33.66295 -114.52197
33.66389 -114.52645
33.66683 -114.53028
33.66971 -114.53213
33.67511 -114.53153
33.67682 -114.53105
33.67925 -114.53036
33.68269 -114.52779
33.68588 -114.52397
33.68848 -114.51912
33.69129 -114.51242
33.69172 -114.50983
33.69202 -114.50801
33.69303 -114.50500
33.69426 -114.50291
33.69506 -114.50080
33.69587 -114.49869
33.69691 -114.49650
33.69846 -114.49573
33.70151 -114.49555
33.70295 -114.49511
33.70540 -114.49442
33.70793 -114.49421
33.70806 -114.49422
33.71064 -114.49434
33.71267 -114.49464
33.71444 -114.49491
33.71524 -114.49511
33.71640 -114.49540
33.71807 -114.49610
33.71916 -114.49658
33.72003 -114.49737
33.72064 -114.49814
33.72120 -114.49921
33.72171 -114.50008
33.72221 -114.50080
33.72459 -114.50267
33.72806 -114.50419
33.73052 -114.50681
33.73181 -114.50981
33.73215 -114.51028
33.73239 -114.51051
33.73276 -114.51089
33.73277 -114.51090
33.73422 -114.51236
33.73502 -114.51198
33.73758 -114.51079
33.73782 -114.51063
33.74159 -114.50822
33.74635 -114.50601
33.75003 -114.50484
33.75100 -114.50449
33.75231 -114.50446
33.75382 -114.50439
33.75493 -114.50434
33.75639 -114.50435
33.75865 -114.50467
33.75941 -114.50478
33.76021 -114.50485
33.76047 -114.50487
33.76121 -114.50508
33.76157 -114.50518
33.76320 -114.50553
33.76474 -114.50604
33.76651 -114.50668
33.76765 -114.50702
33.76794 -114.50710
33.76813 -114.50719
33.76944 -114.50783
33.77157 -114.50883
33.77376 -114.50991
33.77632 -114.51097
33.77876 -114.51201
33.78141 -114.51335
33.78337 -114.51430
33.78494 -114.51524
33.78655 -114.51598
33.78835 -114.51675
33.79019 -114.51729
33.79225 -114.51776
33.79500 -114.51845
33.79642 -114.51865
33.79731 -114.51895
33.79828 -114.51950
33.79948 -114.52011
33.80082 -114.52082
33.80199 -114.52157
33.80305 -114.52202
33.80422 -114.52242
33.80525 -114.52282
33.80613 -114.52338
33.80750 -114.52404
33.80897 -114.52469
33.81023 -114.52546
33.81152 -114.52641
33.81233 -114.52697
33.81264 -114.52720
33.81363 -114.52767
33.81439 -114.52788
33.81497 -114.52806
33.81562 -114.52790
33.81620 -114.52717
33.81687 -114.52593
33.81756 -114.52464
33.81898 -114.52273
33.82085 -114.52142
33.82204 -114.52074
33.82384 -114.52016
33.82539 -114.51998
33.82778 -114.52048
33.82906 -114.52092
33.83226 -114.52218
33.83339 -114.52272
33.83533 -114.52342
33.83613 -114.52383
33.83706 -114.52457
33.83862 -114.52555
33.84001 -114.52606
33.84257 -114.52723
33.84447 -114.52802
33.84668 -114.52904
33.84807 -114.52961
33.84951 -114.52998
33.85041 -114.53012
33.85135 -114.53022
33.85223 -114.53009
33.85267 -114.53011
33.85315 -114.53019
33.85388 -114.53035
33.85430 -114.53043
33.85501 -114.53055
33.85545 -114.53062
33.85658 -114.53034
33.85728 -114.53002
33.85757 -114.52989
33.85831 -114.52889
33.85893 -114.52792
33.85943 -114.52708
33.86001 -114.52568
33.86014 -114.52430
33.85997 -114.52288
33.85965 -114.52177
33.85929 -114.52085
33.85900 -114.52007
33.85857 -114.51901
33.85832 -114.51785
33.85827 -114.51760
33.85813 -114.51682
33.85827 -114.51564
33.85864 -114.51468
33.85901 -114.51399
33.85990 -114.51322
33.86069 -114.51247
33.86158 -114.51136
33.86226 -114.50991
33.86277 -114.50868
33.86313 -114.50749
33.86349 -114.50665
33.86428 -114.50565
33.86518 -114.50461
33.86576 -114.50390
33.86645 -114.50343
33.86717 -114.50312
33.86800 -114.50303
33.86879 -114.50308
33.86955 -114.50329
33.87053 -114.50368
33.87124 -114.50387
33.87189 -114.50390
33.87252 -114.50383
33.87332 -114.50370
33.87402 -114.50361
33.87502 -114.50341
33.87607 -114.50381
33.87689 -114.50435
33.87767 -114.50528
33.87866 -114.50666
33.87964 -114.50809
33.88078 -114.51015
33.88153 -114.51101
33.88289 -114.51248
33.88421 -114.51378
33.88559 -114.51555
33.88670 -114.51672
33.88827 -114.51867
33.88978 -114.51999
33.89128 -114.52152
33.89259 -114.52278
33.89364 -114.52365
33.89564 -114.52479
33.89569 -114.52482
33.89700 -114.52527
33.89838 -114.52555
33.89941 -114.52576
33.90024 -114.52588
33.90101 -114.52588
33.90143 -114.52570
33.90165 -114.52506
33.90159 -114.52430
33.90114 -114.52295
33.90054 -114.52184
33.89993 -114.52072
33.89924 -114.51933
33.89836 -114.51739
33.89792 -114.51636
33.89781 -114.51500
33.89796 -114.51373
33.89839 -114.51239
33.89910 -114.51096
33.89979 -114.50969
33.90065 -114.50872
33.90182 -114.50800
33.90282 -114.50786
33.90381 -114.50793
33.90497 -114.50816
33.90610 -114.50857
33.90721 -114.50917
33.90849 -114.50989
33.90960 -114.51056
33.91110 -114.51152
33.91209 -114.51240
33.91285 -114.51319
33.91292 -114.51321
33.91422 -114.51451
33.91538 -114.51589
33.91633 -114.51710
33.91752 -114.51845
33.91816 -114.51925
33.91880 -114.52011
33.91952 -114.52105
33.92029 -114.52215
33.92123 -114.52340
33.92176 -114.52439
33.92228 -114.52537
33.92291 -114.52671
33.92368 -114.52840
33.92405 -114.52950
33.92464 -114.53112
33.92488 -114.53231
33.92501 -114.53330
33.92510 -114.53371
33.92519 -114.53414
33.92519 -114.53416
33.92538 -114.53458
33.92571 -114.53496
33.92630 -114.53522
33.92684 -114.53542
33.92754 -114.53576
33.92761 -114.53578
33.92811 -114.53586
33.92871 -114.53588
33.93026 -114.53585
33.93131 -114.53580
33.93356 -114.53569
33.93466 -114.53549
33.93576 -114.53497
33.93690 -114.53447
33.93796 -114.53369
33.93886 -114.53317
33.94001 -114.53252
33.94105 -114.53196
33.94212 -114.53140
33.94363 -114.53058
33.94531 -114.52991
33.94675 -114.52926
33.94782 -114.52869
33.94861 -114.52810
33.94971 -114.52716
33.95030 -114.52679
33.95092 -114.52636
33.95147 -114.52582
33.95219 -114.52519
33.95262 -114.52484
33.95313 -114.52440
33.95352 -114.52403
33.95383 -114.52380
33.95418 -114.52352
33.95443 -114.52332
33.95467 -114.52314
33.95504 -114.52275
33.95531 -114.52235
33.95563 -114.52201
33.95586 -114.52154
33.95607 -114.52112
33.95620 -114.52074
33.95631 -114.52031
33.95659 -114.51960
33.95682 -114.51899
33.95720 -114.51836
33.95760 -114.51768
33.95788 -114.51672
33.95811 -114.51587
33.95815 -114.51498
33.95794 -114.51435
33.95771 -114.51346
33.95737 -114.51259
33.95727 -114.51222
33.95720 -114.51193
33.95705 -114.51124
33.95705 -114.51044
33.95727 -114.50958
33.95751 -114.50876
33.95753 -114.50868
33.95784 -114.50809
33.95820 -114.50746
33.95838 -114.50699
33.95874 -114.50636
33.95903 -114.50569
33.95933 -114.50502
33.95942 -114.50482
33.95977 -114.50417
33.96012 -114.50339
33.96060 -114.50256
33.96109 -114.50173
33.96152 -114.50090
33.96158 -114.50080
33.96161 -114.50031
33.96167 -114.50013
33.96179 -114.49989
33.96201 -114.49966
33.96246 -114.49921
33.96284 -114.49893
33.96304 -114.49877
33.96373 -114.49815
33.96465 -114.49725
33.96590 -114.49605
33.96684 -114.49506
33.96775 -114.49406
33.96879 -114.49278
33.96928 -114.49221
33.96938 -114.49213
33.96972 -114.49152
33.96985 -114.49134
33.97030 -114.49080
33.97063 -114.49041
33.97093 -114.49014
33.97138 -114.48974
33.97152 -114.48963
33.97207 -114.48923
33.97284 -114.48847
33.97358 -114.48751
33.97393 -114.48707
33.97440 -114.48647
33.97494 -114.48536
33.97552 -114.48480
33.97635 -114.48412
33.97704 -114.48358
33.97775 -114.48311
33.97858 -114.48279
33.97953 -114.48260
33.98019 -114.48234
33.98071 -114.48198
33.98127 -114.48147
33.98168 -114.48096
33.98221 -114.48021
33.98249 -114.47970
33.98275 -114.47924
33.98312 -114.47847
33.98323 -114.47826
33.98368 -114.47744
33.98407 -114.47663
33.98443 -114.47592
33.98536 -114.47466
33.98576 -114.47410
33.98639 -114.47323
33.98672 -114.47278
33.98709 -114.47227
33.98711 -114.47225
33.98805 -114.47115
33.98846 -114.47078
33.98849 -114.47075
33.98898 -114.47037
33.98938 -114.47026
33.99007 -114.46993
33.99064 -114.46959
33.99126 -114.46916
33.99189 -114.46880
33.99241 -114.46838
33.99288 -114.46794
33.99323 -114.46735
33.99339 -114.46685
33.99347 -114.46620
33.99343 -114.46551
33.99343 -114.46487
33.99344 -114.46362
33.99345 -114.46227
33.99355 -114.46114
33.99389 -114.46013
33.99472 -114.45927
33.99556 -114.45864
33.99644 -114.45821
33.99716 -114.45804
33.99783 -114.45804
33.99811 -114.45818
33.99868 -114.45845
33.99929 -114.45880
34.00002 -114.45920
34.00042 -114.45979
34.00113 -114.46070
34.00126 -114.46098
34.00226 -114.46314
34.00347 -114.46548
34.00389 -114.46629
34.00436 -114.46666
34.00520 -114.46732
34.00631 -114.46737
34.00746 -114.46742
34.00780 -114.46729
34.00852 -114.46704
34.00944 -114.46672
34.01099 -114.46588
34.01199 -114.46454
34.01226 -114.46335
34.01212 -114.46214
34.01184 -114.45987
34.01097 -114.45482
34.01258 -114.45022
34.01422 -114.44683
34.01618 -114.44383
34.01933 -114.44055
34.02261 -114.43828
34.02602 -114.43686
34.02809 -114.43618
34.03303 -114.43542
34.03779 -114.43496
34.04257 -114.43551
34.04262 -114.43552
34.04374 -114.43583
34.04756 -114.43731
34.05021 -114.43861
34.05382 -114.43942
34.05790 -114.43935
34.06104 -114.43900
34.06703 -114.43843
34.07194 -114.43769
34.07433 -114.43699
34.07621 -114.43633
34.07750 -114.43592
34.07973 -114.43544
34.08650 -114.43436
34.08738 -114.43419
34.08842 -114.43339
34.08972 -114.43166
34.09279 -114.42804
34.09467 -114.42721
34.09482 -114.42715
34.09499 -114.42708
34.09569 -114.42677
34.09705 -114.42618
34.09749 -114.42555
34.09765 -114.42528
34.09847 -114.42433
34.09850 -114.42429
34.09860 -114.42417
34.09967 -114.42291
34.10090 -114.42213
34.10133 -114.42186
34.10347 -114.42051
34.10596 -114.41771
34.10764 -114.41592
34.10821 -114.41485
34.10834 -114.41460
34.11004 -114.41169
34.11040 -114.41025
34.11044 -114.41012
34.11052 -114.40981
34.11100 -114.40801
34.11129 -114.40691
34.11130 -114.40687
34.11147 -114.40593
34.11146 -114.40521
34.11159 -114.40227
34.11164 -114.40158
34.11164 -114.40135
34.11160 -114.40110
34.11155 -114.40083
34.11152 -114.40071
34.11144 -114.40012
34.11134 -114.39945
34.11131 -114.39922
34.11120 -114.39850
34.11114 -114.39810
34.11113 -114.39798
34.11112 -114.39788
34.11111 -114.39779
34.11109 -114.39764
34.11105 -114.39732
34.11104 -114.39728
34.11081 -114.39534
34.11054 -114.39279
34.11009 -114.39058
34.11068 -114.38910
34.11133 -114.38783
34.11147 -114.38753
34.11173 -114.38702
34.11184 -114.38682
34.11219 -114.38619
34.11223 -114.38612
34.11228 -114.38602
34.11243 -114.38575
34.11332 -114.38409
34.11490 -114.38152
34.11516 -114.38094
34.11524 -114.38073
34.11527 -114.38073
34.11600 -114.37923
34.11665 -114.37579
34.11670 -114.37450
34.11697 -114.37218
34.11752 -114.36930
34.11812 -114.36772
34.11858 -114.36653
34.12002 -114.36454
34.12172 -114.36265
34.12281 -114.36136
34.12358 -114.36041
34.12423 -114.35993
34.12444 -114.35982
34.12453 -114.35978
34.12468 -114.35971
34.12502 -114.35940
34.12541 -114.35929
34.12574 -114.35919
34.12600 -114.35911
34.12624 -114.35900
34.12673 -114.35876
34.12762 -114.35837
34.12866 -114.35767
34.12957 -114.35704
34.13043 -114.35638
34.13107 -114.35563
34.13176 -114.35489
34.13227 -114.35424
34.13274 -114.35355
34.13313 -114.35304
34.13362 -114.35175
34.13411 -114.35049
34.13433 -114.34917
34.13442 -114.34850
34.13446 -114.34806
34.13443 -114.34575
34.13438 -114.34562
34.13438 -114.34558
34.13432 -114.34407
34.13431 -114.34393
34.13425 -114.34163
34.13421 -114.34003
34.13412 -114.33921
34.13407 -114.33863
34.13404 -114.33831
34.13404 -114.33612
34.13442 -114.33434
34.13469 -114.33307
34.13495 -114.33197
34.13496 -114.33171
34.13497 -114.33166
34.13512 -114.33075
34.13547 -114.32992
34.13551 -114.32981
34.13565 -114.32949
34.13634 -114.32670
34.13646 -114.32611
34.13652 -114.32582
34.13660 -114.32544
34.13676 -114.32459
34.13687 -114.32434
34.13810 -114.32163
34.13864 -114.32079
34.13930 -114.31997
34.14048 -114.31830
34.14419 -114.31307
34.14446 -114.31260
34.14478 -114.31222
34.14506 -114.31196
34.14539 -114.31167
34.14599 -114.31133
34.14650 -114.31108
34.14757 -114.31031
34.14791 -114.31004
34.14823 -114.30969
34.14878 -114.30911
34.14946 -114.30860
34.14957 -114.30852
34.14971 -114.30842
34.15058 -114.30781
34.15144 -114.30704
34.15200 -114.30651
34.15266 -114.30590
34.15318 -114.30531
34.15384 -114.30464
34.15429 -114.30413
34.15495 -114.30341
34.15581 -114.30258
34.15622 -114.30220
34.15633 -114.30211
34.15638 -114.30206
34.15695 -114.30158
34.15712 -114.30144
34.15807 -114.30051
34.15895 -114.29954
34.15946 -114.29902
34.15958 -114.29890
34.15996 -114.29853
34.16033 -114.29818
34.16132 -114.29735
34.16592 -114.29352
34.16638 -114.29310
34.16673 -114.29282
34.16706 -114.29238
34.16814 -114.29079
34.16907 -114.28942
34.16910 -114.28938
34.17011 -114.28791
34.17053 -114.28731
34.17066 -114.28703
34.17072 -114.28674
34.17169 -114.27902
34.17214 -114.27543
34.17215 -114.27528
34.17206 -114.27497
34.17205 -114.27494
34.17027 -114.26900
34.17018 -114.26847
34.17021 -114.26828
34.17125 -114.26387
34.17157 -114.26239
34.17182 -114.26125
34.17212 -114.26018
34.17240 -114.25910
34.17263 -114.25801
34.17284 -114.25705
34.17312 -114.25609
34.17348 -114.25516
34.17384 -114.25415
34.17413 -114.25346
34.17436 -114.25303
34.17454 -114.25269
34.17472 -114.25240
34.17574 -114.25079
34.17941 -114.24443
34.17963 -114.24420
34.18189 -114.24186
34.18324 -114.24072
34.18371 -114.23953
34.18513 -114.23543
34.18693 -114.22973
34.18743 -114.22903
34.18887 -114.22705
34.19124 -114.22583
34.19390 -114.22495
34.19635 -114.22506
34.19682 -114.22509
34.19924 -114.22580
34.20178 -114.22587
34.20365 -114.22521
34.20514 -114.22340
34.20896 -114.21547
34.21154 -114.21177
34.21551 -114.20826
34.21665 -114.20693
34.21733 -114.20614
34.21853 -114.20474
34.22341 -114.19905
34.23086 -114.19089
34.23982 -114.17828
34.23997 -114.17806
34.24152 -114.17641
34.24270 -114.17596
34.24417 -114.17597
34.24559 -114.17592
34.24618 -114.17565
34.24731 -114.17461
34.24771 -114.17367
34.24777 -114.17347
34.24827 -114.17165
34.24834 -114.17140
34.24909 -114.16859
34.24965 -114.16655
34.25002 -114.16614
34.25167 -114.16449
34.25335 -114.16388
34.25538 -114.16397
34.25725 -114.16482
34.25849 -114.16535
34.25913 -114.16526
34.25970 -114.16466
34.25926 -114.16110
34.25842 -114.15686
34.25829 -114.15336
34.25890 -114.15029
34.25957 -114.14717
34.25963 -114.14479
34.25909 -114.14175
34.25814 -114.13775
34.25789 -114.13546
34.25847 -114.13328
34.25913 -114.13266
34.26006 -114.13181
34.26039 -114.13150
34.26175 -114.13134
34.26274 -114.13122
34.26323 -114.13150
34.26365 -114.13173
34.26545 -114.13273
34.26897 -114.13478
34.27233 -114.13609
34.27438 -114.13668
34.27702 -114.13706
34.27894 -114.13652
34.28084 -114.13606
34.28394 -114.13669
34.28857 -114.13838
34.29264 -114.13904
34.29324 -114.13913
34.29497 -114.13941
34.29585 -114.13955
34.29641 -114.13946
34.29661 -114.13943
34.29669 -114.13941
34.29677 -114.13940
34.29808 -114.13920
34.30094 -114.13818
34.30324 -114.13829
34.30382 -114.13887
34.30559 -114.14062
34.30592 -114.14094
34.30613 -114.14124
34.30828 -114.14433
34.30981 -114.14613
34.31088 -114.14739
34.31211 -114.14964
34.31498 -114.15345
34.31573 -114.15444
34.31703 -114.15614
34.31714 -114.15628
34.31726 -114.15642
34.31739 -114.15660
34.31753 -114.15678
34.31787 -114.15722
34.32028 -114.15795
34.32457 -114.16049
34.32754 -114.16224
34.32815 -114.16262
34.33082 -114.16426
34.33577 -114.16696
34.33604 -114.16710
34.33952 -114.16882
34.34498 -114.17286
34.34673 -114.17449
34.34747 -114.17519
34.34821 -114.17588
34.34866 -114.17631
34.34911 -114.17673
34.34931 -114.17692
34.35113 -114.17960
34.35219 -114.18116
34.35439 -114.18557
34.35613 -114.19111
34.35689 -114.19245
34.35711 -114.19284
34.35733 -114.19322
34.35737 -114.19328
34.35796 -114.19433
34.35856 -114.19537
34.35919 -114.19649
34.36138 -114.19949
34.36152 -114.20107
34.36171 -114.20324
34.36196 -114.20598
34.36237 -114.21236
34.36247 -114.21379
34.36398 -114.21987
34.36420 -114.22058
34.36592 -114.22612
34.36681 -114.22718
34.36891 -114.22970
34.37089 -114.23079
34.37240 -114.23163
34.37391 -114.23246
34.37413 -114.23258
34.37480 -114.23295
34.37502 -114.23308
34.37570 -114.23358
34.37667 -114.23429
34.37843 -114.23642
34.37914 -114.23728
34.38059 -114.23892
34.38143 -114.23988
34.38244 -114.24112
34.38372 -114.24269
34.38559 -114.24518
34.38566 -114.24527
34.38744 -114.24772
34.38812 -114.24866
34.38930 -114.25080
34.38953 -114.25136
34.38976 -114.25192
34.39011 -114.25275
34.39136 -114.25425
34.39219 -114.25525
34.39505 -114.25823
34.39739 -114.26036
34.39855 -114.26131
34.39905 -114.26172
34.40038 -114.26292
34.40133 -114.26433
34.40203 -114.26589
34.40249 -114.26753
34.40261 -114.26867
34.40280 -114.27058
34.40297 -114.27220
34.40301 -114.27714
34.40306 -114.27831
34.40307 -114.27837
34.40315 -114.28012
34.40356 -114.28188
34.40365 -114.28227
34.40424 -114.28406
34.40497 -114.28571
34.40535 -114.28681
34.40540 -114.28689
34.40663 -114.28867
34.40677 -114.28880
34.40830 -114.29023
34.40979 -114.29117
34.41084 -114.29164
34.41111 -114.29176
34.41206 -114.29195
34.41480 -114.29198
34.41497 -114.29197
34.41527 -114.29196
34.41624 -114.29191
34.41761 -114.29224
34.41953 -114.29340
34.41989 -114.29368
34.42139 -114.29485
34.42514 -114.29911
34.42645 -114.30060
34.42681 -114.30103
34.42700 -114.30140
34.42729 -114.30199
34.42759 -114.30259
34.42842 -114.30427
34.42858 -114.30458
34.43049 -114.30867
34.43170 -114.31036
34.43273 -114.31226
34.43342 -114.31362
34.43427 -114.31531
34.43507 -114.31697
34.43584 -114.31907
34.43629 -114.32092
34.43635 -114.32116
34.43673 -114.32277
34.43691 -114.32368
34.43712 -114.32479
34.43726 -114.32614
34.43752 -114.32644
34.43786 -114.32673
34.43805 -114.32689
34.43879 -114.32725
34.44061 -114.32814
34.44096 -114.32832
34.44230 -114.32900
34.44530 -114.33068
34.44619 -114.33140
34.44666 -114.33177
34.44809 -114.33300
34.44934 -114.33426
34.44940 -114.33436
34.45004 -114.33538
34.45032 -114.33598
34.45065 -114.33667
34.45092 -114.33749
34.45112 -114.33809
34.45138 -114.33933
34.45144 -114.33964
34.45151 -114.34081
34.45145 -114.34263
34.45120 -114.34439
34.45108 -114.34501
34.45077 -114.34654
34.45068 -114.34687
34.45017 -114.34899
34.45014 -114.34932
34.45002 -114.35184
34.44999 -114.35313
34.44994 -114.35416
34.44975 -114.35599
34.44975 -114.35604
34.44966 -114.35638
34.44949 -114.35707
34.44931 -114.35777
34.44887 -114.35947
34.44868 -114.36022
34.44809 -114.36242
34.44778 -114.36342
34.44767 -114.36446
34.44766 -114.36454
34.44765 -114.36462
34.44736 -114.36729
34.44700 -114.37123
34.44689 -114.37304
34.44694 -114.37373
34.44712 -114.37442
34.44745 -114.37522
34.44759 -114.37545
34.44780 -114.37580
34.45038 -114.37886
34.45398 -114.38300
34.45546 -114.38444
34.45624 -114.38519
34.45641 -114.38534
34.45792 -114.38671
34.45918 -114.38725
34.46009 -114.38737
34.46050 -114.38742
34.46203 -114.38720
34.46252 -114.38703
34.46383 -114.38660
34.46439 -114.38634
34.46598 -114.38562
34.46770 -114.38484
34.47041 -114.38354
34.47179 -114.38301
34.47215 -114.38288
34.47252 -114.38274
34.47313 -114.38251
34.47586 -114.38176
34.47605 -114.38171
34.47626 -114.38170
34.47789 -114.38157
34.47799 -114.38158
34.47904 -114.38170
34.47998 -114.38182
34.48105 -114.38195
34.48238 -114.38217
34.48498 -114.38261
34.48540 -114.38266
34.48680 -114.38283
34.48831 -114.38299
34.48891 -114.38305
34.49114 -114.38295
34.49151 -114.38293
34.49220 -114.38285
34.49374 -114.38269
34.49486 -114.38251
34.49576 -114.38237
34.49592 -114.38233
34.49785 -114.38181
34.49803 -114.38177
34.49903 -114.38148
34.49925 -114.38141
34.50002 -114.38105
34.50051 -114.38085
34.50070 -114.38077
34.50101 -114.38065
34.50222 -114.38017
34.50274 -114.37995
34.50342 -114.37968
34.50729 -114.37814
34.50797 -114.37814
34.51653 -114.37823
34.52240 -114.37940
34.52716 -114.38034
34.52973 -114.38085
34.53165 -114.38212
34.53183 -114.38224
34.54201 -114.38897
34.54299 -114.38961
34.54376 -114.39006
34.54710 -114.39197
34.55045 -114.39388
34.55224 -114.39490
34.55403 -114.39593
34.55439 -114.39613
34.55474 -114.39634
34.55526 -114.39663
34.55577 -114.39692
34.55915 -114.39886
34.56014 -114.39947
34.56325 -114.40140
34.56859 -114.40472
34.56964 -114.40524
34.57011 -114.40596
34.58046 -114.42200
34.58072 -114.42239
34.59258 -114.43440
34.59385 -114.43568
34.59541 -114.43648
34.59593 -114.43674
34.59608 -114.43682
34.59680 -114.43637
34.59920 -114.42763
34.59923 -114.42751
34.60085 -114.42535
34.60102 -114.42524
34.60124 -114.42509
34.60145 -114.42494
34.60234 -114.42434
34.60335 -114.42432
34.60536 -114.42429
34.60694 -114.42427
34.60737 -114.42426
34.61046 -114.42421
34.61215 -114.42601
34.61335 -114.42728
34.61455 -114.42856
34.61465 -114.42866
34.61877 -114.43477
34.62098 -114.43804
34.62146 -114.43875
34.62232 -114.43888
34.62286 -114.43896
34.62332 -114.43903
34.62432 -114.43919
34.62448 -114.43921
34.62467 -114.43924
34.62501 -114.43929
34.62586 -114.43951
34.62681 -114.43995
34.62816 -114.44059
34.62841 -114.44071
34.62865 -114.44082
34.63018 -114.44141
34.63106 -114.44149
34.63129 -114.44151
34.63152 -114.44153
34.63153 -114.44154
34.63163 -114.44151
34.63312 -114.44111
34.63474 -114.44070
34.63641 -114.44047
34.63825 -114.44031
34.64001 -114.44052
34.64007 -114.44053
34.64123 -114.44102
34.64254 -114.44148
34.64288 -114.44167
34.64300 -114.44174
34.64312 -114.44180
34.64325 -114.44187
34.64337 -114.44194
34.64416 -114.44237
34.64531 -114.44325
34.64655 -114.44429
34.64755 -114.44568
34.64850 -114.44669
34.64952 -114.44765
34.65056 -114.44872
34.65069 -114.44885
34.65113 -114.44928
34.65143 -114.44956
34.65243 -114.45103
34.65350 -114.45256
34.65443 -114.45408
34.65516 -114.45532
34.65627 -114.45704
34.65712 -114.45800
34.65789 -114.45819
34.65800 -114.45822
34.65806 -114.45821
34.65869 -114.45810
34.65926 -114.45776
34.65933 -114.45771
34.66000 -114.45720
34.66048 -114.45636
34.66183 -114.45456
34.66284 -114.45300
34.66331 -114.45247
34.66347 -114.45227
34.66364 -114.45208
34.66390 -114.45180
34.66466 -114.45122
34.66492 -114.45103
34.66576 -114.45064
34.66580 -114.45063
34.66684 -114.45052
34.66783 -114.45089
34.66861 -114.45154
34.66990 -114.45303
34.67124 -114.45432
34.67218 -114.45475
34.67232 -114.45481
34.67310 -114.45492
34.67333 -114.45491
34.67375 -114.45488
34.67450 -114.45483
34.67564 -114.45489
34.67685 -114.45536
34.67734 -114.45555
34.67890 -114.45651
34.68117 -114.45817
34.68171 -114.45862
34.68188 -114.45876
34.68205 -114.45890
34.68235 -114.45915
34.68264 -114.45939
34.68349 -114.46009
34.68581 -114.46219
34.68630 -114.46253
34.68650 -114.46266
34.68670 -114.46280
34.68715 -114.46310
34.68760 -114.46341
34.68795 -114.46364
34.68830 -114.46382
34.69021 -114.46478
34.69121 -114.46526
34.69227 -114.46562
34.69319 -114.46592
34.69420 -114.46619
34.69550 -114.46650
34.69682 -114.46675
34.69760 -114.46701
34.69812 -114.46717
34.69920 -114.46753
34.69942 -114.46760
34.70085 -114.46791
34.70179 -114.46810
34.70332 -114.46823
34.70445 -114.46814
34.70601 -114.46833
34.70631 -114.46839
34.70758 -114.46863
34.70884 -114.46914
34.71001 -114.46970
34.71137 -114.47049
34.71222 -114.47100
34.71297 -114.47163
34.71310 -114.47185
34.71314 -114.47191
34.71318 -114.47198
34.71358 -114.47261
34.71397 -114.47369
34.71423 -114.47497
34.71433 -114.47594
34.71452 -114.47731
34.71458 -114.47872
34.71463 -114.48068
34.71454 -114.48237
34.71452 -114.48279
34.71457 -114.48294
34.71521 -114.48477
34.71614 -114.48657
34.71663 -114.48752
34.71704 -114.48771
34.71712 -114.48774
34.71721 -114.48778
34.71722 -114.48779
34.71863 -114.48845
34.71881 -114.48854
34.71899 -114.48864
34.71923 -114.48877
34.71931 -114.48882
34.71953 -114.48894
34.71974 -114.48906
34.71994 -114.48918
34.72016 -114.48930
34.72033 -114.48936
34.72396 -114.49061
34.72435 -114.49076
34.72468 -114.49090
34.72485 -114.49098
34.72505 -114.49121
34.72522 -114.49141
34.72571 -114.49203
34.72597 -114.49240
34.72618 -114.49280
34.72720 -114.49460
34.72762 -114.49530
34.72796 -114.49587
34.72836 -114.49679
34.72841 -114.49690
34.72873 -114.49814
34.72910 -114.49902
34.72961 -114.49985
34.72982 -114.50010
34.73042 -114.50081
34.73125 -114.50337
34.73169 -114.50471
34.73211 -114.50600
34.73293 -114.50833
