CA_Climate_Zone_03_EastBay
38.05822 -122.24284
38.05823 -122.24337
38.05820 -122.24373
38.05810 -122.24395
38.05791 -122.24455
38.05781 -122.24480
38.05782 -122.24491
38.05771 -122.24525
38.05763 -122.24538
38.05759 -122.24557
38.05760 -122.24576
38.05761 -122.24587
38.05752 -122.24613
38.05723 -122.24685
38.05681 -122.24777
38.05668 -122.24803
38.05633 -122.24889
38.05457 -122.25099
38.05427 -122.25131
38.05383 -122.25164
38.05347 -122.25185
38.05318 -122.25204
38.05299 -122.25227
38.05292 -122.25244
38.05292 -122.25272
38.05288 -122.25312
38.05286 -122.25360
38.05285 -122.25397
38.05274 -122.25439
38.05263 -122.25467
38.05246 -122.25493
38.05222 -122.25516
38.05193 -122.25532
38.05178 -122.25536
38.05123 -122.25587
38.05124 -122.25629
38.05133 -122.25691
38.05137 -122.25723
38.05147 -122.25740
38.05155 -122.25763
38.05168 -122.25840
38.05177 -122.25871
38.05182 -122.25891
38.05175 -122.25903
38.05177 -122.25928
38.05182 -122.25948
38.05175 -122.25986
38.05170 -122.26023
38.05174 -122.26024
38.05172 -122.26049
38.05174 -122.26065
38.05170 -122.26069
38.05133 -122.26153
38.05105 -122.26201
38.05098 -122.26218
38.05091 -122.26227
38.05076 -122.26234
38.04938 -122.26270
38.04902 -122.26275
38.04888 -122.26273
38.04872 -122.26267
38.04824 -122.26215
38.04801 -122.26208
38.04562 -122.26237
38.04312 -122.26274
38.04294 -122.26282
38.04273 -122.26302
38.04271 -122.26341
38.04256 -122.26360
38.04243 -122.26384
38.04231 -122.26439
38.04225 -122.26451
38.04217 -122.26460
38.04201 -122.26467
38.04181 -122.26472
38.04157 -122.26469
38.04133 -122.26454
38.04106 -122.26423
38.04098 -122.26417
38.04089 -122.26412
38.04080 -122.26413
38.04056 -122.26424
38.04004 -122.26476
38.03970 -122.26522
38.03956 -122.26553
38.03943 -122.26600
38.03929 -122.26653
38.03908 -122.26751
38.03872 -122.26841
38.03845 -122.26935
38.03836 -122.26976
38.03833 -122.27004
38.03840 -122.27025
38.03851 -122.27035
38.03863 -122.27040
38.03878 -122.27041
38.04002 -122.27029
38.04044 -122.27039
38.04094 -122.27059
38.04104 -122.27070
38.04109 -122.27091
38.04098 -122.27131
38.04088 -122.27156
38.04067 -122.27197
38.04047 -122.27221
38.03983 -122.27281
38.03950 -122.27317
38.03907 -122.27372
38.03872 -122.27391
38.03849 -122.27390
38.03838 -122.27381
38.03830 -122.27370
38.03818 -122.27332
38.03808 -122.27320
38.03798 -122.27320
38.03729 -122.27368
38.03697 -122.27431
38.03687 -122.27447
38.03657 -122.27477
38.03640 -122.27485
38.03622 -122.27488
38.03601 -122.27486
38.03577 -122.27484
38.03541 -122.27477
38.03530 -122.27478
38.03371 -122.27497
38.03242 -122.27519
38.03157 -122.27540
38.03078 -122.27576
38.03009 -122.27618
38.02936 -122.27645
38.02850 -122.27719
38.02777 -122.27807
38.02744 -122.27861
38.02728 -122.27910
38.02716 -122.27935
38.02683 -122.27961
38.02654 -122.27979
38.02438 -122.28087
38.02371 -122.28132
38.02303 -122.28183
38.02255 -122.28225
38.02211 -122.28289
38.02180 -122.28363
38.02146 -122.28467
38.02128 -122.28530
38.02128 -122.28568
38.02128 -122.28682
38.02132 -122.28713
38.02140 -122.28741
38.02228 -122.28897
38.02251 -122.28969
38.02252 -122.28980
38.02247 -122.28991
38.02214 -122.29026
38.02203 -122.29030
38.02192 -122.29027
38.02159 -122.28998
38.02149 -122.28993
38.02139 -122.28991
38.02088 -122.28989
38.02047 -122.28968
38.02022 -122.28959
38.02012 -122.28958
38.01931 -122.28976
38.01886 -122.29005
38.01814 -122.29065
38.01712 -122.29141
38.01700 -122.29155
38.01679 -122.29203
38.01636 -122.29271
38.01606 -122.29345
38.01591 -122.29362
38.01575 -122.29386
38.01546 -122.29451
38.01502 -122.29577
38.01461 -122.29662
38.01442 -122.29706
38.01433 -122.29721
38.01414 -122.29738
38.01395 -122.29742
38.01379 -122.29741
38.01298 -122.29748
38.01221 -122.29764
38.01196 -122.29775
38.01155 -122.29808
38.01108 -122.29867
38.01092 -122.29892
38.01073 -122.29950
38.01064 -122.29966
38.01034 -122.29995
38.01028 -122.30006
38.01023 -122.30041
38.01021 -122.30081
38.01030 -122.30248
38.01042 -122.30419
38.01046 -122.30522
38.01044 -122.30594
38.01003 -122.30806
38.00994 -122.30864
38.00990 -122.30944
38.00996 -122.30983
38.01034 -122.31122
38.01080 -122.31278
38.01110 -122.31410
38.01123 -122.31476
38.01120 -122.31542
38.01127 -122.31581
38.01141 -122.31595
38.01163 -122.31606
38.01173 -122.31616
38.01174 -122.31623
38.01171 -122.31627
38.01161 -122.31631
38.01138 -122.31635
38.01115 -122.31654
38.01103 -122.31675
38.01074 -122.31743
38.01016 -122.31824
38.00817 -122.32040
38.00698 -122.32177
38.00592 -122.32326
38.00507 -122.32452
38.00359 -122.32691
38.00352 -122.32716
38.00348 -122.32779
38.00328 -122.32890
38.00319 -122.32903
38.00260 -122.32932
38.00243 -122.32951
38.00214 -122.32994
38.00196 -122.33030
38.00192 -122.33046
38.00192 -122.33088
38.00189 -122.33109
38.00109 -122.33283
38.00107 -122.33299
38.00109 -122.33320
38.00129 -122.33358
38.00128 -122.33381
38.00129 -122.33404
38.00131 -122.33415
38.00136 -122.33428
38.00150 -122.33446
38.00158 -122.33474
38.00160 -122.33529
38.00152 -122.33575
38.00153 -122.33615
38.00158 -122.33643
38.00234 -122.33823
38.00235 -122.33850
38.00234 -122.33899
38.00242 -122.33940
38.00254 -122.33983
38.00288 -122.34046
38.00297 -122.34072
38.00296 -122.34107
38.00300 -122.34158
38.00333 -122.34256
38.00344 -122.34273
38.00405 -122.34341
38.00443 -122.34404
38.00474 -122.34444
38.00556 -122.34528
38.00568 -122.34545
38.00578 -122.34564
38.00580 -122.34584
38.00544 -122.34624
38.00540 -122.34652
38.00538 -122.34735
38.00548 -122.34831
38.00569 -122.34913
38.00594 -122.34979
38.00601 -122.35013
38.00610 -122.35029
38.00636 -122.35055
38.00660 -122.35071
38.00769 -122.35162
38.00785 -122.35200
38.00820 -122.35344
38.00836 -122.35397
38.00842 -122.35430
38.00841 -122.35486
38.00831 -122.35537
38.00828 -122.35566
38.00838 -122.35645
38.00834 -122.35720
38.00817 -122.35845
38.00820 -122.35920
38.00822 -122.35973
38.00833 -122.36026
38.00846 -122.36076
38.00905 -122.36199
38.00944 -122.36268
38.00993 -122.36331
38.01023 -122.36356
38.01037 -122.36363
38.01060 -122.36370
38.01122 -122.36379
38.01130 -122.36382
38.01158 -122.36404
38.01201 -122.36418
38.01225 -122.36418
38.01243 -122.36424
38.01250 -122.36432
38.01258 -122.36453
38.01262 -122.36490
38.01258 -122.36535
38.01242 -122.36635
38.01232 -122.36662
38.01223 -122.36675
38.01214 -122.36684
38.01125 -122.36721
38.01090 -122.36728
38.01041 -122.36725
38.01020 -122.36727
38.00928 -122.36760
38.00833 -122.36803
38.00801 -122.36810
38.00742 -122.36814
38.00688 -122.36811
38.00656 -122.36805
38.00621 -122.36789
38.00553 -122.36765
38.00476 -122.36746
38.00413 -122.36724
38.00382 -122.36710
38.00327 -122.36675
38.00307 -122.36666
38.00279 -122.36658
38.00122 -122.36627
38.00072 -122.36623
38.00000 -122.36614
37.99945 -122.36602
37.99930 -122.36594
37.99918 -122.36578
37.99908 -122.36557
37.99898 -122.36548
37.99883 -122.36540
37.99859 -122.36537
37.99844 -122.36538
37.99815 -122.36547
37.99804 -122.36555
37.99784 -122.36559
37.99753 -122.36553
37.99700 -122.36524
37.99694 -122.36510
37.99699 -122.36427
37.99696 -122.36375
37.99688 -122.36337
37.99652 -122.36253
37.99618 -122.36193
37.99582 -122.36141
37.99543 -122.36098
37.99486 -122.36063
37.99420 -122.36034
37.99343 -122.36014
37.99335 -122.36006
37.99327 -122.35977
37.99313 -122.35968
37.99269 -122.35962
37.99066 -122.35951
37.99036 -122.35952
37.98927 -122.35976
37.98878 -122.36001
37.98818 -122.36036
37.98782 -122.36087
37.98756 -122.36098
37.98745 -122.36107
37.98738 -122.36115
37.98729 -122.36151
37.98722 -122.36164
37.98704 -122.36177
37.98641 -122.36218
37.98635 -122.36228
37.98634 -122.36239
37.98638 -122.36257
37.98659 -122.36326
37.98655 -122.36328
37.98650 -122.36328
37.98643 -122.36310
37.98621 -122.36244
37.98615 -122.36238
37.98601 -122.36240
37.98547 -122.36282
37.98521 -122.36297
37.98512 -122.36307
37.98509 -122.36315
37.98509 -122.36328
37.98518 -122.36372
37.98542 -122.36443
37.98549 -122.36450
37.98558 -122.36455
37.98567 -122.36454
37.98573 -122.36447
37.98584 -122.36440
37.98594 -122.36438
37.98602 -122.36440
37.98612 -122.36478
37.98616 -122.36488
37.98623 -122.36493
37.98634 -122.36489
37.98642 -122.36480
37.98655 -122.36472
37.98660 -122.36478
37.98661 -122.36491
37.98645 -122.36514
37.98631 -122.36523
37.98618 -122.36520
37.98611 -122.36508
37.98596 -122.36470
37.98589 -122.36466
37.98572 -122.36467
37.98547 -122.36479
37.98538 -122.36481
37.98527 -122.36480
37.98520 -122.36476
37.98518 -122.36420
37.98511 -122.36393
37.98498 -122.36360
37.98474 -122.36330
37.98452 -122.36311
37.98419 -122.36311
37.98379 -122.36332
37.98301 -122.36397
37.98275 -122.36428
37.98245 -122.36482
37.98234 -122.36497
37.98221 -122.36503
37.98160 -122.36510
37.98111 -122.36522
37.98089 -122.36533
37.98083 -122.36543
37.98077 -122.36559
37.98074 -122.36583
37.98085 -122.36643
37.98116 -122.36771
37.98107 -122.36789
37.98048 -122.36847
37.98036 -122.36857
37.98022 -122.36859
37.98011 -122.36858
37.98000 -122.36847
37.97963 -122.36781
37.97944 -122.36758
37.97925 -122.36748
37.97889 -122.36781
37.97869 -122.36816
37.97874 -122.36844
37.97877 -122.36934
37.97907 -122.36934
37.97909 -122.36950
37.97910 -122.37089
37.97917 -122.37138
37.97918 -122.37217
37.97890 -122.37239
37.97863 -122.37234
37.97856 -122.37214
37.97856 -122.37116
37.97846 -122.36865
37.97842 -122.36838
37.97833 -122.36813
37.97802 -122.36784
37.97710 -122.36814
37.97699 -122.36824
37.97693 -122.37002
37.97697 -122.37129
37.97690 -122.37140
37.97666 -122.37147
37.97614 -122.37149
37.97579 -122.37145
37.97558 -122.37153
37.97546 -122.37161
37.97507 -122.37248
37.97484 -122.37326
37.97471 -122.37381
37.97464 -122.37431
37.97468 -122.37530
37.97495 -122.37658
37.97534 -122.37802
37.97559 -122.37861
37.97610 -122.38001
37.97634 -122.38120
37.97642 -122.38313
37.97592 -122.38324
37.97574 -122.38338
37.97565 -122.38349
37.97528 -122.38406
37.97497 -122.38433
37.97474 -122.38440
37.97356 -122.38504
37.97320 -122.38514
37.97289 -122.38511
37.97218 -122.38486
37.97191 -122.38468
37.97166 -122.38465
37.97144 -122.38468
37.97141 -122.38476
37.97140 -122.38499
37.97144 -122.38730
37.97144 -122.38787
37.97141 -122.38814
37.97134 -122.38824
37.97122 -122.38831
37.96955 -122.38846
37.96943 -122.38862
37.96935 -122.38890
37.96948 -122.39100
37.96958 -122.39444
37.96950 -122.39524
37.96941 -122.39549
37.96913 -122.39569
37.96850 -122.39591
37.96806 -122.39592
37.96791 -122.39598
37.96787 -122.39604
37.96787 -122.39652
37.96794 -122.39685
37.96795 -122.39724
37.96793 -122.39732
37.96789 -122.39735
37.96779 -122.39735
37.96750 -122.39707
37.96715 -122.39684
37.96699 -122.39669
37.96685 -122.39665
37.96657 -122.39664
37.96643 -122.39659
37.96591 -122.39623
37.96582 -122.39609
37.96571 -122.39570
37.96564 -122.39565
37.96551 -122.39562
37.96461 -122.39562
37.96404 -122.39554
37.96338 -122.39531
37.96247 -122.39490
37.96184 -122.39430
37.96031 -122.39348
37.96037 -122.39145
37.96148 -122.39032
37.96148 -122.38913
37.96165 -122.38711
37.96408 -122.38371
37.96705 -122.38102
37.96754 -122.38069
37.96757 -122.38058
37.96752 -122.38049
37.96742 -122.38045
37.96675 -122.38043
37.96572 -122.38043
37.96571 -122.37954
37.95789 -122.37996
37.95705 -122.38069
37.95666 -122.38109
37.95647 -122.38133
37.95603 -122.38257
37.95584 -122.38288
37.95559 -122.38312
37.95541 -122.38325
37.95508 -122.38336
37.95491 -122.38334
37.95475 -122.38324
37.95461 -122.38305
37.95448 -122.38269
37.95427 -122.38237
37.95408 -122.38223
37.95388 -122.38216
37.95372 -122.38216
37.95354 -122.38219
37.95344 -122.38227
37.95336 -122.38239
37.95323 -122.38276
37.95305 -122.38340
37.95289 -122.38459
37.95283 -122.38537
37.95275 -122.38597
37.95261 -122.38672
37.95259 -122.38721
37.95261 -122.38745
37.95265 -122.38766
37.95286 -122.38809
37.95283 -122.38824
37.95274 -122.38832
37.95215 -122.38820
37.95223 -122.38835
37.95224 -122.38845
37.95221 -122.38883
37.95210 -122.38932
37.95202 -122.38945
37.95194 -122.38952
37.95455 -122.39006
37.95524 -122.39114
37.95594 -122.39209
37.95638 -122.39247
37.95724 -122.39315
37.95824 -122.39404
37.95797 -122.39450
37.95795 -122.39463
37.95808 -122.39497
37.95862 -122.39565
37.95877 -122.39592
37.95880 -122.39631
37.95877 -122.39782
37.95859 -122.39840
37.95842 -122.39854
37.95808 -122.39861
37.95783 -122.39859
37.95773 -122.39854
37.95763 -122.39830
37.95761 -122.39792
37.95754 -122.39751
37.95737 -122.39733
37.95693 -122.39677
37.95671 -122.39596
37.95635 -122.39547
37.95590 -122.39500
37.95552 -122.39478
37.95529 -122.39472
37.95494 -122.39474
37.95476 -122.39481
37.95458 -122.39500
37.95440 -122.39560
37.95340 -122.39940
37.95327 -122.39972
37.95307 -122.40010
37.95225 -122.40089
37.95214 -122.40106
37.95217 -122.40116
37.95262 -122.40142
37.95283 -122.40168
37.95403 -122.40374
37.95417 -122.40392
37.95431 -122.40391
37.95449 -122.40366
37.95457 -122.40368
37.95465 -122.40386
37.95469 -122.40402
37.95467 -122.40431
37.95455 -122.40453
37.95455 -122.40464
37.95461 -122.40485
37.95473 -122.40505
37.95492 -122.40560
37.95499 -122.40598
37.95480 -122.40750
37.95487 -122.40828
37.95496 -122.40868
37.95539 -122.40952
37.95617 -122.41079
37.95624 -122.41157
37.95628 -122.41177
37.95638 -122.41205
37.95658 -122.41227
37.95689 -122.41249
37.95714 -122.41251
37.95752 -122.41240
37.95810 -122.41198
37.95974 -122.41120
37.96021 -122.41105
37.96040 -122.41106
37.96057 -122.41113
37.96130 -122.41166
37.96275 -122.41278
37.96301 -122.41306
37.96328 -122.41362
37.96344 -122.41402
37.96344 -122.41464
37.96332 -122.41557
37.96276 -122.41709
37.96238 -122.41822
37.96224 -122.41873
37.96226 -122.41904
37.96262 -122.41983
37.96404 -122.42186
37.96423 -122.42222
37.96451 -122.42321
37.96462 -122.42351
37.96474 -122.42363
37.96495 -122.42367
37.96507 -122.42375
37.96514 -122.42384
37.96523 -122.42407
37.96522 -122.42417
37.96505 -122.42474
37.96505 -122.42500
37.96511 -122.42536
37.96525 -122.42546
37.96545 -122.42557
37.96556 -122.42566
37.96569 -122.42589
37.96579 -122.42633
37.96593 -122.42755
37.96594 -122.42769
37.96592 -122.42780
37.96550 -122.42876
37.96514 -122.42918
37.96460 -122.42945
37.96434 -122.42946
37.96266 -122.42929
37.96200 -122.42921
37.96189 -122.42914
37.96184 -122.42907
37.96182 -122.42877
37.96183 -122.42868
37.96193 -122.42853
37.96209 -122.42852
37.96284 -122.42869
37.96292 -122.42860
37.96287 -122.42836
37.96240 -122.42773
37.96213 -122.42741
37.96197 -122.42734
37.96181 -122.42734
37.96151 -122.42741
37.96131 -122.42740
37.96120 -122.42737
37.96113 -122.42729
37.96110 -122.42720
37.96105 -122.42650
37.96098 -122.42638
37.96075 -122.42625
37.95871 -122.42536
37.95677 -122.42442
37.95654 -122.42422
37.95636 -122.42383
37.95591 -122.42243
37.95572 -122.42217
37.95545 -122.42192
37.95506 -122.42170
37.95493 -122.42151
37.95489 -122.42137
37.95491 -122.42109
37.95507 -122.42070
37.95502 -122.42042
37.95423 -122.41952
37.95404 -122.41938
37.95383 -122.41936
37.95369 -122.41941
37.95352 -122.41954
37.95330 -122.41954
37.95321 -122.41946
37.95300 -122.41881
37.95260 -122.41843
37.95222 -122.41832
37.95154 -122.41832
37.95129 -122.41839
37.95096 -122.41857
37.95011 -122.41950
37.95011 -122.41966
37.95016 -122.41971
37.95020 -122.41988
37.95011 -122.42000
37.94979 -122.42019
37.94850 -122.42141
37.94806 -122.42197
37.94792 -122.42210
37.94739 -122.42233
37.94693 -122.42238
37.94676 -122.42232
37.94668 -122.42223
37.94645 -122.42185
37.94632 -122.42144
37.94628 -122.42119
37.94622 -122.42035
37.94624 -122.42005
37.94634 -122.41989
37.94670 -122.41956
37.94678 -122.41933
37.94682 -122.41886
37.94676 -122.41849
37.94610 -122.41669
37.94593 -122.41602
37.94578 -122.41493
37.94561 -122.41459
37.94521 -122.41404
37.94431 -122.41263
37.94369 -122.41199
37.94287 -122.41133
37.94232 -122.41104
37.94087 -122.41049
37.94049 -122.41042
37.93966 -122.41040
37.93956 -122.41043
37.93950 -122.41049
37.93942 -122.41066
37.93937 -122.41082
37.93926 -122.41095
37.93913 -122.41099
37.93886 -122.41086
37.93874 -122.41085
37.93859 -122.41091
37.93819 -122.41119
37.93792 -122.41146
37.93768 -122.41175
37.93767 -122.41186
37.93768 -122.41188
37.93817 -122.41205
37.93824 -122.41214
37.93837 -122.41266
37.93831 -122.41304
37.93826 -122.41317
37.93813 -122.41327
37.93798 -122.41328
37.93774 -122.41325
37.93682 -122.41304
37.93659 -122.41311
37.93636 -122.41325
37.93625 -122.41325
37.93617 -122.41323
37.93597 -122.41312
37.93553 -122.41279
37.93522 -122.41249
37.93495 -122.41217
37.93476 -122.41180
37.93453 -122.41107
37.93440 -122.41080
37.93426 -122.41065
37.93407 -122.41054
37.93354 -122.41033
37.93325 -122.41011
37.93289 -122.40965
37.93255 -122.40946
37.93244 -122.40937
37.93236 -122.40928
37.93222 -122.40923
37.93213 -122.40923
37.93199 -122.40928
37.93194 -122.40927
37.93191 -122.40924
37.93193 -122.40915
37.93212 -122.40871
37.93217 -122.40830
37.93222 -122.40822
37.93228 -122.40819
37.93235 -122.40809
37.93241 -122.40798
37.93243 -122.40790
37.93243 -122.40766
37.93236 -122.40655
37.93224 -122.40584
37.93216 -122.40562
37.93199 -122.40531
37.93172 -122.40413
37.93159 -122.40323
37.93157 -122.40194
37.93153 -122.40152
37.93149 -122.40142
37.93139 -122.40130
37.93100 -122.40111
37.93086 -122.40089
37.93052 -122.40018
37.93048 -122.40013
37.93039 -122.40009
37.92898 -122.40068
37.92823 -122.40094
37.92801 -122.40105
37.92780 -122.40118
37.92751 -122.40080
37.92773 -122.40044
37.92793 -122.40017
37.92815 -122.39997
37.92832 -122.39986
37.92919 -122.39945
37.92932 -122.39932
37.92952 -122.39891
37.92980 -122.39863
37.92985 -122.39853
37.92986 -122.39842
37.92980 -122.39794
37.92968 -122.39741
37.92943 -122.39666
37.92876 -122.39551
37.92830 -122.39481
37.92801 -122.39427
37.92778 -122.39398
37.92700 -122.39330
37.92670 -122.39293
37.92634 -122.39232
37.92601 -122.39205
37.92511 -122.39100
37.92416 -122.39090
37.92350 -122.39060
37.92321 -122.39064
37.92281 -122.39098
37.92269 -122.39094
37.92261 -122.39087
37.92258 -122.39083
37.92255 -122.39064
37.92266 -122.39017
37.92266 -122.38976
37.92256 -122.38902
37.92246 -122.38877
37.92221 -122.38837
37.92163 -122.38779
37.92145 -122.38772
37.92130 -122.38757
37.92117 -122.38708
37.92066 -122.38660
37.92055 -122.38657
37.92030 -122.38676
37.92025 -122.38677
37.92019 -122.38675
37.92010 -122.38665
37.91994 -122.38656
37.91988 -122.38656
37.91717 -122.38717
37.91526 -122.38765
37.91462 -122.38778
37.91241 -122.38834
37.91174 -122.38862
37.91111 -122.38896
37.91085 -122.38916
37.91069 -122.38937
37.91051 -122.38980
37.91005 -122.39032
37.90994 -122.39059
37.90981 -122.39080
37.90970 -122.39087
37.90963 -122.39087
37.90954 -122.39085
37.90941 -122.39070
37.90936 -122.39054
37.90923 -122.39037
37.90917 -122.39018
37.90939 -122.38952
37.90935 -122.38900
37.90951 -122.38822
37.90952 -122.38809
37.90929 -122.38773
37.90920 -122.38770
37.90848 -122.38777
37.90844 -122.38771
37.90822 -122.38582
37.90838 -122.38578
37.90838 -122.38532
37.90845 -122.38500
37.90861 -122.38459
37.90851 -122.38442
37.90850 -122.38430
37.90853 -122.38420
37.90879 -122.38385
37.90957 -122.38341
37.90965 -122.38320
37.90991 -122.38309
37.90996 -122.38222
37.91002 -122.38209
37.91016 -122.38194
37.91019 -122.38183
37.91066 -122.38182
37.91119 -122.38191
37.91136 -122.38198
37.91143 -122.38205
37.91149 -122.38202
37.91149 -122.38177
37.91141 -122.38157
37.91120 -122.38139
37.91047 -122.38138
37.91035 -122.38132
37.91007 -122.38139
37.90995 -122.38190
37.90983 -122.38213
37.90960 -122.38239
37.90944 -122.38251
37.90924 -122.38257
37.90892 -122.38255
37.90844 -122.38235
37.90830 -122.38221
37.90817 -122.38190
37.90820 -122.38178
37.90843 -122.38142
37.90857 -122.38132
37.90874 -122.38142
37.90900 -122.38165
37.90909 -122.38166
37.90921 -122.38164
37.90927 -122.38157
37.90934 -122.38144
37.90935 -122.38130
37.90893 -122.38057
37.90888 -122.38040
37.90887 -122.38023
37.90925 -122.37991
37.90938 -122.37994
37.90954 -122.38002
37.90976 -122.38046
37.90987 -122.38049
37.91097 -122.38052
37.91119 -122.38045
37.91125 -122.38036
37.91126 -122.38020
37.91121 -122.38015
37.91066 -122.38016
37.91035 -122.37909
37.91017 -122.37858
37.90948 -122.37812
37.90935 -122.37795
37.90928 -122.37779
37.90928 -122.37747
37.90914 -122.37706
37.90902 -122.37701
37.90895 -122.37701
37.90857 -122.37712
37.90837 -122.37720
37.90823 -122.37731
37.90807 -122.37758
37.90808 -122.37776
37.90789 -122.37823
37.90776 -122.37830
37.90779 -122.37882
37.90778 -122.37896
37.90773 -122.37922
37.90765 -122.37948
37.90756 -122.37957
37.90763 -122.37987
37.90772 -122.38002
37.90786 -122.38014
37.90801 -122.38015
37.90816 -122.38009
37.90824 -122.38023
37.90826 -122.38036
37.90825 -122.38048
37.90821 -122.38060
37.90813 -122.38076
37.90804 -122.38088
37.90788 -122.38100
37.90787 -122.38109
37.90789 -122.38188
37.90786 -122.38196
37.90781 -122.38199
37.90777 -122.38197
37.90773 -122.38190
37.90765 -122.38160
37.90760 -122.38150
37.90761 -122.38125
37.90752 -122.38070
37.90746 -122.38055
37.90741 -122.38053
37.90737 -122.38056
37.90732 -122.38050
37.90711 -122.38008
37.90703 -122.37931
37.90719 -122.37803
37.90726 -122.37781
37.90744 -122.37785
37.90772 -122.37728
37.90771 -122.37687
37.90776 -122.37679
37.90782 -122.37677
37.90812 -122.37686
37.90882 -122.37667
37.90933 -122.37643
37.90937 -122.37636
37.90930 -122.37618
37.90917 -122.37595
37.90828 -122.37506
37.90804 -122.37487
37.90778 -122.37475
37.90757 -122.37461
37.90751 -122.37444
37.90753 -122.37412
37.90741 -122.37366
37.90722 -122.37342
37.90723 -122.37307
37.90709 -122.37219
37.90704 -122.37200
37.90696 -122.37184
37.90690 -122.37183
37.90686 -122.37186
37.90698 -122.37294
37.90696 -122.37314
37.90693 -122.37322
37.90688 -122.37325
37.90677 -122.37323
37.90668 -122.37310
37.90649 -122.37261
37.90634 -122.37177
37.90595 -122.37118
37.90606 -122.37085
37.90583 -122.37013
37.90502 -122.36944
37.90465 -122.36890
37.90443 -122.36840
37.90441 -122.36811
37.90455 -122.36748
37.90493 -122.36760
37.90497 -122.36751
37.90496 -122.36736
37.90455 -122.36719
37.90477 -122.36589
37.90482 -122.36523
37.90508 -122.36363
37.90569 -122.36330
37.90691 -122.36361
37.90999 -122.36429
37.91025 -122.36466
37.91046 -122.36476
37.91387 -122.36528
37.91434 -122.36530
37.91672 -122.36558
37.91726 -122.36559
37.91768 -122.36606
37.91846 -122.36744
37.92151 -122.37186
37.92199 -122.37270
37.92212 -122.37296
37.92220 -122.37330
37.92223 -122.37350
37.92215 -122.37484
37.92217 -122.37504
37.92233 -122.37539
37.92325 -122.37700
37.92337 -122.37708
37.92347 -122.37709
37.92382 -122.37682
37.92449 -122.37617
37.92454 -122.37584
37.92449 -122.37527
37.92423 -122.37458
37.92387 -122.37387
37.92386 -122.37369
37.92395 -122.37364
37.92409 -122.37362
37.92443 -122.37362
37.92456 -122.37355
37.92459 -122.37349
37.92457 -122.37331
37.92436 -122.37312
37.92365 -122.37304
37.92342 -122.37291
37.92212 -122.37043
37.92178 -122.37007
37.92145 -122.36980
37.92122 -122.36953
37.92085 -122.36865
37.92083 -122.36824
37.92088 -122.36809
37.92093 -122.36804
37.92045 -122.36775
37.92006 -122.36739
37.91997 -122.36738
37.91986 -122.36730
37.91913 -122.36628
37.91870 -122.36547
37.91849 -122.36491
37.91831 -122.36418
37.91830 -122.36375
37.91834 -122.36314
37.91838 -122.36293
37.91833 -122.36273
37.91799 -122.36266
37.91762 -122.36246
37.91748 -122.36209
37.91696 -122.36198
37.91680 -122.36179
37.91487 -122.36171
37.91205 -122.36132
37.91198 -122.36108
37.91055 -122.36087
37.90941 -122.36060
37.90939 -122.36053
37.90941 -122.36036
37.90940 -122.35919
37.90907 -122.35919
37.90902 -122.35740
37.90909 -122.35630
37.90902 -122.35511
37.90903 -122.35453
37.90927 -122.35439
37.90941 -122.35435
37.90962 -122.35433
37.90981 -122.35437
37.91013 -122.35447
37.91347 -122.35450
37.91364 -122.35446
37.91403 -122.35443
37.91424 -122.35417
37.91423 -122.35371
37.91417 -122.35360
37.91412 -122.35357
37.91382 -122.35355
37.91379 -122.35353
37.91379 -122.35303
37.91412 -122.35304
37.91412 -122.35297
37.91437 -122.35295
37.91456 -122.35272
37.91456 -122.35236
37.91465 -122.35233
37.91479 -122.35217
37.91479 -122.35203
37.91479 -122.35130
37.91484 -122.35128
37.91498 -122.35103
37.91497 -122.35069
37.91491 -122.35062
37.91476 -122.35055
37.91451 -122.35054
37.91438 -122.35051
37.91430 -122.35046
37.91425 -122.35039
37.91422 -122.35020
37.91425 -122.34930
37.91418 -122.34841
37.91417 -122.34787
37.91414 -122.34762
37.91407 -122.34747
37.91398 -122.34737
37.91385 -122.34733
37.91313 -122.34734
37.91279 -122.34732
37.91273 -122.34729
37.91271 -122.34608
37.91263 -122.34591
37.91245 -122.34588
37.91046 -122.34588
37.90957 -122.34592
37.90945 -122.34605
37.90944 -122.34617
37.90943 -122.34729
37.90926 -122.34757
37.90920 -122.34793
37.90920 -122.35160
37.90917 -122.35184
37.90909 -122.35198
37.90896 -122.35201
37.90790 -122.35199
37.90771 -122.35195
37.90767 -122.35178
37.90767 -122.35009
37.90756 -122.34807
37.90739 -122.34710
37.90729 -122.34628
37.90726 -122.34589
37.90728 -122.34569
37.90734 -122.34546
37.90774 -122.34447
37.90776 -122.34422
37.90772 -122.34357
37.90783 -122.34240
37.90784 -122.34208
37.90788 -122.34180
37.90800 -122.34162
37.90812 -122.34156
37.90822 -122.34146
37.90840 -122.34089
37.90859 -122.34050
37.90893 -122.34019
37.90897 -122.33991
37.90896 -122.33969
37.90869 -122.33833
37.90837 -122.33708
37.90770 -122.33711
37.90764 -122.33709
37.90765 -122.33497
37.90827 -122.33512
37.90835 -122.33510
37.90850 -122.33497
37.90872 -122.33497
37.90916 -122.33515
37.90925 -122.33524
37.90930 -122.33540
37.90938 -122.33546
37.90956 -122.33544
37.90960 -122.33537
37.90977 -122.33536
37.90986 -122.33540
37.90992 -122.33532
37.91021 -122.33516
37.90978 -122.33309
37.90933 -122.33148
37.90921 -122.33141
37.90910 -122.33092
37.90883 -122.33092
37.90873 -122.33056
37.90866 -122.33038
37.90855 -122.33023
37.90842 -122.33023
37.90837 -122.33062
37.90841 -122.33084
37.90850 -122.33110
37.90844 -122.33141
37.90834 -122.33158
37.90819 -122.33153
37.90810 -122.33185
37.90800 -122.33188
37.90777 -122.33223
37.90773 -122.33244
37.90766 -122.33244
37.90769 -122.32699
37.90801 -122.32695
37.90829 -122.32684
37.90811 -122.32614
37.90792 -122.32570
37.90775 -122.32557
37.90759 -122.32516
37.90721 -122.32437
37.90682 -122.32376
37.90639 -122.32317
37.90572 -122.32239
37.90533 -122.32207
37.90524 -122.32205
37.90505 -122.32207
37.90501 -122.32213
37.90458 -122.32305
37.90438 -122.32326
37.90418 -122.32341
37.90411 -122.32343
37.90367 -122.32343
37.90358 -122.32347
37.90323 -122.32374
37.90278 -122.32416
37.90252 -122.32450
37.90243 -122.32474
37.90241 -122.32499
37.90243 -122.32506
37.90248 -122.32508
37.90294 -122.32510
37.90302 -122.32513
37.90306 -122.32517
37.90303 -122.32522
37.90291 -122.32525
37.90214 -122.32529
37.90176 -122.32528
37.90168 -122.32525
37.90163 -122.32520
37.90161 -122.32512
37.90181 -122.32461
37.90288 -122.32247
37.90391 -122.32036
37.90397 -122.32019
37.90400 -122.31995
37.90397 -122.31989
37.90393 -122.31987
37.90389 -122.31989
37.90349 -122.32060
37.90262 -122.32237
37.90188 -122.32380
37.90121 -122.32517
37.90117 -122.32521
37.90109 -122.32524
37.89947 -122.32530
37.89896 -122.32541
37.89860 -122.32545
37.89818 -122.32540
37.89801 -122.32530
37.89784 -122.32513
37.89751 -122.32463
37.89741 -122.32463
37.89710 -122.32494
37.89702 -122.32496
37.89695 -122.32489
37.89660 -122.32420
37.89592 -122.32313
37.89540 -122.32270
37.89533 -122.32253
37.89531 -122.32234
37.89539 -122.32217
37.89630 -122.32125
37.89682 -122.32091
37.89714 -122.32065
37.89726 -122.32046
37.89750 -122.32020
37.89764 -122.31997
37.89780 -122.31955
37.89777 -122.31943
37.89757 -122.31922
37.89751 -122.31908
37.89748 -122.31872
37.89752 -122.31842
37.89823 -122.31705
37.89885 -122.31568
37.89885 -122.31560
37.89885 -122.31557
37.89835 -122.31479
37.89813 -122.31391
37.89803 -122.31367
37.89785 -122.31313
37.89774 -122.31299
37.89762 -122.31292
37.89750 -122.31288
37.89735 -122.31290
37.89723 -122.31291
37.89715 -122.31290
37.89704 -122.31283
37.89696 -122.31275
37.89692 -122.31255
37.89683 -122.31245
37.89666 -122.31223
37.89648 -122.31192
37.89642 -122.31169
37.89639 -122.31165
37.89631 -122.31164
37.89626 -122.31167
37.89620 -122.31175
37.89612 -122.31174
37.89606 -122.31165
37.89605 -122.31139
37.89598 -122.31136
37.89569 -122.31146
37.89564 -122.31141
37.89562 -122.31129
37.89541 -122.31117
37.89537 -122.31110
37.89538 -122.31089
37.89533 -122.31078
37.89529 -122.31076
37.89521 -122.31075
37.89512 -122.31084
37.89507 -122.31085
37.89498 -122.31084
37.89492 -122.31081
37.89483 -122.31067
37.89442 -122.31034
37.89404 -122.31010
37.89242 -122.30929
37.89162 -122.30913
37.89083 -122.30913
37.89029 -122.30924
37.89001 -122.30933
37.88917 -122.30948
37.88901 -122.30955
37.88873 -122.30979
37.88870 -122.30996
37.88875 -122.31014
37.88884 -122.31024
37.88912 -122.31028
37.88931 -122.31040
37.88943 -122.31061
37.88947 -122.31076
37.88958 -122.31100
37.88978 -122.31118
37.88998 -122.31130
37.89006 -122.31141
37.89006 -122.31146
37.88999 -122.31148
37.88967 -122.31152
37.88964 -122.31160
37.88967 -122.31163
37.88976 -122.31162
37.89016 -122.31184
37.89032 -122.31190
37.89035 -122.31199
37.89036 -122.31219
37.89043 -122.31225
37.89153 -122.31373
37.89168 -122.31384
37.89177 -122.31395
37.89174 -122.31613
37.89166 -122.31620
37.89110 -122.31625
37.89103 -122.31631
37.89099 -122.31644
37.89097 -122.31717
37.89084 -122.31776
37.89047 -122.31893
37.89033 -122.31912
37.89029 -122.31929
37.89022 -122.31942
37.89012 -122.31951
37.88999 -122.31981
37.88996 -122.32046
37.89003 -122.32193
37.89003 -122.32242
37.89000 -122.32279
37.89005 -122.32295
37.89019 -122.32305
37.89087 -122.32330
37.89189 -122.32388
37.89231 -122.32416
37.89237 -122.32428
37.89244 -122.32496
37.89250 -122.32568
37.89250 -122.32594
37.89246 -122.32601
37.89240 -122.32600
37.89231 -122.32588
37.89216 -122.32576
37.89194 -122.32573
37.89145 -122.32571
37.89081 -122.32573
37.89079 -122.32577
37.89078 -122.32586
37.89094 -122.32600
37.89091 -122.32603
37.89083 -122.32602
37.89082 -122.32604
37.89078 -122.32644
37.89075 -122.32675
37.89074 -122.32729
37.89076 -122.32765
37.89089 -122.32771
37.89153 -122.32770
37.89154 -122.32776
37.89150 -122.32782
37.89121 -122.32785
37.89075 -122.32784
37.88969 -122.32777
37.88881 -122.32764
37.88871 -122.32767
37.88861 -122.32781
37.88857 -122.32783
37.88850 -122.32779
37.88849 -122.32776
37.88863 -122.32757
37.88869 -122.32734
37.88855 -122.32675
37.88820 -122.32602
37.88810 -122.32587
37.88796 -122.32543
37.88792 -122.32512
37.88798 -122.32424
37.88806 -122.32411
37.88812 -122.32393
37.88826 -122.32344
37.88827 -122.32327
37.88829 -122.32323
37.88836 -122.32320
37.88895 -122.32321
37.88908 -122.32319
37.88912 -122.32317
37.88919 -122.32307
37.88925 -122.32279
37.88930 -122.32210
37.88926 -122.32190
37.88928 -122.32170
37.88926 -122.32157
37.88912 -122.32128
37.88913 -122.32108
37.88928 -122.32037
37.88933 -122.31954
37.88928 -122.31912
37.88935 -122.31879
37.88931 -122.31810
37.88935 -122.31788
37.88935 -122.31766
37.88932 -122.31746
37.88907 -122.31708
37.88845 -122.31650
37.88799 -122.31612
37.88788 -122.31607
37.88770 -122.31605
37.88636 -122.31607
37.88618 -122.31612
37.88611 -122.31618
37.88607 -122.31628
37.88600 -122.31625
37.88597 -122.31614
37.88592 -122.31606
37.88574 -122.31602
37.88567 -122.31609
37.88566 -122.31617
37.88567 -122.31634
37.88562 -122.31643
37.88550 -122.31645
37.88542 -122.31636
37.88542 -122.31625
37.88542 -122.31612
37.88533 -122.31596
37.88517 -122.31581
37.88486 -122.31563
37.88462 -122.31561
37.88457 -122.31563
37.88437 -122.31579
37.88426 -122.31578
37.88417 -122.31574
37.88404 -122.31560
37.88404 -122.31555
37.88412 -122.31549
37.88412 -122.31545
37.88407 -122.31526
37.88376 -122.31478
37.88357 -122.31458
37.88325 -122.31439
37.88299 -122.31426
37.88263 -122.31397
37.88240 -122.31363
37.88238 -122.31339
37.88232 -122.31323
37.88136 -122.31250
37.88040 -122.31188
37.87869 -122.31053
37.87784 -122.30992
37.87762 -122.30990
37.87760 -122.31013
37.87761 -122.31022
37.87773 -122.31044
37.87774 -122.31052
37.87770 -122.31055
37.87761 -122.31056
37.87748 -122.31044
37.87741 -122.31033
37.87729 -122.31019
37.87717 -122.31013
37.87501 -122.30932
37.87451 -122.30917
37.87438 -122.30911
37.87418 -122.30894
37.87405 -122.30887
37.87303 -122.30854
37.87253 -122.30840
37.87215 -122.30834
37.87127 -122.30808
37.87105 -122.30789
37.87093 -122.30764
37.87083 -122.30732
37.87075 -122.30723
37.87060 -122.30719
37.87057 -122.30725
37.87055 -122.30752
37.87023 -122.30920
37.86968 -122.31252
37.86948 -122.31321
37.86948 -122.31328
37.86950 -122.31335
37.86996 -122.31375
37.87058 -122.31438
37.87139 -122.31502
37.87177 -122.31538
37.87232 -122.31583
37.87270 -122.31621
37.87345 -122.31671
37.87361 -122.31689
37.87436 -122.31745
37.87473 -122.31779
37.87478 -122.31781
37.87486 -122.31780
37.87501 -122.31772
37.87506 -122.31773
37.87509 -122.31777
37.87513 -122.31802
37.87557 -122.31836
37.87581 -122.31846
37.87586 -122.31851
37.87585 -122.31873
37.87571 -122.31918
37.87559 -122.31980
37.87524 -122.32132
37.87522 -122.32160
37.87528 -122.32176
37.87527 -122.32183
37.87518 -122.32192
37.87511 -122.32210
37.87493 -122.32294
37.87496 -122.32314
37.87487 -122.32334
37.87481 -122.32356
37.87459 -122.32471
37.87453 -122.32482
37.87445 -122.32483
37.87438 -122.32480
37.87343 -122.32395
37.87249 -122.32307
37.87161 -122.32239
37.87147 -122.32224
37.87109 -122.32195
37.87005 -122.32084
37.86916 -122.31994
37.86788 -122.31876
37.86763 -122.31866
37.86718 -122.31861
37.86704 -122.31854
37.86698 -122.31849
37.86695 -122.31837
37.86696 -122.31828
37.86698 -122.31823
37.86707 -122.31816
37.86716 -122.31815
37.86719 -122.31817
37.86729 -122.31835
37.86735 -122.31839
37.86783 -122.31838
37.86793 -122.31836
37.86808 -122.31827
37.86837 -122.31806
37.86845 -122.31795
37.86859 -122.31742
37.86870 -122.31687
37.86896 -122.31539
37.86899 -122.31517
37.86898 -122.31511
37.86892 -122.31503
37.86885 -122.31499
37.86800 -122.31466
37.86797 -122.31463
37.86796 -122.31436
37.86778 -122.31354
37.86769 -122.31321
37.86763 -122.31307
37.86758 -122.31302
37.86595 -122.31217
37.86529 -122.31174
37.86511 -122.31172
37.86509 -122.31178
37.86510 -122.31180
37.86561 -122.31209
37.86559 -122.31216
37.86523 -122.31196
37.86519 -122.31197
37.86503 -122.31250
37.86499 -122.31254
37.86485 -122.31247
37.86468 -122.31314
37.86426 -122.31518
37.86415 -122.31578
37.86414 -122.31604
37.86417 -122.31634
37.86426 -122.31658
37.86434 -122.31665
37.86594 -122.31728
37.86606 -122.31730
37.86623 -122.31724
37.86632 -122.31728
37.86628 -122.31750
37.86631 -122.31767
37.86621 -122.31797
37.86613 -122.31809
37.86609 -122.31811
37.86602 -122.31809
37.86595 -122.31796
37.86283 -122.31771
37.86271 -122.31756
37.86247 -122.31734
37.86213 -122.31728
37.86042 -122.31678
37.85922 -122.31645
37.85893 -122.31634
37.85893 -122.31630
37.85896 -122.31627
37.85915 -122.31628
37.85918 -122.31625
37.85916 -122.31615
37.85903 -122.31601
37.85902 -122.31590
37.85906 -122.31572
37.85914 -122.31557
37.85944 -122.31559
37.85988 -122.31549
37.86014 -122.31547
37.86053 -122.31552
37.86091 -122.31561
37.86114 -122.31574
37.86133 -122.31588
37.86140 -122.31588
37.86180 -122.31568
37.86218 -122.31553
37.86238 -122.31541
37.86250 -122.31526
37.86260 -122.31507
37.86281 -122.31446
37.86290 -122.31408
37.86291 -122.31396
37.86290 -122.31384
37.86286 -122.31366
37.86290 -122.31338
37.86295 -122.31318
37.86308 -122.31303
37.86312 -122.31295
37.86329 -122.31222
37.86334 -122.31159
37.86340 -122.31135
37.86341 -122.31132
37.86350 -122.31128
37.86358 -122.31127
37.86405 -122.31146
37.86432 -122.31151
37.86449 -122.31148
37.86456 -122.31145
37.86466 -122.31131
37.86495 -122.30993
37.86511 -122.30952
37.86514 -122.30922
37.86534 -122.30820
37.86540 -122.30767
37.86550 -122.30721
37.86555 -122.30711
37.86565 -122.30699
37.86569 -122.30697
37.86584 -122.30696
37.86588 -122.30690
37.86589 -122.30680
37.86587 -122.30675
37.86579 -122.30664
37.86562 -122.30651
37.86548 -122.30643
37.86533 -122.30645
37.86525 -122.30639
37.86517 -122.30640
37.86509 -122.30647
37.86502 -122.30671
37.86487 -122.30707
37.86481 -122.30735
37.86475 -122.30740
37.86470 -122.30740
37.86333 -122.30704
37.86186 -122.30660
37.85968 -122.30606
37.85953 -122.30600
37.85949 -122.30596
37.85948 -122.30586
37.85950 -122.30575
37.85965 -122.30555
37.85998 -122.30534
37.86016 -122.30528
37.86028 -122.30529
37.86081 -122.30544
37.86094 -122.30546
37.86142 -122.30576
37.86202 -122.30605
37.86215 -122.30616
37.86267 -122.30618
37.86283 -122.30622
37.86286 -122.30621
37.86299 -122.30607
37.86305 -122.30593
37.86302 -122.30562
37.86312 -122.30515
37.86316 -122.30453
37.86313 -122.30447
37.86305 -122.30442
37.86283 -122.30434
37.86270 -122.30423
37.86232 -122.30364
37.86214 -122.30360
37.86192 -122.30347
37.86174 -122.30325
37.86160 -122.30289
37.86110 -122.30270
37.85940 -122.30229
37.85627 -122.30141
37.85296 -122.30052
37.85168 -122.30034
37.85117 -122.30034
37.85026 -122.30041
37.84929 -122.30068
37.84846 -122.30093
37.84786 -122.30107
37.84754 -122.30107
37.84739 -122.30104
37.84725 -122.30102
37.84690 -122.30078
37.84612 -122.29977
37.84589 -122.29928
37.84559 -122.29895
37.84529 -122.29876
37.84501 -122.29863
37.84465 -122.29856
37.84218 -122.29793
37.84180 -122.29791
37.84148 -122.29791
37.84120 -122.29798
37.84065 -122.29816
37.84021 -122.29838
37.84014 -122.29845
37.84012 -122.29931
37.84002 -122.29991
37.83993 -122.29997
37.83977 -122.30000
37.83971 -122.30004
37.83962 -122.30020
37.83957 -122.30043
37.83945 -122.30188
37.83943 -122.30345
37.83954 -122.30586
37.83969 -122.30678
37.83966 -122.30712
37.83963 -122.30716
37.83958 -122.30717
37.83954 -122.30714
37.83950 -122.30707
37.83947 -122.30688
37.83943 -122.30686
37.83873 -122.30689
37.83848 -122.30696
37.83827 -122.30696
37.83825 -122.30699
37.83824 -122.30708
37.83828 -122.30759
37.83832 -122.30775
37.83833 -122.30792
37.83828 -122.30821
37.83821 -122.30826
37.83748 -122.30823
37.83743 -122.30825
37.83737 -122.30835
37.83734 -122.30871
37.83740 -122.30909
37.83751 -122.30929
37.83744 -122.30951
37.83741 -122.30973
37.83741 -122.31018
37.83744 -122.31037
37.83737 -122.31071
37.83732 -122.31187
37.83734 -122.31251
37.83737 -122.31268
37.83747 -122.31284
37.83779 -122.31320
37.83785 -122.31324
37.83791 -122.31324
37.83801 -122.31321
37.83822 -122.31305
37.83827 -122.31305
37.83832 -122.31308
37.83836 -122.31324
37.83823 -122.31347
37.83822 -122.31361
37.83824 -122.31384
37.83835 -122.31421
37.83845 -122.31438
37.83851 -122.31441
37.83892 -122.31451
37.83911 -122.31453
37.83974 -122.31448
37.84007 -122.31434
37.84033 -122.31419
37.84092 -122.31376
37.84116 -122.31365
37.84132 -122.31363
37.84157 -122.31355
37.84212 -122.31326
37.84221 -122.31342
37.84226 -122.31361
37.84247 -122.31418
37.84252 -122.31444
37.84251 -122.31447
37.84242 -122.31455
37.84171 -122.31490
37.84057 -122.31527
37.83965 -122.31543
37.83866 -122.31552
37.83807 -122.31538
37.83767 -122.31532
37.83738 -122.31530
37.83722 -122.31524
37.83717 -122.31513
37.83713 -122.31460
37.83701 -122.31373
37.83690 -122.31151
37.83689 -122.30511
37.83682 -122.30484
37.83649 -122.30402
37.83644 -122.30381
37.83644 -122.30332
37.83653 -122.30235
37.83662 -122.30200
37.83666 -122.30158
37.83663 -122.30115
37.83668 -122.30072
37.83672 -122.30061
37.83677 -122.30055
37.83678 -122.30045
37.83686 -122.30033
37.83689 -122.30003
37.83695 -122.29991
37.83700 -122.29947
37.83710 -122.29912
37.83709 -122.29902
37.83702 -122.29877
37.83679 -122.29848
37.83674 -122.29838
37.83665 -122.29795
37.83662 -122.29788
37.83657 -122.29786
37.83651 -122.29786
37.83641 -122.29794
37.83638 -122.29793
37.83633 -122.29776
37.83618 -122.29761
37.83613 -122.29760
37.83599 -122.29765
37.83597 -122.29760
37.83597 -122.29748
37.83594 -122.29747
37.83589 -122.29750
37.83576 -122.29765
37.83565 -122.29761
37.83561 -122.29753
37.83552 -122.29752
37.83538 -122.29756
37.83528 -122.29753
37.83519 -122.29740
37.83516 -122.29739
37.83509 -122.29741
37.83503 -122.29751
37.83498 -122.29753
37.83494 -122.29748
37.83494 -122.29716
37.83492 -122.29713
37.83466 -122.29708
37.83450 -122.29692
37.83437 -122.29696
37.83420 -122.29692
37.83405 -122.29695
37.83390 -122.29681
37.83386 -122.29670
37.83378 -122.29630
37.83377 -122.29604
37.83385 -122.29545
37.83386 -122.29528
37.83383 -122.29512
37.83373 -122.29520
37.83344 -122.29611
37.83332 -122.29634
37.83308 -122.29650
37.83294 -122.29657
37.83285 -122.29657
37.83243 -122.29620
37.83233 -122.29617
37.83205 -122.29617
37.83184 -122.29611
37.83160 -122.29594
37.83149 -122.29594
37.83136 -122.29605
37.83121 -122.29610
37.83113 -122.29617
37.83101 -122.29615
37.83088 -122.29629
37.83079 -122.29630
37.83073 -122.29627
37.83065 -122.29617
37.83060 -122.29617
37.83051 -122.29624
37.83022 -122.29635
37.83015 -122.29631
37.82992 -122.29599
37.82957 -122.29564
37.82924 -122.29501
37.82918 -122.29509
37.82925 -122.29547
37.82934 -122.29574
37.82955 -122.29582
37.82958 -122.29586
37.82962 -122.29601
37.82990 -122.29656
37.82990 -122.29694
37.83006 -122.29739
37.82993 -122.29783
37.82984 -122.29797
37.82962 -122.29810
37.82956 -122.29810
37.82945 -122.29804
37.82940 -122.29795
37.82937 -122.29792
37.82901 -122.29797
37.82888 -122.29801
37.82862 -122.29792
37.82851 -122.29791
37.82847 -122.29795
37.82844 -122.29802
37.82810 -122.29842
37.82812 -122.29881
37.82810 -122.29888
37.82786 -122.29895
37.82741 -122.29944
37.82731 -122.29980
37.82710 -122.30021
37.82673 -122.30076
37.82650 -122.30181
37.82652 -122.30200
37.82651 -122.30208
37.82640 -122.30223
37.82631 -122.30249
37.82615 -122.30314
37.82612 -122.30445
37.82604 -122.30468
37.82596 -122.30479
37.82593 -122.30501
37.82594 -122.30535
37.82620 -122.30672
37.82625 -122.30685
37.82620 -122.30725
37.82627 -122.30749
37.82634 -122.30822
37.82644 -122.30844
37.82644 -122.30855
37.82630 -122.30886
37.82626 -122.30902
37.82627 -122.30914
37.82640 -122.30917
37.82652 -122.30955
37.82669 -122.30991
37.82690 -122.31004
37.82696 -122.31022
37.82697 -122.31041
37.82692 -122.31053
37.82685 -122.31062
37.82683 -122.31072
37.82684 -122.31081
37.82690 -122.31080
37.82697 -122.31073
37.82702 -122.31083
37.82706 -122.31104
37.82705 -122.31140
37.82692 -122.31180
37.82691 -122.31192
37.82692 -122.31241
37.82697 -122.31244
37.82707 -122.31238
37.82709 -122.31212
37.82712 -122.31209
37.82723 -122.31207
37.82733 -122.31213
37.82751 -122.31252
37.82769 -122.31278
37.82783 -122.31312
37.82783 -122.31339
37.82792 -122.31389
37.82784 -122.31413
37.82788 -122.31443
37.82785 -122.31446
37.82776 -122.31447
37.82763 -122.31464
37.82752 -122.31484
37.82752 -122.31495
37.82761 -122.31562
37.82782 -122.31591
37.82783 -122.31598
37.82775 -122.31616
37.82764 -122.31627
37.82747 -122.31639
37.82708 -122.31657
37.82696 -122.31660
37.82665 -122.31661
37.82624 -122.31680
37.82485 -122.31763
37.82475 -122.31772
37.82470 -122.31790
37.82468 -122.31810
37.82417 -122.31938
37.82416 -122.31949
37.82417 -122.31959
37.82433 -122.31991
37.82427 -122.32034
37.82414 -122.32098
37.82411 -122.32101
37.82376 -122.32097
37.82369 -122.32099
37.82304 -122.32157
37.82297 -122.32173
37.82262 -122.32411
37.82234 -122.32798
37.82225 -122.32816
37.82207 -122.32835
37.82197 -122.32890
37.82192 -122.32899
37.82185 -122.32904
37.82183 -122.32909
37.82168 -122.32998
37.82162 -122.33014
37.82145 -122.33032
37.82134 -122.33034
37.82099 -122.33031
37.82093 -122.33041
37.82086 -122.33047
37.82051 -122.33059
37.82039 -122.33053
37.82032 -122.33032
37.82032 -122.33017
37.82062 -122.32808
37.82062 -122.32789
37.82054 -122.32746
37.82063 -122.32709
37.82073 -122.32681
37.82074 -122.32667
37.82087 -122.32631
37.82092 -122.32589
37.82092 -122.32555
37.82088 -122.32542
37.82077 -122.32531
37.82075 -122.32523
37.82078 -122.32519
37.82093 -122.32509
37.82097 -122.32493
37.82100 -122.32465
37.82099 -122.32436
37.82103 -122.32420
37.82105 -122.32385
37.82102 -122.32316
37.82092 -122.32232
37.82097 -122.32118
37.82093 -122.32106
37.82078 -122.32096
37.82060 -122.32095
37.82049 -122.32091
37.82042 -122.32084
37.81948 -122.31934
37.81942 -122.31931
37.81919 -122.31955
37.81915 -122.31955
37.81900 -122.31929
37.81867 -122.31886
37.81878 -122.31877
37.81942 -122.31811
37.82154 -122.31585
37.82168 -122.31566
37.82177 -122.31546
37.82185 -122.31501
37.82217 -122.31252
37.82216 -122.31229
37.82213 -122.31207
37.82161 -122.31021
37.82142 -122.30964
37.82107 -122.30835
37.82103 -122.30833
37.81880 -122.30869
37.81917 -122.31344
37.81075 -122.32229
37.81048 -122.32254
37.81025 -122.32279
37.81015 -122.32299
37.81010 -122.32320
37.81040 -122.32630
37.81043 -122.32692
37.81102 -122.33310
37.81077 -122.33314
37.81059 -122.33345
37.81000 -122.33458
37.80940 -122.33561
37.80896 -122.33628
37.80897 -122.33636
37.80912 -122.33649
37.80912 -122.33658
37.80868 -122.33730
37.80783 -122.33886
37.80736 -122.33981
37.80581 -122.34266
37.80576 -122.34267
37.80572 -122.34265
37.80367 -122.34136
37.80374 -122.34109
37.80383 -122.34041
37.80385 -122.33985
37.80382 -122.33958
37.80380 -122.33955
37.80374 -122.33954
37.80370 -122.33944
37.80373 -122.33934
37.80377 -122.33931
37.80382 -122.33931
37.80389 -122.33937
37.80390 -122.33945
37.80403 -122.33946
37.80405 -122.33945
37.80408 -122.33931
37.80452 -122.33674
37.80517 -122.33336
37.80516 -122.33330
37.80506 -122.33318
37.80506 -122.33306
37.80618 -122.33163
37.80626 -122.33164
37.80640 -122.33147
37.80641 -122.33132
37.80658 -122.33109
37.80667 -122.33100
37.80669 -122.33085
37.80681 -122.33070
37.80708 -122.33007
37.80719 -122.32905
37.80725 -122.32885
37.80728 -122.32852
37.80728 -122.32822
37.80719 -122.32736
37.80699 -122.32681
37.80696 -122.32662
37.80699 -122.32629
37.80697 -122.32606
37.80690 -122.32571
37.80675 -122.32514
37.80673 -122.32512
37.80658 -122.32515
37.80638 -122.32533
37.80550 -122.32648
37.80544 -122.32653
37.80535 -122.32653
37.80527 -122.32642
37.80414 -122.32121
37.80411 -122.32119
37.80285 -122.32162
37.80293 -122.32207
37.80362 -122.32525
37.80370 -122.32556
37.80370 -122.32561
37.80367 -122.32564
37.80352 -122.32570
37.80354 -122.32581
37.80352 -122.32585
37.80314 -122.32597
37.80307 -122.32597
37.80306 -122.32588
37.80300 -122.32584
37.80278 -122.32468
37.80257 -122.32378
37.80230 -122.32240
37.80217 -122.32187
37.80116 -122.32218
37.80115 -122.32223
37.80122 -122.32260
37.80200 -122.32620
37.80199 -122.32622
37.80134 -122.32645
37.80132 -122.32642
37.80122 -122.32593
37.80109 -122.32506
37.80083 -122.32380
37.80047 -122.32244
37.79971 -122.32269
37.79969 -122.32270
37.79970 -122.32283
37.79989 -122.32380
37.80055 -122.32668
37.80054 -122.32672
37.80040 -122.32676
37.80035 -122.32680
37.80023 -122.32696
37.80022 -122.32709
37.80012 -122.32719
37.80010 -122.32741
37.80012 -122.32758
37.80026 -122.32795
37.80050 -122.32838
37.80054 -122.32855
37.80054 -122.32913
37.80058 -122.32934
37.80071 -122.32962
37.80072 -122.32973
37.80069 -122.32980
37.80065 -122.32981
37.80036 -122.32952
37.80033 -122.32963
37.80037 -122.33012
37.80034 -122.33015
37.80016 -122.33024
37.80009 -122.33014
37.79997 -122.33004
37.79988 -122.33003
37.79983 -122.33007
37.79978 -122.33036
37.79940 -122.33042
37.79935 -122.33037
37.79903 -122.32959
37.79878 -122.32883
37.79847 -122.32784
37.79834 -122.32729
37.79807 -122.32596
37.79714 -122.32182
37.79650 -122.31874
37.79519 -122.31273
37.79484 -122.31100
37.79423 -122.30820
37.79394 -122.30623
37.79393 -122.30593
37.79397 -122.30561
37.79395 -122.30558
37.79374 -122.30559
37.79372 -122.30557
37.79339 -122.29611
37.79364 -122.29608
37.79361 -122.29598
37.79360 -122.29541
37.79363 -122.29530
37.79369 -122.29522
37.79374 -122.29507
37.79404 -122.29397
37.79407 -122.29392
37.79476 -122.29370
37.79477 -122.29366
37.79471 -122.29351
37.79473 -122.29339
37.79451 -122.29339
37.79446 -122.29337
37.79440 -122.29320
37.79439 -122.29309
37.79445 -122.29276
37.79459 -122.29251
37.79476 -122.29233
37.79529 -122.29161
37.79528 -122.29158
37.79524 -122.29157
37.79492 -122.29158
37.79485 -122.29144
37.79483 -122.29119
37.79497 -122.29079
37.79501 -122.29054
37.79505 -122.29019
37.79508 -122.29010
37.79519 -122.28996
37.79621 -122.28892
37.79625 -122.28885
37.79619 -122.28861
37.79611 -122.28844
37.79600 -122.28844
37.79542 -122.28864
37.79540 -122.28862
37.79539 -122.28855
37.79541 -122.28849
37.79589 -122.28831
37.79589 -122.28828
37.79582 -122.28821
37.79574 -122.28785
37.79569 -122.28783
37.79558 -122.28786
37.79523 -122.28798
37.79501 -122.28797
37.79496 -122.28793
37.79494 -122.28650
37.79484 -122.28510
37.79473 -122.28227
37.79567 -122.28100
37.79569 -122.28084
37.79565 -122.28079
37.79561 -122.28035
37.79554 -122.28000
37.79523 -122.28022
37.79515 -122.28025
37.79511 -122.28022
37.79514 -122.28016
37.79522 -122.28010
37.79520 -122.28003
37.79541 -122.27988
37.79558 -122.27983
37.79559 -122.27978
37.79555 -122.27973
37.79552 -122.27973
37.79504 -122.27999
37.79500 -122.27997
37.79497 -122.27989
37.79508 -122.27984
37.79509 -122.27977
37.79505 -122.27975
37.79500 -122.27963
37.79470 -122.27891
37.79459 -122.27893
37.79455 -122.27891
37.79459 -122.27875
37.79457 -122.27867
37.79450 -122.27861
37.79449 -122.27855
37.79456 -122.27826
37.79455 -122.27815
37.79422 -122.27743
37.79404 -122.27754
37.79399 -122.27754
37.79397 -122.27752
37.79396 -122.27744
37.79401 -122.27735
37.79380 -122.27679
37.79380 -122.27675
37.79369 -122.27649
37.79355 -122.27655
37.79347 -122.27634
37.79346 -122.27633
37.79341 -122.27634
37.79336 -122.27623
37.79357 -122.27609
37.79370 -122.27603
37.79398 -122.27586
37.79369 -122.27506
37.79366 -122.27504
37.79345 -122.27517
37.79340 -122.27513
37.79325 -122.27475
37.79289 -122.27391
37.79285 -122.27390
37.79267 -122.27401
37.79260 -122.27402
37.79235 -122.27393
37.79223 -122.27381
37.79188 -122.27303
37.79179 -122.27295
37.79168 -122.27272
37.79160 -122.27239
37.79114 -122.27173
37.79094 -122.27140
37.79083 -122.27126
37.79072 -122.27119
37.79056 -122.27091
37.79036 -122.27048
37.79034 -122.27025
37.79019 -122.26977
37.79024 -122.26962
37.79023 -122.26945
37.79005 -122.26896
37.79007 -122.26881
37.79016 -122.26853
37.79017 -122.26842
37.79004 -122.26831
37.78995 -122.26831
37.78971 -122.26842
37.78963 -122.26842
37.78959 -122.26840
37.78948 -122.26806
37.78932 -122.26719
37.78932 -122.26711
37.78917 -122.26715
37.78910 -122.26698
37.78920 -122.26678
37.78983 -122.26637
37.78987 -122.26629
37.78987 -122.26620
37.79011 -122.26604
37.79027 -122.26554
37.79057 -122.26508
37.79075 -122.26492
37.79079 -122.26478
37.79090 -122.26467
37.79089 -122.26456
37.79092 -122.26449
37.79120 -122.26431
37.79121 -122.26426
37.79105 -122.26333
37.79105 -122.26326
37.79108 -122.26314
37.79103 -122.26293
37.79095 -122.26290
37.79092 -122.26292
37.79085 -122.26309
37.79076 -122.26356
37.79069 -122.26376
37.79044 -122.26405
37.79022 -122.26435
37.79005 -122.26451
37.78991 -122.26457
37.78979 -122.26454
37.78970 -122.26448
37.78956 -122.26427
37.78953 -122.26414
37.78966 -122.26364
37.78961 -122.26353
37.78940 -122.26334
37.78925 -122.26334
37.78904 -122.26346
37.78870 -122.26326
37.78848 -122.26321
37.78829 -122.26311
37.78818 -122.26312
37.78801 -122.26318
37.78786 -122.26316
37.78768 -122.26301
37.78754 -122.26283
37.78753 -122.26266
37.78758 -122.26240
37.78772 -122.26204
37.78768 -122.26175
37.78771 -122.26164
37.78789 -122.26152
37.78800 -122.26126
37.78811 -122.26111
37.78834 -122.26072
37.78857 -122.26049
37.78887 -122.26011
37.78901 -122.25999
37.78910 -122.25987
37.78913 -122.25955
37.78944 -122.25910
37.78945 -122.25903
37.78942 -122.25894
37.78917 -122.25861
37.78910 -122.25858
37.78903 -122.25860
37.78894 -122.25868
37.78822 -122.25965
37.78809 -122.25980
37.78788 -122.25995
37.78775 -122.26009
37.78766 -122.26026
37.78749 -122.26044
37.78728 -122.26052
37.78726 -122.26065
37.78734 -122.26078
37.78732 -122.26088
37.78701 -122.26129
37.78694 -122.26135
37.78691 -122.26134
37.78583 -122.25856
37.78579 -122.25841
37.78580 -122.25834
37.78703 -122.25509
37.78718 -122.25483
37.78756 -122.25449
37.78764 -122.25431
37.78773 -122.25344
37.78774 -122.25303
37.78781 -122.25276
37.78777 -122.25228
37.78773 -122.25216
37.78720 -122.25387
37.78687 -122.25507
37.78671 -122.25555
37.78667 -122.25560
37.78666 -122.25554
37.78678 -122.25499
37.78717 -122.25374
37.78766 -122.25197
37.78754 -122.25123
37.78658 -122.24870
37.78648 -122.24850
37.78648 -122.24805
37.78622 -122.24789
37.78604 -122.24730
37.78576 -122.24679
37.78566 -122.24656
37.78555 -122.24643
37.78540 -122.24632
37.78515 -122.24598
37.78484 -122.24540
37.78441 -122.24493
37.78405 -122.24472
37.78382 -122.24463
37.78373 -122.24452
37.78368 -122.24434
37.78367 -122.24422
37.78373 -122.24373
37.78377 -122.24354
37.78374 -122.24340
37.78367 -122.24335
37.78153 -122.24308
37.78072 -122.24308
37.78022 -122.24326
37.77988 -122.24342
37.77959 -122.24351
37.77943 -122.24361
37.77929 -122.24367
37.77889 -122.24350
37.77851 -122.24328
37.77788 -122.24276
37.77680 -122.24197
37.77669 -122.24193
37.77631 -122.24188
37.77598 -122.24177
37.77569 -122.24116
37.77530 -122.24072
37.77520 -122.24063
37.77507 -122.24069
37.77497 -122.24067
37.77407 -122.23981
37.77380 -122.23947
37.77350 -122.23917
37.77337 -122.23898
37.77312 -122.23848
37.77221 -122.23648
37.77215 -122.23642
37.77204 -122.23647
37.77195 -122.23632
37.77187 -122.23613
37.77192 -122.23592
37.77178 -122.23543
37.77130 -122.23440
37.77116 -122.23378
37.77073 -122.23299
37.77052 -122.23256
37.76994 -122.23116
37.76954 -122.23044
37.76932 -122.23018
37.76890 -122.22951
37.76889 -122.22933
37.76897 -122.22909
37.76895 -122.22896
37.76801 -122.22737
37.76767 -122.22691
37.76702 -122.22611
37.76645 -122.22559
37.76634 -122.22540
37.76618 -122.22524
37.76532 -122.22466
37.76472 -122.22438
37.76437 -122.22419
37.76388 -122.22397
37.76326 -122.22377
37.76306 -122.22360
37.76285 -122.22349
37.76210 -122.22327
37.76196 -122.22325
37.76165 -122.22326
37.76148 -122.22330
37.76033 -122.22334
37.76020 -122.22341
37.75994 -122.22341
37.75946 -122.22317
37.75921 -122.22311
37.75913 -122.22306
37.75892 -122.22284
37.75858 -122.22238
37.75846 -122.22217
37.75844 -122.22189
37.75845 -122.22177
37.75867 -122.22115
37.75890 -122.22074
37.75891 -122.22061
37.75906 -122.22053
37.75919 -122.22038
37.75921 -122.22026
37.75942 -122.22008
37.75949 -122.21979
37.75982 -122.21932
37.75996 -122.21908
37.76000 -122.21881
37.75989 -122.21849
37.75994 -122.21834
37.76005 -122.21812
37.76008 -122.21801
37.76017 -122.21793
37.76024 -122.21798
37.76035 -122.21786
37.76047 -122.21778
37.76047 -122.21774
37.76054 -122.21767
37.76045 -122.21753
37.76027 -122.21746
37.76023 -122.21741
37.76021 -122.21721
37.76024 -122.21709
37.76146 -122.21482
37.76156 -122.21466
37.76161 -122.21449
37.76174 -122.21440
37.76169 -122.21426
37.76158 -122.21414
37.76135 -122.21402
37.76055 -122.21339
37.75996 -122.21271
37.75986 -122.21253
37.75940 -122.21207
37.75927 -122.21190
37.75909 -122.21182
37.75893 -122.21184
37.75885 -122.21203
37.76135 -122.21426
37.76138 -122.21431
37.76138 -122.21434
37.76119 -122.21483
37.76074 -122.21569
37.76057 -122.21609
37.76031 -122.21645
37.76013 -122.21684
37.75972 -122.21737
37.75963 -122.21750
37.75954 -122.21775
37.75947 -122.21780
37.75938 -122.21777
37.75895 -122.21747
37.75881 -122.21740
37.75858 -122.21737
37.75842 -122.21729
37.75775 -122.21706
37.75746 -122.21651
37.75739 -122.21615
37.75733 -122.21600
37.75714 -122.21586
37.75671 -122.21689
37.75653 -122.21691
37.75629 -122.21686
37.75623 -122.21684
37.75617 -122.21675
37.75611 -122.21617
37.75598 -122.21585
37.75588 -122.21575
37.75536 -122.21561
37.75529 -122.21551
37.75522 -122.21532
37.75519 -122.21503
37.75519 -122.21485
37.75528 -122.21443
37.75527 -122.21426
37.75517 -122.21410
37.75497 -122.21403
37.75465 -122.21398
37.75432 -122.21387
37.75337 -122.21345
37.75217 -122.21245
37.75195 -122.21232
37.75191 -122.21224
37.75193 -122.21206
37.75217 -122.21203
37.75243 -122.21194
37.75255 -122.21184
37.75269 -122.21163
37.75273 -122.21146
37.75269 -122.21132
37.75204 -122.21131
37.75176 -122.21121
37.75156 -122.21110
37.75154 -122.21092
37.75172 -122.21061
37.75237 -122.20936
37.75286 -122.20810
37.75202 -122.20938
37.75144 -122.21038
37.75086 -122.21147
37.75052 -122.21183
37.75033 -122.21196
37.75016 -122.21197
37.74986 -122.21189
37.74972 -122.21189
37.74964 -122.21193
37.74960 -122.21197
37.74949 -122.21228
37.74938 -122.21237
37.74932 -122.21238
37.74918 -122.21234
37.74883 -122.21214
37.74869 -122.21201
37.74853 -122.21180
37.74831 -122.21168
37.74821 -122.21154
37.74785 -122.21128
37.74611 -122.20972
37.74408 -122.20796
37.74384 -122.20773
37.74367 -122.20759
37.74353 -122.20753
37.74342 -122.20753
37.74332 -122.20757
37.74325 -122.20764
37.74279 -122.20877
37.74248 -122.20931
37.74239 -122.20953
37.74238 -122.20969
37.74242 -122.20976
37.74229 -122.21023
37.74227 -122.21048
37.74229 -122.21080
37.74251 -122.21113
37.74272 -122.21128
37.74302 -122.21130
37.74377 -122.21143
37.74383 -122.21146
37.74390 -122.21153
37.74395 -122.21163
37.74403 -122.21173
37.74448 -122.21216
37.74475 -122.21258
37.74509 -122.21295
37.74530 -122.21314
37.74555 -122.21332
37.74580 -122.21366
37.74713 -122.21584
37.74743 -122.21629
37.74797 -122.21730
37.74803 -122.21749
37.74801 -122.21753
37.74797 -122.21754
37.74786 -122.21747
37.74775 -122.21731
37.74756 -122.21721
37.74717 -122.21712
37.74686 -122.21690
37.74660 -122.21687
37.74639 -122.21678
37.74621 -122.21665
37.74596 -122.21656
37.74569 -122.21639
37.74539 -122.21613
37.74512 -122.21593
37.74490 -122.21586
37.74473 -122.21586
37.74459 -122.21579
37.74448 -122.21563
37.74416 -122.21557
37.74407 -122.21534
37.74385 -122.21523
37.74377 -122.21524
37.74362 -122.21522
37.74355 -122.21505
37.74344 -122.21499
37.74323 -122.21473
37.74315 -122.21468
37.74298 -122.21462
37.74269 -122.21448
37.74222 -122.21385
37.74139 -122.21221
37.74112 -122.21178
37.74061 -122.21120
37.74033 -122.21098
37.74019 -122.21091
37.73996 -122.21081
37.73957 -122.21073
37.73907 -122.21071
37.73870 -122.21085
37.73821 -122.21116
37.73801 -122.21131
37.73793 -122.21134
37.73779 -122.21133
37.73727 -122.21100
37.73685 -122.21082
37.73672 -122.21075
37.73670 -122.21058
37.73660 -122.21050
37.73620 -122.21037
37.73614 -122.21037
37.73602 -122.21044
37.73579 -122.21042
37.73554 -122.21032
37.73536 -122.21018
37.73525 -122.21001
37.73515 -122.20994
37.73496 -122.20986
37.73444 -122.20971
37.73401 -122.20951
37.73381 -122.20948
37.73364 -122.20933
37.73357 -122.20932
37.73346 -122.20926
37.73337 -122.20925
37.73323 -122.20916
37.73254 -122.20893
37.73248 -122.20884
37.73230 -122.20879
37.73226 -122.20875
37.73202 -122.20873
37.73196 -122.20868
37.73192 -122.20856
37.73185 -122.20853
37.73168 -122.20801
37.73162 -122.20797
37.73160 -122.20800
37.73160 -122.20811
37.73155 -122.20810
37.73152 -122.20800
37.73152 -122.20784
37.73146 -122.20780
37.73138 -122.20780
37.73131 -122.20784
37.73127 -122.20790
37.73126 -122.20804
37.73133 -122.20832
37.73132 -122.20846
37.73130 -122.20850
37.73123 -122.20851
37.73111 -122.20848
37.73098 -122.20839
37.73088 -122.20838
37.73066 -122.20843
37.73052 -122.20851
37.73050 -122.20858
37.73052 -122.20868
37.73103 -122.20969
37.73137 -122.21024
37.73184 -122.21069
37.73272 -122.21110
37.73325 -122.21119
37.73441 -122.21173
37.73570 -122.21226
37.73725 -122.21309
37.73875 -122.21373
37.73974 -122.21428
37.74081 -122.21495
37.74102 -122.21519
37.74114 -122.21540
37.74150 -122.21579
37.74168 -122.21603
37.74207 -122.21641
37.74250 -122.21713
37.74316 -122.21785
37.74333 -122.21805
37.74347 -122.21829
37.74389 -122.21869
37.74408 -122.21891
37.74418 -122.21911
37.74447 -122.21941
37.74471 -122.21973
37.74493 -122.21997
37.74506 -122.22028
37.74521 -122.22050
37.74549 -122.22081
37.74554 -122.22090
37.74554 -122.22160
37.74571 -122.22216
37.74575 -122.22219
37.74583 -122.22218
37.74587 -122.22216
37.74597 -122.22199
37.74602 -122.22200
37.74604 -122.22204
37.74612 -122.22237
37.74612 -122.22249
37.74569 -122.22279
37.74567 -122.22284
37.74563 -122.22324
37.74563 -122.22351
37.74565 -122.22357
37.74570 -122.22359
37.74593 -122.22352
37.74623 -122.22334
37.74708 -122.22347
37.74766 -122.22361
37.74770 -122.22364
37.74791 -122.22657
37.74798 -122.22678
37.74803 -122.22698
37.74804 -122.22722
37.74804 -122.22987
37.74812 -122.23490
37.74803 -122.23586
37.74810 -122.23639
37.74793 -122.23714
37.74789 -122.23754
37.74795 -122.23821
37.74811 -122.23895
37.74814 -122.23928
37.74809 -122.24107
37.74809 -122.24485
37.74805 -122.24702
37.74806 -122.24777
37.74813 -122.24838
37.74817 -122.24884
37.74808 -122.24943
37.74812 -122.25082
37.74809 -122.25187
37.74802 -122.25220
37.74794 -122.25244
37.74780 -122.25275
37.74724 -122.25372
37.74529 -122.25741
37.74355 -122.26054
37.74333 -122.26098
37.74323 -122.26110
37.74310 -122.26112
37.74164 -122.26113
37.74036 -122.26120
37.74017 -122.26115
37.73993 -122.26076
37.73989 -122.26063
37.73989 -122.26030
37.73985 -122.26010
37.73974 -122.25985
37.73904 -122.25909
37.73881 -122.25879
37.73822 -122.25813
37.73774 -122.25769
37.73745 -122.25756
37.73713 -122.25752
37.73704 -122.25749
37.73689 -122.25738
37.73667 -122.25716
37.73507 -122.25544
37.73229 -122.25231
37.73019 -122.25002
37.72823 -122.24777
37.72808 -122.24785
37.72774 -122.24794
37.72746 -122.24795
37.72736 -122.24800
37.72653 -122.24888
37.72650 -122.24893
37.72644 -122.24935
37.72644 -122.24964
37.72636 -122.25010
37.72623 -122.25028
37.72530 -122.25126
37.72521 -122.25131
37.72508 -122.25133
37.72484 -122.25132
37.72453 -122.25128
37.72436 -122.25123
37.72426 -122.25114
37.72397 -122.25078
37.72359 -122.25038
37.72234 -122.24880
37.72054 -122.24606
37.71841 -122.24301
37.71607 -122.23989
37.71571 -122.23934
37.71189 -122.23392
37.70801 -122.22855
37.70261 -122.22097
37.70006 -122.21727
37.69990 -122.21701
37.69974 -122.21664
37.69928 -122.21426
37.69929 -122.21404
37.69933 -122.21390
37.69942 -122.21379
37.69954 -122.21369
37.70046 -122.21263
37.70148 -122.21160
37.70192 -122.21119
37.70884 -122.21192
37.70925 -122.21194
37.70931 -122.21191
37.71117 -122.20996
37.71128 -122.20965
37.71182 -122.20734
37.71185 -122.20709
37.71196 -122.20680
37.71274 -122.20341
37.71330 -122.20114
37.71411 -122.19761
37.71417 -122.19742
37.71427 -122.19728
37.71444 -122.19720
37.71450 -122.19722
37.71452 -122.19726
37.71457 -122.19726
37.71461 -122.19723
37.71467 -122.19725
37.71469 -122.19718
37.71470 -122.19710
37.71461 -122.19693
37.71460 -122.19661
37.71456 -122.19648
37.71443 -122.19638
37.71440 -122.19627
37.71434 -122.19619
37.71416 -122.19614
37.71403 -122.19614
37.71283 -122.19892
37.71279 -122.19909
37.71282 -122.19928
37.71279 -122.19955
37.71255 -122.20073
37.71227 -122.20177
37.71216 -122.20232
37.71213 -122.20234
37.71090 -122.20169
37.71082 -122.20167
37.70974 -122.20222
37.70888 -122.20240
37.70842 -122.20244
37.70812 -122.20244
37.70747 -122.20235
37.70701 -122.20224
37.70608 -122.20183
37.70563 -122.20150
37.70518 -122.20112
37.70455 -122.20042
37.70414 -122.19982
37.70382 -122.19922
37.70359 -122.19865
37.70347 -122.19825
37.70325 -122.19732
37.70318 -122.19676
37.70314 -122.19612
37.70315 -122.19539
37.70326 -122.19443
37.70345 -122.19366
37.70363 -122.19313
37.70418 -122.19172
37.70433 -122.19144
37.70438 -122.19142
37.70448 -122.19145
37.70491 -122.19169
37.70876 -122.19331
37.70892 -122.19331
37.70901 -122.19327
37.70937 -122.19302
37.70941 -122.19295
37.70940 -122.19279
37.70920 -122.19271
37.70870 -122.19276
37.70848 -122.19261
37.70787 -122.19264
37.70776 -122.19262
37.70757 -122.19254
37.70477 -122.19096
37.70472 -122.19092
37.70463 -122.19073
37.70436 -122.19053
37.70368 -122.19024
37.70329 -122.19017
37.70302 -122.19021
37.70185 -122.19001
37.70179 -122.19001
37.70169 -122.19010
37.70163 -122.19009
37.70146 -122.18997
37.70109 -122.18986
37.70082 -122.18988
37.70054 -122.19066
37.70043 -122.19112
37.70038 -122.19115
37.69924 -122.19108
37.69917 -122.19109
37.69909 -122.19117
37.69897 -122.19150
37.69896 -122.19173
37.69889 -122.19214
37.69876 -122.19347
37.69874 -122.19389
37.69871 -122.19405
37.69864 -122.19416
37.69852 -122.19425
37.69844 -122.19430
37.69835 -122.19432
37.69791 -122.19435
37.69577 -122.19428
37.69554 -122.19425
37.69540 -122.19413
37.69479 -122.19332
37.69480 -122.19316
37.69487 -122.19303
37.69491 -122.19301
37.69526 -122.19301
37.69537 -122.19304
37.69548 -122.19311
37.69559 -122.19313
37.69586 -122.19312
37.69591 -122.19314
37.69616 -122.19346
37.69622 -122.19349
37.69707 -122.19346
37.69769 -122.19348
37.69769 -122.19358
37.69774 -122.19361
37.69782 -122.19352
37.69780 -122.19346
37.69775 -122.19341
37.69774 -122.19335
37.69793 -122.19294
37.69799 -122.19295
37.69809 -122.19303
37.69814 -122.19302
37.69819 -122.19227
37.69841 -122.18951
37.69834 -122.18945
37.69703 -122.18914
37.69676 -122.18909
37.69668 -122.18909
37.69665 -122.18912
37.69585 -122.19211
37.69582 -122.19216
37.69568 -122.19228
37.69552 -122.19229
37.69548 -122.19223
37.69543 -122.19209
37.69545 -122.19187
37.69541 -122.19161
37.69544 -122.19136
37.69552 -122.19122
37.69563 -122.19115
37.69569 -122.19105
37.69594 -122.19020
37.69603 -122.18980
37.69603 -122.18968
37.69601 -122.18963
37.69570 -122.18935
37.69557 -122.18929
37.69531 -122.18910
37.69527 -122.18903
37.69527 -122.18892
37.69559 -122.18801
37.69569 -122.18752
37.69582 -122.18711
37.69583 -122.18705
37.69579 -122.18692
37.69571 -122.18688
37.69551 -122.18686
37.69532 -122.18714
37.69511 -122.18752
37.69491 -122.18771
37.69458 -122.18775
37.69436 -122.18773
37.69398 -122.18752
37.69365 -122.18725
37.69327 -122.18691
37.69230 -122.18595
37.69166 -122.18541
37.69155 -122.18538
37.69150 -122.18539
37.69126 -122.18559
37.69090 -122.18616
37.69079 -122.18649
37.69080 -122.18681
37.69089 -122.18722
37.69109 -122.18777
37.69121 -122.18795
37.69145 -122.18822
37.69184 -122.18858
37.69238 -122.18880
37.69323 -122.18923
37.69365 -122.18957
37.69396 -122.18969
37.69421 -122.18973
37.69439 -122.18971
37.69454 -122.18963
37.69463 -122.18962
37.69475 -122.18966
37.69483 -122.18983
37.69486 -122.19019
37.69480 -122.19056
37.69439 -122.19162
37.69422 -122.19176
37.69402 -122.19172
37.69394 -122.19163
37.69385 -122.19147
37.69345 -122.19041
37.69335 -122.19024
37.69320 -122.19007
37.69311 -122.18998
37.69289 -122.18984
37.69177 -122.18929
37.69144 -122.18911
37.69133 -122.18903
37.69085 -122.18852
37.69051 -122.18799
37.69034 -122.18766
37.69018 -122.18718
37.69018 -122.18636
37.69027 -122.18599
37.69044 -122.18565
37.69097 -122.18485
37.69115 -122.18446
37.69125 -122.18414
37.69129 -122.18387
37.69125 -122.18381
37.69113 -122.18378
37.69094 -122.18374
37.69089 -122.18375
37.69085 -122.18397
37.69073 -122.18398
37.69068 -122.18395
37.69063 -122.18383
37.69052 -122.18369
37.69021 -122.18340
37.69008 -122.18321
37.68966 -122.18279
37.68917 -122.18246
37.68883 -122.18210
37.68799 -122.18147
37.68750 -122.18122
37.68697 -122.18103
37.68678 -122.18093
37.68656 -122.18069
37.68521 -122.18002
37.68435 -122.17954
37.68238 -122.17835
37.68224 -122.17817
37.68220 -122.17799
37.68226 -122.17752
37.68240 -122.17725
37.68233 -122.17698
37.68209 -122.17676
37.68195 -122.17640
37.68183 -122.17576
37.68174 -122.17464
37.68160 -122.17434
37.68146 -122.17416
37.68106 -122.17375
37.68034 -122.17316
37.68005 -122.17284
37.67901 -122.17193
37.67884 -122.17164
37.67862 -122.17148
37.67856 -122.17138
37.67847 -122.17101
37.67821 -122.17059
37.67810 -122.17026
37.67797 -122.16930
37.67791 -122.16905
37.67777 -122.16885
37.67765 -122.16860
37.67760 -122.16852
37.67715 -122.16834
37.67699 -122.16819
37.67629 -122.16770
37.67591 -122.16736
37.67560 -122.16715
37.67536 -122.16704
37.67501 -122.16693
37.67442 -122.16680
37.67375 -122.16657
37.67368 -122.16636
37.67355 -122.16605
37.67342 -122.16589
37.67334 -122.16564
37.67333 -122.16539
37.67347 -122.16487
37.67360 -122.16454
37.67389 -122.16402
37.67396 -122.16397
37.67414 -122.16400
37.67421 -122.16405
37.67462 -122.16413
37.67506 -122.16415
37.67529 -122.16411
37.67530 -122.16398
37.67527 -122.16390
37.67480 -122.16389
37.67460 -122.16386
37.67428 -122.16376
37.67400 -122.16364
37.67386 -122.16366
37.67374 -122.16372
37.67365 -122.16381
37.67320 -122.16464
37.67278 -122.16525
37.67269 -122.16548
37.67261 -122.16560
37.67246 -122.16561
37.67239 -122.16557
37.67224 -122.16556
37.67220 -122.16553
37.67219 -122.16536
37.67197 -122.16525
37.67161 -122.16520
37.67153 -122.16514
37.67140 -122.16490
37.67115 -122.16480
37.67099 -122.16470
37.67090 -122.16459
37.67086 -122.16447
37.67081 -122.16416
37.67090 -122.16411
37.67109 -122.16416
37.67116 -122.16414
37.67125 -122.16390
37.67126 -122.16365
37.67113 -122.16350
37.67082 -122.16335
37.67053 -122.16312
37.67032 -122.16301
37.67014 -122.16292
37.67007 -122.16285
37.67000 -122.16253
37.66994 -122.16239
37.66822 -122.16163
37.66764 -122.16158
37.66696 -122.16145
37.66634 -122.16158
37.66611 -122.16156
37.66599 -122.16145
37.66588 -122.16115
37.66577 -122.16106
37.66526 -122.16098
37.66403 -122.16052
37.66367 -122.16051
37.66346 -122.16045
37.66307 -122.16022
37.66241 -122.15995
37.66114 -122.15951
37.66099 -122.15950
37.66067 -122.15962
37.66062 -122.15960
37.66058 -122.15954
37.66055 -122.15938
37.66051 -122.15934
37.66037 -122.15924
37.65993 -122.15909
37.65983 -122.15903
37.65973 -122.15881
37.65950 -122.15800
37.65941 -122.15779
37.65933 -122.15773
37.65802 -122.15747
37.65716 -122.15733
37.65668 -122.15729
37.65637 -122.15722
37.65621 -122.15718
37.65539 -122.15689
37.65388 -122.15657
37.65267 -122.15627
37.65205 -122.15596
37.65191 -122.15583
37.65172 -122.15575
37.65138 -122.15572
37.65027 -122.15556
37.64954 -122.15535
37.64943 -122.15529
37.64923 -122.15504
37.64902 -122.15494
37.64866 -122.15485
37.64810 -122.15479
37.64760 -122.15477
37.64728 -122.15472
37.64667 -122.15460
37.64608 -122.15442
37.64598 -122.15442
37.64591 -122.15443
37.64575 -122.15456
37.64570 -122.15491
37.64563 -122.15511
37.64546 -122.15520
37.64537 -122.15521
37.64515 -122.15504
37.64509 -122.15487
37.64508 -122.15473
37.64509 -122.15450
37.64499 -122.15445
37.64481 -122.15443
37.64474 -122.15438
37.64461 -122.15420
37.64448 -122.15417
37.64300 -122.15354
37.64258 -122.15332
37.64242 -122.15328
37.64159 -122.15322
37.64106 -122.15321
37.64104 -122.15331
37.64104 -122.15339
37.64101 -122.15343
37.64078 -122.15344
37.64073 -122.15348
37.64068 -122.15357
37.64065 -122.15358
37.64059 -122.15351
37.64055 -122.15331
37.64052 -122.15328
37.64043 -122.15325
37.63920 -122.15313
37.63879 -122.15314
37.63873 -122.15317
37.63866 -122.15327
37.63857 -122.15329
37.63853 -122.15328
37.63844 -122.15311
37.63824 -122.15304
37.63821 -122.15291
37.63829 -122.15283
37.63838 -122.15280
37.63843 -122.15251
37.63839 -122.15244
37.63836 -122.15233
37.63824 -122.15205
37.63823 -122.15197
37.63826 -122.15190
37.63844 -122.15162
37.63854 -122.15153
37.63858 -122.15132
37.63853 -122.15106
37.63828 -122.15067
37.63823 -122.15027
37.63837 -122.14979
37.63835 -122.14968
37.63817 -122.14966
37.63801 -122.14969
37.63783 -122.14951
37.63792 -122.14929
37.63794 -122.14915
37.63778 -122.14836
37.63765 -122.14801
37.63765 -122.14792
37.63754 -122.14788
37.63743 -122.14789
37.63645 -122.14847
37.63646 -122.14936
37.63659 -122.15009
37.63656 -122.15045
37.63643 -122.15057
37.63617 -122.15165
37.63590 -122.15235
37.63584 -122.15256
37.63584 -122.15269
37.63610 -122.15268
37.63614 -122.15272
37.63616 -122.15280
37.63614 -122.15289
37.63604 -122.15290
37.63563 -122.15288
37.63399 -122.15253
37.63294 -122.15246
37.63250 -122.15245
37.63228 -122.15242
37.63221 -122.15239
37.63217 -122.15223
37.63219 -122.15213
37.63259 -122.15141
37.63260 -122.15136
37.63259 -122.15131
37.63251 -122.15121
37.63213 -122.15102
37.63186 -122.15099
37.63161 -122.15088
37.63153 -122.15088
37.63146 -122.15101
37.63141 -122.15124
37.63143 -122.15195
37.63152 -122.15244
37.63150 -122.15251
37.63056 -122.15265
37.63043 -122.15264
37.63013 -122.15255
37.63006 -122.15251
37.62994 -122.15239
37.62987 -122.15209
37.62987 -122.15201
37.62998 -122.15151
37.62998 -122.15114
37.62996 -122.15099
37.62985 -122.15082
37.62981 -122.15079
37.62971 -122.15078
37.62962 -122.15079
37.62956 -122.15083
37.62951 -122.15089
37.62949 -122.15102
37.62948 -122.15136
37.62943 -122.15144
37.62934 -122.15145
37.62921 -122.15143
37.62885 -122.15129
37.62868 -122.15119
37.62858 -122.15109
37.62855 -122.15049
37.62846 -122.15018
37.62824 -122.14999
37.62794 -122.14988
37.62764 -122.14985
37.62756 -122.14988
37.62754 -122.14998
37.62756 -122.15028
37.62756 -122.15044
37.62748 -122.15061
37.62741 -122.15066
37.62715 -122.15060
37.62709 -122.15054
37.62698 -122.15034
37.62695 -122.15023
37.62691 -122.15017
37.62684 -122.15017
37.62681 -122.15019
37.62678 -122.15025
37.62647 -122.15057
37.62643 -122.15066
37.62642 -122.15081
37.62617 -122.15120
37.62598 -122.15143
37.62565 -122.15136
37.62502 -122.15135
37.62463 -122.15128
37.62439 -122.15119
37.62419 -122.15106
37.62401 -122.15103
37.62342 -122.15100
37.62178 -122.15076
37.62075 -122.15064
37.62047 -122.15052
37.62040 -122.15051
37.62020 -122.15062
37.61988 -122.15071
37.61976 -122.15072
37.61935 -122.15065
37.61916 -122.15058
37.61888 -122.15077
37.61875 -122.15077
37.61877 -122.15089
37.61873 -122.15109
37.61852 -122.15179
37.61841 -122.15237
37.61796 -122.15374
37.61760 -122.15464
37.61726 -122.15531
37.61716 -122.15567
37.61707 -122.15589
37.61697 -122.15596
37.61686 -122.15599
37.61674 -122.15593
37.61649 -122.15572
37.61642 -122.15559
37.61643 -122.15543
37.61681 -122.15352
37.61707 -122.15245
37.61711 -122.15239
37.61723 -122.15230
37.61729 -122.15190
37.61738 -122.15180
37.61742 -122.15167
37.61732 -122.15102
37.61723 -122.15089
37.61704 -122.15076
37.61695 -122.15063
37.61690 -122.15051
37.61683 -122.15021
37.61660 -122.14980
37.61611 -122.14965
37.61586 -122.14953
37.61503 -122.14903
37.61485 -122.14888
37.61478 -122.14873
37.61458 -122.14849
37.61227 -122.14799
37.61088 -122.14773
37.61006 -122.14753
37.60977 -122.14743
37.60909 -122.14709
37.60857 -122.14695
37.60824 -122.14682
37.60782 -122.14677
37.60753 -122.14683
37.60729 -122.14682
37.60677 -122.14653
37.60658 -122.14645
37.60638 -122.14644
37.60625 -122.14648
37.60588 -122.14687
37.60579 -122.14689
37.60567 -122.14687
37.60555 -122.14668
37.60540 -122.14632
37.60529 -122.14630
37.60520 -122.14631
37.60514 -122.14637
37.60507 -122.14659
37.60501 -122.14661
37.60492 -122.14648
37.60469 -122.14587
37.60463 -122.14583
37.60452 -122.14583
37.60436 -122.14593
37.60418 -122.14615
37.60390 -122.14624
37.60335 -122.14631
37.60301 -122.14627
37.60278 -122.14610
37.60266 -122.14605
37.60255 -122.14590
37.60252 -122.14582
37.60241 -122.14562
37.60229 -122.14535
37.60225 -122.14532
37.60205 -122.14583
37.60201 -122.14588
37.60192 -122.14592
37.60182 -122.14591
37.60176 -122.14572
37.60174 -122.14559
37.60167 -122.14559
37.60163 -122.14567
37.60160 -122.14589
37.60150 -122.14589
37.60145 -122.14582
37.60137 -122.14563
37.60121 -122.14560
37.60114 -122.14564
37.60111 -122.14573
37.60065 -122.14642
37.60054 -122.14648
37.60050 -122.14649
37.60043 -122.14640
37.60039 -122.14609
37.60030 -122.14598
37.60021 -122.14597
37.60011 -122.14602
37.60007 -122.14608
37.60005 -122.14632
37.60000 -122.14640
37.59947 -122.14634
37.59924 -122.14625
37.59901 -122.14640
37.59886 -122.14647
37.59837 -122.14652
37.59834 -122.14651
37.59811 -122.14627
37.59805 -122.14611
37.59783 -122.14588
37.59779 -122.14560
37.59769 -122.14559
37.59761 -122.14564
37.59747 -122.14584
37.59732 -122.14587
37.59726 -122.14580
37.59722 -122.14553
37.59719 -122.14551
37.59701 -122.14555
37.59689 -122.14577
37.59671 -122.14595
37.59665 -122.14615
37.59657 -122.14620
37.59644 -122.14617
37.59637 -122.14613
37.59630 -122.14598
37.59625 -122.14578
37.59618 -122.14573
37.59607 -122.14559
37.59599 -122.14556
37.59595 -122.14557
37.59585 -122.14575
37.59584 -122.14589
37.59585 -122.14610
37.59579 -122.14612
37.59573 -122.14608
37.59559 -122.14589
37.59545 -122.14581
37.59540 -122.14580
37.59530 -122.14584
37.59521 -122.14619
37.59506 -122.14628
37.59396 -122.14718
37.59398 -122.14754
37.59401 -122.14765
37.59400 -122.14779
37.59395 -122.14792
37.59388 -122.14798
37.59375 -122.14796
37.59368 -122.14790
37.59355 -122.14754
37.59346 -122.14743
37.59263 -122.14742
37.59191 -122.14732
37.59150 -122.14708
37.59115 -122.14661
37.59091 -122.14657
37.59071 -122.14659
37.59039 -122.14675
37.59029 -122.14675
37.59012 -122.14672
37.59000 -122.14665
37.58964 -122.14651
37.58940 -122.14634
37.58899 -122.14598
37.58886 -122.14594
37.58767 -122.14614
37.58705 -122.14634
37.58689 -122.14650
37.58671 -122.14655
37.58641 -122.14650
37.58572 -122.14621
37.58508 -122.14604
37.58442 -122.14607
37.58429 -122.14602
37.58391 -122.14563
37.58387 -122.14562
37.58384 -122.14565
37.58382 -122.14580
37.58378 -122.14586
37.58373 -122.14589
37.58369 -122.14589
37.58359 -122.14568
37.58350 -122.14556
37.58332 -122.14549
37.58321 -122.14551
37.58304 -122.14547
37.58291 -122.14530
37.58274 -122.14516
37.58259 -122.14510
37.58243 -122.14508
37.58236 -122.14502
37.58235 -122.14498
37.58234 -122.14471
37.58240 -122.14441
37.58267 -122.14388
37.58288 -122.14305
37.58330 -122.14201
37.58204 -122.14240
37.58154 -122.14246
37.58122 -122.14248
37.58074 -122.14258
37.58063 -122.14257
37.58043 -122.14248
37.58008 -122.14223
37.57894 -122.14158
37.57487 -122.13901
37.57435 -122.13858
37.57346 -122.13793
37.57331 -122.13790
37.57289 -122.13798
37.57248 -122.13801
37.57235 -122.13791
37.57211 -122.13746
37.57195 -122.13707
37.57165 -122.13665
37.57144 -122.13659
37.57085 -122.13604
37.57077 -122.13583
37.57072 -122.13576
37.57063 -122.13577
37.57057 -122.13593
37.57045 -122.13593
37.57030 -122.13583
37.57014 -122.13570
37.57006 -122.13544
37.57001 -122.13542
37.56996 -122.13546
37.56995 -122.13555
37.56987 -122.13559
37.56982 -122.13553
37.56974 -122.13521
37.56971 -122.13520
37.56965 -122.13525
37.56960 -122.13539
37.56954 -122.13540
37.56949 -122.13539
37.56948 -122.13536
37.56949 -122.13526
37.56946 -122.13518
37.56930 -122.13512
37.56917 -122.13512
37.56902 -122.13505
37.56888 -122.13486
37.56877 -122.13453
37.56875 -122.13436
37.56871 -122.13433
37.56851 -122.13430
37.56849 -122.13440
37.56846 -122.13441
37.56841 -122.13439
37.56841 -122.13433
37.56838 -122.13426
37.56819 -122.13419
37.56814 -122.13422
37.56812 -122.13439
37.56805 -122.13451
37.56802 -122.13454
37.56797 -122.13455
37.56791 -122.13451
37.56754 -122.13410
37.56747 -122.13405
37.56735 -122.13404
37.56722 -122.13427
37.56706 -122.13426
37.56698 -122.13422
37.56678 -122.13404
37.56655 -122.13390
37.56627 -122.13384
37.56619 -122.13384
37.56607 -122.13397
37.56590 -122.13406
37.56561 -122.13405
37.56560 -122.13395
37.56577 -122.13383
37.56584 -122.13356
37.56580 -122.13344
37.56569 -122.13335
37.56536 -122.13325
37.56521 -122.13325
37.56507 -122.13329
37.56489 -122.13343
37.56479 -122.13344
37.56472 -122.13341
37.56457 -122.13327
37.56411 -122.13308
37.56403 -122.13302
37.56396 -122.13282
37.56390 -122.13253
37.56389 -122.13250
37.56380 -122.13244
37.56372 -122.13246
37.56364 -122.13254
37.56357 -122.13277
37.56349 -122.13290
37.56337 -122.13295
37.56315 -122.13293
37.56311 -122.13280
37.56310 -122.13259
37.56305 -122.13251
37.56284 -122.13170
37.56268 -122.13069
37.56258 -122.13036
37.56245 -122.13015
37.56172 -122.12935
37.56152 -122.12922
37.56131 -122.12920
37.56089 -122.12932
37.56051 -122.12966
37.56042 -122.12966
37.56029 -122.12964
37.56017 -122.12953
37.55997 -122.12924
37.55970 -122.12900
37.55910 -122.12858
37.55898 -122.12843
37.55885 -122.12811
37.55879 -122.12787
37.55868 -122.12715
37.55857 -122.12702
37.55843 -122.12697
37.55827 -122.12712
37.55818 -122.12717
37.55808 -122.12732
37.55793 -122.12747
37.55781 -122.12747
37.55770 -122.12743
37.55761 -122.12729
37.55749 -122.12701
37.55736 -122.12703
37.55736 -122.12718
37.55744 -122.12763
37.55749 -122.12810
37.55744 -122.12816
37.55723 -122.12821
37.55708 -122.12813
37.55701 -122.12807
37.55702 -122.12748
37.55700 -122.12728
37.55696 -122.12721
37.55688 -122.12720
37.55677 -122.12726
37.55663 -122.12730
37.55645 -122.12731
37.55628 -122.12730
37.55614 -122.12719
37.55607 -122.12704
37.55604 -122.12690
37.55604 -122.12677
37.55597 -122.12636
37.55591 -122.12620
37.55580 -122.12615
37.55564 -122.12623
37.55543 -122.12625
37.55531 -122.12618
37.55526 -122.12603
37.55527 -122.12591
37.55517 -122.12564
37.55506 -122.12552
37.55481 -122.12534
37.55454 -122.12527
37.55400 -122.12518
37.55390 -122.12526
37.55388 -122.12538
37.55395 -122.12550
37.55398 -122.12565
37.55396 -122.12575
37.55383 -122.12576
37.55371 -122.12572
37.55346 -122.12547
37.55310 -122.12507
37.55243 -122.12452
37.55234 -122.12440
37.55234 -122.12407
37.55229 -122.12377
37.55224 -122.12365
37.55218 -122.12358
37.55212 -122.12357
37.55189 -122.12359
37.55170 -122.12366
37.55163 -122.12378
37.55164 -122.12387
37.55157 -122.12388
37.55078 -122.12341
37.55021 -122.12299
37.55007 -122.12287
37.54997 -122.12274
37.54994 -122.12260
37.54996 -122.12221
37.54993 -122.12197
37.54984 -122.12176
37.54975 -122.12172
37.54943 -122.12165
37.54921 -122.12163
37.54901 -122.12142
37.54873 -122.12122
37.54859 -122.12118
37.54849 -122.12120
37.54836 -122.12129
37.54824 -122.12132
37.54815 -122.12128
37.54779 -122.12095
37.54757 -122.12071
37.54743 -122.12022
37.54721 -122.11999
37.54681 -122.11975
37.54612 -122.11892
37.54581 -122.11867
37.54514 -122.11823
37.54480 -122.11806
37.54423 -122.11749
37.54411 -122.11748
37.54397 -122.11754
37.54364 -122.11799
37.54358 -122.11823
37.54351 -122.11832
37.54340 -122.11830
37.54208 -122.11772
37.54142 -122.11738
37.54109 -122.11728
37.54102 -122.11707
37.54095 -122.11676
37.54058 -122.11625
37.54011 -122.11591
37.53997 -122.11587
37.53984 -122.11586
37.53973 -122.11589
37.53965 -122.11595
37.53952 -122.11625
37.53950 -122.11648
37.53939 -122.11649
37.53865 -122.11611
37.53693 -122.11537
37.53673 -122.11513
37.53654 -122.11483
37.53645 -122.11480
37.53630 -122.11503
37.53621 -122.11506
37.53609 -122.11501
37.53535 -122.11456
37.53515 -122.11428
37.53507 -122.11413
37.53489 -122.11400
37.53476 -122.11398
37.53468 -122.11399
37.53462 -122.11422
37.53444 -122.11421
37.53389 -122.11399
37.53376 -122.11391
37.53373 -122.11364
37.53355 -122.11321
37.53316 -122.11291
37.53280 -122.11277
37.53235 -122.11265
37.53216 -122.11262
37.53216 -122.11252
37.53220 -122.11244
37.53218 -122.11231
37.53215 -122.11229
37.53185 -122.11241
37.53180 -122.11249
37.53159 -122.11261
37.53155 -122.11261
37.53128 -122.11246
37.53108 -122.11245
37.53097 -122.11240
37.53072 -122.11237
37.53060 -122.11226
37.53047 -122.11208
37.53038 -122.11207
37.53026 -122.11209
37.52999 -122.11202
37.52976 -122.11194
37.52900 -122.11162
37.52867 -122.11157
37.52589 -122.11081
37.52426 -122.11047
37.52209 -122.11032
37.51831 -122.10991
37.51711 -122.10982
37.51647 -122.10980
37.51593 -122.10982
37.51460 -122.10998
37.51220 -122.11015
37.51199 -122.11021
37.51095 -122.11092
37.51084 -122.11102
37.51060 -122.11136
37.51041 -122.11150
37.51029 -122.11146
37.51019 -122.11137
37.51016 -122.11092
37.51010 -122.11076
37.50946 -122.11071
37.50925 -122.11057
37.50903 -122.11057
37.50876 -122.11063
37.50799 -122.11041
37.50655 -122.11050
37.50587 -122.11053
37.50495 -122.11004
37.50389 -122.10944
37.50253 -122.10879
37.50201 -122.10824
37.50150 -122.10762
37.50134 -122.10737
37.50127 -122.10702
37.50114 -122.10676
37.50102 -122.10669
37.50071 -122.10677
37.50061 -122.10695
37.50039 -122.10691
37.50005 -122.10643
37.49962 -122.10598
37.49924 -122.10552
37.49909 -122.10509
37.49897 -122.10441
37.49888 -122.10301
37.49909 -122.10154
37.49925 -122.09981
37.49952 -122.09812
37.50000 -122.09476
37.50136 -122.08814
37.50269 -122.08626
37.50396 -122.08548
37.50457 -122.08543
37.50504 -122.08558
37.50755 -122.08330
37.50791 -122.08285
37.50837 -122.08197
37.50857 -122.08129
37.50882 -122.07988
37.50902 -122.07907
37.50934 -122.07824
37.50639 -122.07747
37.50600 -122.07741
37.50556 -122.07744
37.50510 -122.07752
37.50443 -122.07777
37.50400 -122.07815
37.50395 -122.07831
37.50366 -122.07867
37.50339 -122.07922
37.50306 -122.07974
37.50266 -122.08025
37.50233 -122.08055
37.50225 -122.08057
37.50187 -122.08056
37.50180 -122.08051
37.50161 -122.08018
37.50154 -122.07960
37.50135 -122.07846
37.50092 -122.07558
37.50076 -122.07501
37.50066 -122.07481
37.50067 -122.07473
37.50076 -122.07452
37.50072 -122.07400
37.50076 -122.07383
37.50087 -122.07357
37.50085 -122.07282
37.50079 -122.07255
37.50083 -122.07239
37.50083 -122.07222
37.50064 -122.07070
37.50056 -122.07055
37.50055 -122.07047
37.50047 -122.07043
37.50041 -122.07044
37.50046 -122.07058
37.50055 -122.07071
37.50064 -122.07114
37.50069 -122.07191
37.50073 -122.07216
37.50071 -122.07266
37.50073 -122.07283
37.50077 -122.07287
37.50079 -122.07308
37.50077 -122.07358
37.50063 -122.07394
37.50069 -122.07445
37.50067 -122.07457
37.50063 -122.07461
37.50049 -122.07462
37.50029 -122.07455
37.50027 -122.07437
37.50014 -122.07417
37.50001 -122.07368
37.49962 -122.07192
37.49888 -122.06806
37.49867 -122.06584
37.49823 -122.06252
37.49778 -122.06041
37.49727 -122.05903
37.49661 -122.05742
37.49493 -122.05482
37.49411 -122.05368
37.49386 -122.05351
37.49357 -122.05343
37.49339 -122.05331
37.49324 -122.05289
37.49304 -122.05182
37.49289 -122.04910
37.49297 -122.04666
37.49337 -122.04234
37.49329 -122.04138
37.49302 -122.04016
37.49286 -122.03917
37.49268 -122.03833
37.49240 -122.03736
37.49219 -122.03680
37.49172 -122.03590
37.49098 -122.03475
37.49058 -122.03426
37.49004 -122.03380
37.48909 -122.03315
37.48747 -122.03252
37.48497 -122.03232
37.48384 -122.03221
37.48250 -122.03185
37.48167 -122.03166
37.48096 -122.03130
37.48025 -122.03087
37.47965 -122.03047
37.47870 -122.02966
37.47820 -122.02904
37.47791 -122.02856
37.47771 -122.02803
37.47754 -122.02738
37.47764 -122.02651
37.47776 -122.02602
37.47793 -122.02567
37.47811 -122.02549
37.47864 -122.02511
37.47913 -122.02491
37.47996 -122.02473
37.48041 -122.02472
37.48150 -122.02477
37.48234 -122.02477
37.48276 -122.02464
37.48322 -122.02414
37.48121 -122.02428
37.48036 -122.02428
37.47947 -122.02445
37.47858 -122.02476
37.47800 -122.02512
37.47767 -122.02539
37.47734 -122.02597
37.47720 -122.02705
37.47734 -122.02811
37.47745 -122.02858
37.47781 -122.02924
37.47833 -122.02994
37.47911 -122.03060
37.48016 -122.03138
37.48110 -122.03193
37.48188 -122.03229
37.48292 -122.03271
37.48491 -122.03301
37.48718 -122.03343
37.48815 -122.03373
37.48906 -122.03423
37.49024 -122.03517
37.49101 -122.03633
37.49162 -122.03797
37.49190 -122.03919
37.49198 -122.04043
37.49169 -122.04628
37.49144 -122.04995
37.49137 -122.05221
37.49099 -122.05388
37.49061 -122.05437
37.49036 -122.05495
37.49033 -122.05509
37.49029 -122.05516
37.49006 -122.05516
37.48996 -122.05511
37.48987 -122.05499
37.48940 -122.05467
37.48923 -122.05445
37.48915 -122.05430
37.48886 -122.05426
37.48865 -122.05418
37.48846 -122.05404
37.48815 -122.05369
37.48796 -122.05353
37.48780 -122.05348
37.48765 -122.05361
37.48745 -122.05405
37.48711 -122.05405
37.48564 -122.05393
37.48205 -122.05323
37.48050 -122.05257
37.47954 -122.05218
37.47829 -122.05193
37.47670 -122.05182
37.47578 -122.05193
37.47512 -122.05204
37.47354 -122.05282
37.47307 -122.05287
37.47257 -122.05251
37.47224 -122.05210
37.47177 -122.05143
37.47119 -122.05121
37.46913 -122.05099
37.46846 -122.05085
37.46722 -122.05041
37.46694 -122.05027
37.46675 -122.04985
37.46672 -122.04927
37.46636 -122.04498
37.46730 -122.03944
37.46801 -122.03390
37.46850 -122.02855
37.46827 -122.02362
37.46818 -122.02248
37.46792 -122.02075
37.46784 -122.02000
37.46764 -122.01910
37.46750 -122.01859
37.46745 -122.01814
37.46743 -122.01752
37.46819 -122.01061
37.46862 -122.00494
37.46865 -122.00212
37.46791 -121.99772
37.46745 -121.99511
37.46671 -121.99332
37.46629 -121.99234
37.46595 -121.99176
37.46557 -121.99087
37.46541 -121.99040
37.46509 -121.98799
37.46509 -121.98744
37.46514 -121.98672
37.46541 -121.98559
37.46563 -121.98499
37.46615 -121.98417
37.46646 -121.98380
37.46755 -121.98284
37.46880 -121.98188
37.46975 -121.98091
37.46993 -121.98068
37.47017 -121.98022
37.47047 -121.97946
37.47058 -121.97900
37.47068 -121.97837
37.47064 -121.97749
37.47059 -121.97710
37.47036 -121.97623
37.47004 -121.97524
37.46949 -121.97399
37.46968 -121.97358
37.46966 -121.97347
37.46972 -121.97334
37.46974 -121.97322
37.46973 -121.97313
37.46954 -121.97288
37.46922 -121.97230
37.46887 -121.97157
37.46860 -121.97087
37.46858 -121.97052
37.46861 -121.96983
37.46848 -121.96951
37.46848 -121.96921
37.46857 -121.96726
37.46876 -121.96594
37.46912 -121.96468
37.46933 -121.96441
37.46968 -121.96427
37.46989 -121.96409
37.47009 -121.96380
37.47015 -121.96368
37.47016 -121.96357
37.47011 -121.96330
37.46997 -121.96301
37.46982 -121.96260
37.46985 -121.96217
37.47021 -121.96098
37.47095 -121.95874
37.47126 -121.95818
37.47172 -121.95777
37.47237 -121.95744
37.47347 -121.95736
37.47404 -121.95725
37.47443 -121.95714
37.47500 -121.95675
37.47518 -121.95656
37.47534 -121.95632
37.47551 -121.95588
37.47567 -121.95529
37.47582 -121.95508
37.47590 -121.95505
37.47512 -121.95407
37.47496 -121.95393
37.47481 -121.95388
37.47448 -121.95385
37.47382 -121.95411
37.47356 -121.95427
37.47336 -121.95430
37.47303 -121.95431
37.47282 -121.95428
37.47261 -121.95412
37.47251 -121.95390
37.47241 -121.95354
37.47234 -121.95245
37.47237 -121.95209
37.47246 -121.95171
37.47261 -121.95138
37.47295 -121.95077
37.47313 -121.95035
37.47316 -121.95026
37.47315 -121.95008
37.47311 -121.94985
37.47302 -121.94958
37.47278 -121.94922
37.47268 -121.94909
37.47218 -121.94866
37.47185 -121.94820
37.47167 -121.94809
37.47087 -121.94796
37.47070 -121.94794
37.47052 -121.94800
37.47036 -121.94806
37.47001 -121.94831
37.46986 -121.94854
37.46977 -121.94861
37.46948 -121.94874
37.46933 -121.94885
37.46908 -121.94911
37.46875 -121.94953
37.46866 -121.94959
37.46857 -121.94962
37.46836 -121.94959
37.46801 -121.94948
37.46789 -121.94939
37.46779 -121.94935
37.46767 -121.94925
37.46758 -121.94908
37.46752 -121.94880
37.46751 -121.94838
37.46746 -121.94815
37.46745 -121.94712
37.46720 -121.94716
37.46701 -121.94715
37.46647 -121.94705
37.46633 -121.94700
37.46611 -121.94692
37.46591 -121.94684
37.46749 -121.94711
37.46920 -121.94511
37.46556 -121.94401
37.46494 -121.94111
37.46253 -121.93941
37.46212 -121.93591
37.46049 -121.93471
37.46018 -121.93221
37.45496 -121.93301
37.45685 -121.92881
37.45523 -121.92791
37.45395 -121.92471
37.46329 -121.90821
37.46735 -121.89631
37.46799 -121.89111
37.47100 -121.88771
37.47085 -121.88191
37.47517 -121.87761
37.47527 -121.87611
37.47955 -121.87071
37.48175 -121.86991
37.48463 -121.86541
37.48460 -121.85941
37.48463 -121.85943
37.49120 -121.86351
37.49324 -121.86441
37.49772 -121.86671
37.50558 -121.86361
37.50940 -121.86151
37.51574 -121.86171
37.52284 -121.86701
37.53239 -121.86861
37.54135 -121.87321
37.55041 -121.87791
37.55379 -121.88631
37.55570 -121.89241
37.56475 -121.89861
37.57056 -121.90581
37.57801 -121.91031
37.58207 -121.92101
37.59138 -121.92331
37.59875 -121.92471
37.60419 -121.92131
37.61968 -121.91691
37.62787 -121.91631
37.63737 -121.92391
37.64906 -121.93051
37.65761 -121.94091
37.66670 -121.95481
37.67335 -121.95861
37.67768 -121.95191
37.68604 -121.94531
37.68741 -121.95841
37.69148 -121.97901
37.69695 -121.97431
37.69967 -121.96681
37.71268 -121.97181
37.75209 -122.01461
37.76114 -122.00111
37.76335 -121.99751
37.76717 -122.00121
37.76917 -122.00311
37.78019 -122.01391
37.78125 -122.01761
37.78437 -122.02231
37.78767 -122.03071
37.79388 -122.04021
37.79779 -122.04531
37.80481 -122.14061
37.81335 -122.14781
37.81742 -122.15691
37.81303 -122.16651
37.81546 -122.17251
37.81606 -122.17691
37.81934 -122.18111
37.82039 -122.18571
37.82200 -122.18681
37.82528 -122.18561
37.82748 -122.18691
37.82970 -122.18681
37.83423 -122.18381
37.83731 -122.18511
37.83783 -122.18731
37.83766 -122.18871
37.84199 -122.19571
37.84269 -122.19491
37.84337 -122.19501
37.84746 -122.20081
37.85108 -122.20301
37.85193 -122.20881
37.85422 -122.21091
37.85505 -122.21051
37.86485 -122.22001
37.86546 -122.22141
37.86736 -122.21981
37.86902 -122.21631
37.87209 -122.21761
37.87362 -122.21991
37.87865 -122.22401
37.88116 -122.22951
37.88384 -122.23931
37.88221 -122.24251
37.88716 -122.24921
37.88947 -122.24961
37.88981 -122.25031
37.89112 -122.24911
37.89347 -122.25001
37.89409 -122.25141
37.89368 -122.25201
37.89402 -122.25281
37.89511 -122.25241
37.89626 -122.25341
37.89637 -122.25611
37.89859 -122.25601
37.89981 -122.25661
37.89917 -122.25841
37.90002 -122.25941
37.89981 -122.26081
37.90163 -122.26111
37.90204 -122.26251
37.90384 -122.26371
37.90450 -122.26531
37.94898 -122.25871
38.02722 -122.22931
38.05764 -122.21845
38.05767 -122.22098
38.05777 -122.22422
38.05725 -122.22421
38.05700 -122.22430
38.05625 -122.22480
38.05645 -122.22531
38.05650 -122.22566
38.05656 -122.22617
38.05650 -122.22655
38.05653 -122.22672
38.05666 -122.22763
38.05677 -122.22764
38.05676 -122.22829
38.05673 -122.22850
38.05669 -122.22854
38.05669 -122.22869
38.05668 -122.22889
38.05667 -122.22908
38.05669 -122.22916
38.05673 -122.22925
38.05673 -122.22932
38.05671 -122.22936
38.05667 -122.22943
38.05670 -122.22980
38.05683 -122.23163
38.05698 -122.23308
38.05704 -122.23320
38.05707 -122.23340
38.05707 -122.23355
38.05704 -122.23369
38.05714 -122.23435
38.05725 -122.23452
38.05745 -122.23460
38.05757 -122.23463
38.05767 -122.23475
38.05783 -122.23556
38.05784 -122.23571
38.05777 -122.23592
38.05768 -122.23606
38.05770 -122.23635
38.05782 -122.23732
38.05782 -122.23739
38.05778 -122.23752
38.05778 -122.23789
38.05792 -122.23862
38.05808 -122.23926
38.05815 -122.23961
38.05814 -122.24021
38.05816 -122.24065
38.05819 -122.24108
38.05820 -122.24134
38.05819 -122.24152
38.05816 -122.24169
38.05815 -122.24224
38.05822 -122.24284
