CA_Climate_Zone_14_North
37.03980 -117.35771
37.04697 -117.36401
37.05654 -117.37761
37.05814 -117.38351
37.06459 -117.39411
37.07519 -117.40981
37.08027 -117.41591
37.08913 -117.43151
37.10951 -117.44541
37.11864 -117.45291
37.13019 -117.46541
37.14127 -117.47831
37.14915 -117.48271
37.16717 -117.50041
37.17596 -117.50641
37.18229 -117.51661
37.19111 -117.53731
37.18989 -117.54501
37.18273 -117.55461
37.16608 -117.55861
37.15251 -117.55481
37.14622 -117.55591
37.13580 -117.55031
37.12227 -117.53991
37.11318 -117.52521
37.10407 -117.51471
37.08530 -117.50631
37.07590 -117.50391
37.07147 -117.50541
37.06250 -117.49061
37.04526 -117.49531
37.04457 -117.49481
37.03878 -117.49191
37.02854 -117.49331
37.01100 -117.49091
37.00593 -117.48391
36.98299 -117.47291
36.98220 -117.46951
36.98610 -117.45871
36.99335 -117.45101
37.00454 -117.44651
37.01056 -117.43101
37.00723 -117.42421
36.99159 -117.41521
36.98102 -117.41401
36.97022 -117.41291
36.96798 -117.39861
36.96209 -117.39221
36.95166 -117.38661
36.93938 -117.37981
36.93148 -117.37851
36.92405 -117.37691
36.92185 -117.37551
36.91353 -117.36621
36.90857 -117.36071
36.89946 -117.34761
36.89459 -117.34601
36.88797 -117.34431
36.87211 -117.33341
36.86191 -117.32811
36.84945 -117.33261
36.84632 -117.33101
36.83173 -117.32031
36.81383 -117.32131
36.79609 -117.33551
36.79316 -117.33931
36.78628 -117.34431
36.77348 -117.34671
36.76690 -117.33951
36.75320 -117.33691
36.74225 -117.33941
36.74113 -117.33331
36.74652 -117.32591
36.74901 -117.31601
36.74170 -117.31341
36.72806 -117.32161
36.72315 -117.32611
36.71315 -117.32751
36.71152 -117.32781
36.69942 -117.33141
36.69639 -117.33171
36.68411 -117.32511
36.67279 -117.33341
36.66137 -117.33821
36.65733 -117.33371
36.65235 -117.33021
36.64453 -117.33531
36.63916 -117.34041
36.62480 -117.33141
36.61120 -117.33191
36.61195 -117.32231
36.60967 -117.31261
36.59956 -117.31301
36.59324 -117.32091
36.58065 -117.32881
36.57515 -117.33431
36.56725 -117.33361
36.56160 -117.32591
36.56759 -117.31471
36.57647 -117.30591
36.57314 -117.29871
36.55211 -117.29831
36.54138 -117.28301
36.53269 -117.27801
36.52270 -117.27791
36.51534 -117.26231
36.50500 -117.26211
36.50200 -117.25691
36.49832 -117.25061
36.48867 -117.22871
36.48124 -117.22571
36.47710 -117.21611
36.48062 -117.21061
36.48239 -117.20421
36.47465 -117.19441
36.46560 -117.19131
36.45516 -117.18741
36.45928 -117.17421
36.46961 -117.17941
36.48062 -117.18551
36.49140 -117.18991
36.49990 -117.18741
36.50252 -117.17391
36.50579 -117.17081
36.51567 -117.16871
36.52985 -117.16701
36.53882 -117.16291
36.55883 -117.15721
36.55653 -117.15261
36.56796 -117.14261
36.57318 -117.14501
36.58273 -117.13831
36.59136 -117.12911
36.59317 -117.11411
36.59110 -117.10781
36.58612 -117.10451
36.59082 -117.08881
36.58809 -117.07161
36.58475 -117.06401
36.57328 -117.05431
36.57017 -117.04551
36.56636 -117.03981
36.55811 -117.03911
36.55685 -117.03361
36.55200 -117.02531
36.53816 -117.02691
36.53296 -117.01971
36.52842 -117.02321
36.51809 -117.01841
36.50877 -117.02651
36.50944 -117.03481
36.50558 -117.04381
36.49288 -117.05251
36.47975 -117.05211
36.47384 -117.04771
36.47037 -117.04431
36.46106 -117.04951
36.45002 -117.05021
36.44491 -117.04921
36.44050 -117.04801
36.43122 -117.04241
36.42732 -117.02911
36.41710 -117.02731
36.40774 -117.01201
36.40474 -117.00621
36.39582 -116.99711
36.38862 -116.99701
36.37655 -116.99261
36.37144 -116.99141
36.36410 -116.99601
36.35643 -116.99701
36.34461 -116.98891
36.33627 -116.97841
36.32127 -116.98371
36.30850 -116.98151
36.30247 -116.97761
36.29133 -116.97221
36.27797 -116.97221
36.27333 -116.97161
36.26696 -116.96411
36.26081 -116.96331
36.25209 -116.96501
36.24595 -116.95861
36.23991 -116.95651
36.23398 -116.95711
36.23014 -116.96091
36.22314 -116.97121
36.21756 -116.97231
36.21851 -116.96481
36.21621 -116.95711
36.20855 -116.95371
36.20403 -116.95101
36.19380 -116.95411
36.18868 -116.95661
36.17867 -116.96261
36.17486 -116.95481
36.16685 -116.95181
36.16305 -116.94081
36.15341 -116.94041
36.14736 -116.94101
36.13571 -116.95311
36.12941 -116.96121
36.12605 -116.95961
36.11932 -116.95641
36.11538 -116.95481
36.10784 -116.95111
36.09691 -116.95101
36.09136 -116.94351
36.08361 -116.93241
36.07397 -116.93201
36.06965 -116.93721
36.05966 -116.93791
36.04906 -116.94651
36.04225 -116.93121
36.03259 -116.93801
36.02484 -116.92871
36.02161 -116.92081
36.02244 -116.91241
36.02457 -116.90221
36.02086 -116.89771
36.01145 -116.89721
36.00774 -116.89551
36.00262 -116.89831
35.99819 -116.90351
35.99074 -116.90971
35.98498 -116.93221
35.98417 -116.93031
35.98015 -116.91691
35.97682 -116.89941
35.96835 -116.89901
35.96864 -116.91801
35.97078 -116.94141
35.96654 -116.95971
35.95894 -116.97291
35.95089 -116.98221
35.94050 -116.99791
35.93724 -116.99961
35.92845 -116.98851
35.92490 -116.97261
35.93039 -116.96321
35.93366 -116.95951
35.93809 -116.95401
35.93756 -116.93901
35.92930 -116.94261
35.91244 -116.94701
35.91351 -116.93991
35.92247 -116.93461
35.92864 -116.92801
35.93703 -116.92291
35.93786 -116.91501
35.93252 -116.91421
35.92600 -116.91841
35.92449 -116.91831
35.92245 -116.90071
35.91957 -116.89371
35.91960 -116.88231
35.91462 -116.87751
35.91835 -116.87261
35.92651 -116.86271
35.92827 -116.85441
35.92491 -116.85171
35.91549 -116.85651
35.91365 -116.85061
35.90959 -116.84641
35.90666 -116.85481
35.90606 -116.86411
35.90476 -116.87331
35.90392 -116.88171
35.91146 -116.88751
35.90773 -116.88971
35.90389 -116.89401
35.90051 -116.89751
35.89711 -116.90751
35.89176 -116.90841
35.87728 -116.89691
35.86951 -116.89281
35.86206 -116.89621
35.85481 -116.91141
35.84768 -116.92731
35.85102 -116.93651
35.85936 -116.94261
35.86503 -116.94881
35.85619 -116.95191
35.85640 -116.96001
35.85185 -116.96451
35.84801 -116.96631
35.85134 -116.97701
35.84692 -116.97931
35.84724 -116.98661
35.84071 -116.99281
35.83317 -116.99151
35.82476 -117.00341
35.81451 -117.00971
35.80610 -117.01971
35.79563 -117.03251
35.79561 -117.03901
35.79557 -117.04871
35.79819 -117.06821
35.80654 -117.08071
35.81267 -117.08741
35.81854 -117.09791
35.82389 -117.09901
35.83073 -117.10301
35.84305 -117.10121
35.84350 -117.10341
35.84221 -117.10761
35.84774 -117.11611
35.84957 -117.12271
35.85584 -117.12451
35.86149 -117.13171
35.86989 -117.12671
35.86986 -117.13291
35.87661 -117.13021
35.88265 -117.13081
35.88635 -117.13531
35.89410 -117.14151
35.90050 -117.14001
35.90571 -117.14391
35.91033 -117.15001
35.92443 -117.14321
35.93124 -117.15181
35.94214 -117.15561
35.94715 -117.15391
35.95122 -117.15311
35.96062 -117.15611
35.96712 -117.15641
35.97443 -117.15981
35.98092 -117.16191
35.98463 -117.16571
35.98928 -117.16291
35.99624 -117.16531
36.00321 -117.16801
36.00646 -117.16821
36.01287 -117.16361
36.02111 -117.16641
36.02751 -117.16331
36.03482 -117.16591
36.04134 -117.16391
36.04404 -117.15841
36.04742 -117.15691
36.05159 -117.15891
36.05577 -117.15871
36.06276 -117.15711
36.06615 -117.15271
36.07322 -117.15561
36.07799 -117.15401
36.08277 -117.15161
36.08390 -117.15931
36.08700 -117.16601
36.09210 -117.16821
36.09617 -117.16761
36.10300 -117.17311
36.10882 -117.17171
36.11360 -117.16791
36.11745 -117.16511
36.11990 -117.16301
36.12164 -117.16471
36.12270 -117.16081
36.12570 -117.16611
36.12647 -117.17531
36.13200 -117.18451
36.13970 -117.17731
36.14727 -117.17481
36.15010 -117.16721
36.15439 -117.16741
36.16331 -117.17321
36.16902 -117.17191
36.17484 -117.16841
36.17911 -117.17451
36.18678 -117.17451
36.18802 -117.18171
36.18916 -117.18741
36.19332 -117.19251
36.19612 -117.19111
36.20531 -117.18811
36.20843 -117.19241
36.21385 -117.19871
36.22138 -117.20411
36.23080 -117.20231
36.23264 -117.20611
36.23808 -117.21201
36.24413 -117.20941
36.24875 -117.21451
36.25410 -117.21551
36.26430 -117.22071
36.25524 -117.21851
36.26232 -117.22141
36.26856 -117.22801
36.27039 -117.23331
36.26767 -117.24201
36.27406 -117.24331
36.27623 -117.24981
36.27877 -117.25381
36.28778 -117.26251
36.29088 -117.27021
36.30098 -117.27141
36.30966 -117.27971
36.31500 -117.27881
36.31881 -117.28411
36.32437 -117.28681
36.32530 -117.28711
36.33514 -117.29431
36.34009 -117.30211
36.34405 -117.30121
36.35405 -117.30051
36.36484 -117.30391
36.37306 -117.31051
36.38369 -117.32021
36.38774 -117.32371
36.39317 -117.32871
36.39596 -117.32971
36.40208 -117.33541
36.41123 -117.34041
36.41412 -117.34421
36.41886 -117.34751
36.42221 -117.35261
36.42716 -117.35971
36.42901 -117.36131
36.43395 -117.37111
36.44288 -117.37301
36.44915 -117.37441
36.45647 -117.37561
36.46320 -117.37661
36.47340 -117.38191
36.47975 -117.38781
36.48550 -117.39771
36.48935 -117.41361
36.48861 -117.42021
36.49230 -117.42471
36.49480 -117.43451
36.49146 -117.44631
36.48636 -117.46181
36.47964 -117.47481
36.47235 -117.48601
36.46394 -117.49171
36.45497 -117.49571
36.44612 -117.49761
36.44161 -117.49391
36.43068 -117.49451
36.41884 -117.49171
36.41497 -117.49581
36.40837 -117.49291
36.40235 -117.48851
36.39467 -117.49091
36.38682 -117.49861
36.37804 -117.50721
36.37342 -117.50351
36.36728 -117.50001
36.35977 -117.49421
36.35020 -117.49861
36.34625 -117.49781
36.34114 -117.49791
36.33568 -117.49681
36.33832 -117.48651
36.34209 -117.47951
36.34630 -117.47501
36.34786 -117.46961
36.34487 -117.46451
36.34095 -117.45991
36.33853 -117.45641
36.33320 -117.45441
36.32939 -117.45101
36.32244 -117.44711
36.30980 -117.44291
36.30458 -117.44161
36.29887 -117.42591
36.29474 -117.41821
36.28980 -117.42721
36.28293 -117.42871
36.27592 -117.41601
36.26547 -117.41461
36.26489 -117.41491
36.25920 -117.41391
36.25518 -117.40651
36.24972 -117.40631
36.24702 -117.41001
36.24292 -117.41541
36.24005 -117.40931
36.23332 -117.40681
36.22508 -117.40591
36.22113 -117.40581
36.21811 -117.40461
36.21592 -117.40251
36.21025 -117.39861
36.20360 -117.40211
36.20050 -117.39631
36.19572 -117.39841
36.19132 -117.39531
36.18641 -117.40001
36.18445 -117.39741
36.17736 -117.39691
36.17107 -117.39931
36.16829 -117.39811
36.16773 -117.39491
36.16278 -117.38711
36.15223 -117.38291
36.14271 -117.38101
36.13378 -117.37771
36.12553 -117.37781
36.11809 -117.37781
36.11494 -117.38071
36.11156 -117.38171
36.11029 -117.37941
36.10532 -117.37601
36.09997 -117.37731
36.09043 -117.37781
36.07789 -117.37491
36.07117 -117.37331
36.06639 -117.37401
36.06269 -117.37241
36.05162 -117.37571
36.04404 -117.36261
36.03848 -117.35861
36.03151 -117.35851
36.02640 -117.35751
36.02154 -117.35471
36.01757 -117.35791
36.01200 -117.35501
36.00936 -117.35011
36.00255 -117.34301
35.99467 -117.33951
35.99186 -117.34251
35.99264 -117.34801
35.98926 -117.34861
35.98805 -117.35591
35.98627 -117.36201
35.98205 -117.36671
35.98070 -117.36111
35.98214 -117.35391
35.98124 -117.34971
35.98083 -117.34091
35.98112 -117.33291
35.97743 -117.32771
35.97242 -117.32891
35.96613 -117.33181
35.96178 -117.33971
35.95832 -117.33521
35.95297 -117.33561
35.94935 -117.33881
35.94702 -117.33841
35.93165 -117.34331
35.92084 -117.34341
35.91213 -117.34141
35.90546 -117.34851
35.90053 -117.35601
35.89766 -117.35121
35.88537 -117.34551
35.87748 -117.34381
35.87789 -117.35161
35.87301 -117.35191
35.87067 -117.35521
35.86424 -117.35891
35.85860 -117.35221
35.85231 -117.35321
35.84854 -117.36031
35.84262 -117.35991
35.84315 -117.36651
35.83722 -117.36771
35.83879 -117.37601
35.83689 -117.38181
35.83509 -117.38991
35.83051 -117.39681
35.81812 -117.40421
35.81687 -117.40571
35.81317 -117.40411
35.81194 -117.40261
35.81139 -117.40521
35.80760 -117.40421
35.80476 -117.40701
35.80392 -117.41131
35.80463 -117.41321
35.80595 -117.41641
35.80335 -117.41701
35.80294 -117.42011
35.80450 -117.42331
35.80534 -117.42281
35.81094 -117.42091
35.80697 -117.42301
35.80668 -117.42771
35.80404 -117.42911
35.80632 -117.43201
35.80540 -117.43571
35.80806 -117.43801
35.80870 -117.44301
35.80777 -117.44301
35.80224 -117.44381
35.80013 -117.44591
35.80119 -117.44761
35.80085 -117.44941
35.80108 -117.45341
35.79967 -117.45361
35.79496 -117.45431
35.79531 -117.46031
35.79320 -117.45841
35.79033 -117.45561
35.78979 -117.45291
35.78818 -117.44851
35.78619 -117.44871
35.78532 -117.45351
35.78391 -117.45171
35.78198 -117.45071
35.78157 -117.44981
35.78076 -117.44781
35.78007 -117.44561
35.77997 -117.44141
35.77966 -117.43871
35.77932 -117.43651
35.77929 -117.43311
35.77967 -117.43061
35.78072 -117.42661
35.77986 -117.42341
35.77720 -117.42291
35.77458 -117.42581
35.77346 -117.42901
35.77201 -117.43181
35.76961 -117.43301
35.76867 -117.43111
35.76492 -117.43341
35.76209 -117.43581
35.76108 -117.44111
35.75969 -117.44281
35.75529 -117.44221
35.75320 -117.44401
35.75061 -117.44431
35.74977 -117.44671
35.74884 -117.45071
35.74987 -117.45681
35.75222 -117.45461
35.75458 -117.45031
35.75912 -117.44861
35.75815 -117.45101
35.75632 -117.45841
35.75436 -117.46191
35.75223 -117.46621
35.75641 -117.46671
35.75773 -117.47001
35.76287 -117.48361
35.76705 -117.49001
35.76625 -117.49551
35.76853 -117.50031
35.76650 -117.50511
35.76862 -117.51451
35.76850 -117.52241
35.76855 -117.52931
35.77071 -117.53031
35.77188 -117.53421
35.77608 -117.54011
35.77744 -117.53881
35.77635 -117.52961
35.77669 -117.52401
35.77665 -117.51881
35.77864 -117.51871
35.77952 -117.51561
35.77958 -117.51081
35.78068 -117.50601
35.78165 -117.50751
35.78184 -117.51221
35.78113 -117.52001
35.78219 -117.52571
35.78200 -117.52901
35.78364 -117.53281
35.78601 -117.53791
35.78869 -117.54401
35.79073 -117.54891
35.79344 -117.55231
35.79790 -117.55591
35.79964 -117.55801
35.80503 -117.56231
35.80577 -117.56231
35.80585 -117.55341
35.80827 -117.55931
35.80718 -117.54141
35.80575 -117.54121
35.80478 -117.53161
35.80805 -117.52981
35.81101 -117.52361
35.81376 -117.51461
35.81830 -117.51381
35.81769 -117.51761
35.81763 -117.52441
35.81934 -117.52901
35.81697 -117.53361
35.81739 -117.54031
35.81806 -117.54281
35.81907 -117.54741
35.82628 -117.54751
35.82623 -117.55301
35.82872 -117.56061
35.83397 -117.55871
35.83606 -117.55901
35.83474 -117.56401
35.83317 -117.57131
35.83653 -117.57211
35.84138 -117.57621
35.84774 -117.58021
35.85215 -117.58151
35.85912 -117.58181
35.87074 -117.58251
35.88364 -117.58361
35.89243 -117.58901
35.89703 -117.59441
35.89864 -117.59651
35.90139 -117.60081
35.90433 -117.59781
35.90756 -117.59971
35.91206 -117.60411
35.91623 -117.60571
35.91582 -117.61241
35.91876 -117.60951
35.92736 -117.62271
35.93069 -117.62761
35.93562 -117.63531
35.94064 -117.63281
35.94306 -117.63581
35.94588 -117.63241
35.94678 -117.63581
35.94878 -117.63271
35.95166 -117.63541
35.95079 -117.64201
35.95040 -117.64711
35.95460 -117.64521
35.95787 -117.64381
35.96007 -117.64471
35.96295 -117.64711
35.96663 -117.65211
35.96787 -117.65671
35.97038 -117.66121
35.97116 -117.66461
35.97010 -117.66701
35.96827 -117.67571
35.97422 -117.67401
35.98039 -117.67251
35.98129 -117.67631
35.98204 -117.68331
35.98466 -117.68961
35.98717 -117.69381
35.99132 -117.69841
35.99267 -117.70231
35.99636 -117.70601
36.00165 -117.71261
36.00115 -117.71571
36.00252 -117.71841
36.00081 -117.72651
36.00030 -117.73141
36.00201 -117.73531
36.00290 -117.73951
36.00086 -117.74611
35.99690 -117.75781
35.98336 -117.76351
35.96261 -117.76771
35.94926 -117.76561
35.93514 -117.77111
35.92102 -117.77501
35.91250 -117.77801
35.90548 -117.79411
35.90645 -117.81201
35.91061 -117.82631
35.91695 -117.84181
35.90745 -117.84931
35.89800 -117.86251
35.91084 -117.87971
35.89719 -117.88391
35.88883 -117.90281
35.88087 -117.90731
35.85745 -117.91151
35.84636 -117.91491
35.83748 -117.90761
35.82536 -117.90011
35.80329 -117.89701
35.79217 -117.90301
35.78212 -117.90751
35.77547 -117.90891
35.76778 -117.91001
35.75975 -117.91031
35.72913 -117.91281
35.72297 -117.91251
35.71517 -117.91311
35.70240 -117.91061
35.69939 -117.91001
35.69363 -117.90411
35.69072 -117.90431
35.68687 -117.90521
35.68095 -117.90401
35.67172 -117.90751
35.66929 -117.90711
35.66562 -117.90221
35.66105 -117.89461
35.65783 -117.89111
35.65296 -117.88971
35.64758 -117.89221
35.64279 -117.89471
35.63881 -117.89681
35.63518 -117.89901
35.63084 -117.90251
35.62531 -117.90761
35.61759 -117.91121
35.61187 -117.91331
35.60789 -117.91541
35.60029 -117.91841
35.59186 -117.92301
35.58882 -117.92521
35.58128 -117.93341
35.57599 -117.93801
35.57083 -117.94181
35.56554 -117.94681
35.55938 -117.95601
35.55282 -117.96951
35.54802 -117.98211
35.54532 -117.98411
35.54526 -117.98901
35.53876 -117.99801
35.53001 -118.00001
35.52656 -118.00641
35.51985 -118.01251
35.51064 -118.02361
35.50098 -118.02401
35.49356 -118.02151
35.48329 -118.01491
35.47326 -118.01701
35.46485 -118.01041
35.45702 -118.00331
35.44809 -118.00111
35.43488 -118.00611
35.41882 -118.01611
35.41668 -118.01951
35.41324 -118.02511
35.40623 -118.02751
35.39087 -118.02781
35.37675 -118.03071
35.36624 -118.03451
35.35625 -118.04191
35.34576 -118.04351
35.33638 -118.03981
35.32038 -118.04501
35.31127 -118.04721
35.29758 -118.05331
35.28625 -118.05681
35.27583 -118.06141
35.26432 -118.06941
35.25362 -118.07821
35.24566 -118.08161
35.24024 -118.08721
35.22530 -118.09081
35.20780 -118.09381
35.20042 -118.09781
35.19403 -118.10551
35.18447 -118.11551
35.17095 -118.12651
35.15620 -118.14101
35.14618 -118.15081
35.13293 -118.15811
35.12231 -118.16841
35.11356 -118.17861
35.09459 -118.18721
35.07933 -118.19601
35.07378 -118.20141
35.06340 -118.21121
35.05490 -118.21991
35.04800 -118.23031
35.03882 -118.23761
35.03242 -118.24491
35.01484 -118.25381
35.00431 -118.25761
34.99318 -118.26271
34.98674 -118.27311
34.97837 -118.28751
34.97124 -118.29761
34.96556 -118.30331
34.95934 -118.31431
34.95412 -118.32091
34.94611 -118.32731
34.93632 -118.33581
34.92467 -118.35131
34.91214 -118.37861
34.89445 -118.41441
34.89267 -118.45221
34.89271 -118.53921
34.89111 -118.63011
34.88298 -118.64811
34.86911 -118.68111
34.85822 -118.71551
34.84209 -118.76171
34.83193 -118.77551
34.81598 -118.79901
34.79515 -118.79821
34.78752 -118.78351
34.77229 -118.75821
34.75708 -118.73131
34.74084 -118.70981
34.73692 -118.69491
34.72628 -118.67231
34.72425 -118.66881
34.72219 -118.66061
34.71676 -118.63901
34.71149 -118.64061
34.71141 -118.62601
34.71677 -118.61941
34.72058 -118.61481
34.71786 -118.61041
34.71701 -118.60581
34.70129 -118.60591
34.70100 -118.58961
34.69822 -118.58891
34.69818 -118.58491
34.69728 -118.56321
34.68996 -118.56251
34.69036 -118.53971
34.68845 -118.53231
34.68661 -118.52781
34.68649 -118.52421
34.68589 -118.50201
34.68455 -118.43671
34.67064 -118.41231
34.65736 -118.41211
34.65706 -118.40231
34.64193 -118.40221
34.64285 -118.39571
34.62694 -118.39351
34.62815 -118.37631
34.61407 -118.37571
34.61251 -118.35741
34.60681 -118.35691
34.60600 -118.34201
34.59929 -118.33951
34.59896 -118.32331
34.58375 -118.32151
34.58385 -118.30761
34.56118 -118.30551
34.56019 -118.28691
34.54136 -118.28561
34.53897 -118.28931
34.52686 -118.28991
34.50613 -118.28921
34.50601 -118.28922
34.50580 -118.28923
34.49695 -118.28971
34.43183 -118.29341
34.43172 -118.29051
34.43249 -118.27301
34.43291 -118.25611
34.41799 -118.25561
34.41786 -118.20551
34.42303 -118.18441
34.44724 -118.18581
34.44784 -118.15081
34.46115 -118.15181
34.46140 -118.08191
34.49436 -118.08091
34.49586 -118.03221
34.49425 -117.99531
34.46577 -117.99621
34.46617 -117.97811
34.43414 -117.97911
34.43472 -117.96521
34.43188 -117.96291
34.43101 -117.95701
34.43013 -117.95231
34.43073 -117.94971
34.42987 -117.94311
34.42838 -117.94301
34.42605 -117.93331
34.42107 -117.92551
34.42089 -117.89231
34.42105 -117.87291
34.42038 -117.81331
34.42107 -117.78341
34.42303 -117.78221
34.42457 -117.77571
34.42183 -117.77401
34.42069 -117.77261
34.42313 -117.76861
34.42030 -117.68161
34.39966 -117.67961
34.39809 -117.65661
34.39259 -117.65561
34.39323 -117.64471
34.38603 -117.64091
34.38555 -117.62621
34.37992 -117.62601
34.38001 -117.57341
34.37954 -117.51341
34.37591 -117.48471
34.36375 -117.48501
34.36494 -117.45341
34.34888 -117.45241
34.34976 -117.43641
34.33566 -117.43571
34.33616 -117.42521
34.31883 -117.42731
34.31876 -117.41891
34.31222 -117.41791
34.31425 -117.40071
34.30611 -117.39931
34.30718 -117.33601
34.30308 -117.33031
34.30313 -117.31701
34.30761 -117.31451
34.30702 -117.28851
34.30849 -117.26171
34.32180 -117.25971
34.32228 -117.25041
34.33650 -117.25211
34.33767 -117.24411
34.34868 -117.24411
34.34868 -117.20661
34.34830 -117.17781
34.34748 -117.14051
34.35064 -117.10871
34.36394 -117.10831
34.36277 -117.05831
34.36273 -117.00631
34.36242 -116.96541
34.34878 -116.96301
34.34776 -116.95261
34.34903 -116.94241
34.34823 -116.93521
34.34731 -116.93311
34.34777 -116.93081
34.34549 -116.92481
34.34445 -116.92211
34.34732 -116.91821
34.34722 -116.89571
34.35020 -116.89391
34.35020 -116.88761
34.35146 -116.88311
34.35364 -116.87891
34.35192 -116.87101
34.35112 -116.86851
34.34882 -116.86161
34.34722 -116.84381
34.35054 -116.83691
34.35180 -116.83041
34.35443 -116.82881
34.35478 -116.82481
34.35535 -116.81921
34.35443 -116.81541
34.35328 -116.81141
34.35282 -116.79501
34.34468 -116.79491
34.34067 -116.79601
34.33964 -116.79391
34.33918 -116.79091
34.33654 -116.78881
34.33310 -116.78941
34.33321 -116.77501
34.31911 -116.77361
34.31828 -116.73801
34.30487 -116.73731
34.31001 -116.72781
34.30623 -116.72671
34.30439 -116.72021
34.29041 -116.71751
34.28968 -116.68611
34.27501 -116.68721
34.27441 -116.67101
34.23304 -116.66921
34.23336 -116.65131
34.20333 -116.65241
34.17376 -116.65081
34.17209 -116.68561
34.14310 -116.68671
34.14450 -116.70521
34.13040 -116.70601
34.12814 -116.73861
34.11575 -116.73531
34.11494 -116.72081
34.03093 -116.72191
34.03337 -116.61561
34.03261 -116.61551
34.03265 -116.45521
33.97284 -116.45771
33.96775 -116.44341
33.95091 -116.41511
33.93903 -116.39711
33.92799 -116.35641
33.91557 -116.31881
33.89603 -116.28071
33.89198 -116.27411
33.89008 -116.25861
33.87864 -116.23991
33.87435 -116.23051
33.87165 -116.21801
33.85651 -116.19421
33.85570 -116.14641
33.85538 -116.10821
33.85588 -116.07531
33.84003 -116.07291
33.84036 -116.05041
33.84121 -116.02061
33.81551 -116.01881
33.81334 -115.95101
33.82895 -115.95231
33.82893 -115.93321
33.80082 -115.92981
33.79727 -115.91501
33.77055 -115.91491
33.76942 -115.90061
33.75773 -115.88551
33.72620 -115.88581
33.72545 -115.83171
33.68359 -115.83051
33.67871 -115.82231
33.67818 -115.81351
33.67642 -115.80791
33.67524 -115.80281
33.67498 -115.79911
33.67704 -115.78401
33.67436 -115.77891
33.59892 -115.77881
33.57209 -115.77871
33.50823 -115.77921
33.50884 -115.67191
33.42818 -115.67321
33.42874 -115.60661
33.42944 -115.54931
33.43040 -115.45931
33.43292 -115.45941
33.43285 -115.44781
33.34266 -115.44661
33.34221 -115.38201
33.34510 -115.34171
33.34366 -115.23601
33.25817 -115.23601
33.25948 -115.13621
33.16827 -115.12731
33.16898 -115.06571
33.16962 -114.99331
33.16861 -114.95311
33.16838 -114.87271
33.17022 -114.80391
33.19187 -114.80361
33.25740 -114.80521
33.28203 -114.80551
33.29898 -114.80571
33.34735 -114.80781
33.34502 -114.91311
33.43322 -114.91271
33.43420 -114.94091
33.43366 -114.98361
33.43397 -115.00591
33.43329 -115.03211
33.43544 -115.12651
33.43509 -115.13651
33.51537 -115.13691
33.51464 -115.25381
33.60279 -115.25481
33.60191 -115.35611
33.68813 -115.35791
33.68743 -115.46121
33.70290 -115.46091
33.77581 -115.46031
33.77609 -115.45441
33.86208 -115.45491
33.95013 -115.45421
33.95154 -115.34601
34.03821 -115.34741
34.12705 -115.34771
34.12473 -115.45371
34.21348 -115.45461
34.21067 -115.58721
34.21121 -115.66561
34.25375 -115.66491
34.29710 -115.66431
34.29940 -115.70111
34.29923 -115.77041
34.33432 -115.76981
34.38376 -115.76991
34.38430 -115.81861
34.38074 -115.91681
34.38190 -115.97981
34.41449 -115.97991
34.47048 -115.98041
34.46945 -116.02871
34.46857 -116.08601
34.55498 -116.08611
34.56121 -116.09141
34.60366 -116.09021
34.64301 -116.08941
34.64731 -116.04681
34.64926 -115.98391
34.64693 -115.77561
34.64841 -115.69111
34.64725 -115.62341
34.64618 -115.53561
34.64795 -115.46121
34.60940 -115.45911
34.55989 -115.45961
34.55982 -115.44411
34.56276 -115.39381
34.56015 -115.35011
34.51694 -115.35031
34.47520 -115.34971
34.47557 -115.24571
34.43853 -115.24431
34.38764 -115.24361
34.38830 -115.19971
34.39103 -115.14871
34.38893 -115.09771
34.38932 -115.01631
34.38930 -114.92711
34.36960 -114.92761
34.30511 -114.92751
34.21522 -114.92311
34.21315 -114.90061
34.21445 -114.81861
34.21552 -114.71311
34.25836 -114.71391
34.30233 -114.71321
34.33408 -114.71501
34.38800 -114.71411
34.38810 -114.81891
34.40760 -114.82041
34.45580 -114.81911
34.48601 -114.81771
34.53150 -114.81881
34.56249 -114.81601
34.56512 -114.75641
34.56620 -114.68261
34.56652 -114.62531
34.60980 -114.62481
34.65011 -114.62531
34.69556 -114.62471
34.73795 -114.62591
34.73810 -114.64621
34.73669 -114.73091
34.80483 -114.73111
34.87344 -114.73101
34.92696 -114.73301
34.98516 -114.73391
34.98524 -114.66681
34.98527 -114.63091
34.98299 -114.62961
34.98299 -114.62944
34.98318 -114.62940
34.98344 -114.62938
34.98351 -114.62937
34.98588 -114.62916
34.98614 -114.62914
34.98904 -114.62923
34.99183 -114.62945
34.99465 -114.63026
34.99813 -114.63162
34.99864 -114.63182
34.99981 -114.63268
35.00178 -114.63344
35.00186 -114.63350
35.00196 -114.63362
35.00225 -114.63398
35.00234 -114.63410
35.00240 -114.63417
35.00257 -114.63438
35.00262 -114.63445
35.00399 -114.63613
35.00807 -114.64117
35.00943 -114.64285
35.00956 -114.64301
35.00987 -114.64339
35.00993 -114.64347
35.01006 -114.64363
35.01170 -114.64566
35.01664 -114.65175
35.01824 -114.65373
35.01828 -114.65378
35.01860 -114.65416
35.01884 -114.65446
35.02051 -114.65650
35.02107 -114.65718
35.02165 -114.65789
35.02210 -114.65845
35.02521 -114.66224
35.02617 -114.66342
35.02624 -114.66351
35.02711 -114.66457
35.02970 -114.66774
35.03053 -114.66876
35.03057 -114.66880
35.03163 -114.67010
35.03484 -114.67402
35.03590 -114.67533
35.03643 -114.67597
35.03800 -114.67789
35.03852 -114.67854
35.03891 -114.67901
35.04007 -114.68045
35.04015 -114.68055
35.04046 -114.68093
35.04088 -114.68145
35.04214 -114.68301
35.04249 -114.68345
35.04256 -114.68352
35.04293 -114.68399
35.04406 -114.68539
35.04444 -114.68585
35.04794 -114.69018
35.05062 -114.69351
35.05250 -114.69577
35.05812 -114.70275
35.05846 -114.70317
35.06140 -114.70681
35.06196 -114.70750
35.06210 -114.70768
35.06252 -114.70820
35.06266 -114.70837
35.06343 -114.70933
35.06507 -114.71137
35.06575 -114.71222
35.06651 -114.71319
35.06724 -114.71413
35.06840 -114.71555
35.07413 -114.72256
35.07603 -114.72490
35.07616 -114.72505
35.07653 -114.72550
35.07665 -114.72565
35.07717 -114.72629
35.07872 -114.72819
35.07924 -114.72883
35.08005 -114.72981
35.08012 -114.72991
35.08139 -114.73157
35.08272 -114.73320
35.08361 -114.73428
35.08390 -114.73463
35.08475 -114.73567
35.08504 -114.73601
35.08540 -114.73646
35.08649 -114.73778
35.08685 -114.73823
35.08735 -114.73884
35.08794 -114.73956
35.09121 -114.74355
35.09219 -114.74474
35.09230 -114.74488
35.09257 -114.74520
35.09336 -114.74617
35.09363 -114.74650
35.09374 -114.74663
35.09407 -114.74703
35.09418 -114.74717
35.09595 -114.74933
35.09616 -114.74958
35.10211 -114.75682
35.10410 -114.75923
35.10622 -114.76181
35.10934 -114.76561
35.11255 -114.76958
35.11465 -114.77218
35.11484 -114.77241
35.11540 -114.77310
35.11559 -114.77334
35.11795 -114.77626
35.12068 -114.77964
35.12118 -114.78028
35.12390 -114.78374
35.12462 -114.78464
35.12498 -114.78508
35.12726 -114.78789
35.12735 -114.78800
35.12793 -114.78871
35.12816 -114.78899
35.12999 -114.79126
35.13058 -114.79198
35.13139 -114.79298
35.13493 -114.79735
35.13804 -114.80132
35.14009 -114.80388
35.14066 -114.80458
35.14092 -114.80491
35.14110 -114.80514
35.14165 -114.80582
35.14183 -114.80605
35.14276 -114.80720
35.14325 -114.80780
35.14554 -114.81065
35.14630 -114.81160
35.14646 -114.81180
35.14786 -114.81354
35.14914 -114.81513
35.15202 -114.81879
35.15231 -114.81916
35.15341 -114.82054
35.15584 -114.82357
35.15652 -114.82442
35.15789 -114.82613
35.15904 -114.82757
35.15924 -114.82782
35.16313 -114.83268
35.16556 -114.83572
35.16762 -114.83844
35.16904 -114.84031
35.17379 -114.84659
35.17585 -114.84930
35.17654 -114.85022
35.17850 -114.85281
35.17861 -114.85298
35.17865 -114.85303
35.17925 -114.85394
35.18435 -114.86014
35.18607 -114.86223
35.18728 -114.86371
35.19598 -114.87429
35.19648 -114.87490
35.19989 -114.87905
35.20510 -114.88539
35.20652 -114.88711
35.20777 -114.88863
35.21211 -114.89391
35.21333 -114.89540
35.21381 -114.89600
35.21510 -114.89762
35.21818 -114.90150
35.21927 -114.90287
35.22026 -114.90412
35.22030 -114.90416
35.22040 -114.90429
35.22108 -114.90515
35.22141 -114.90556
35.22162 -114.90583
35.22217 -114.90651
35.22267 -114.90715
35.22419 -114.90905
35.22433 -114.90923
35.22469 -114.90969
35.22677 -114.91230
35.22768 -114.91346
35.22925 -114.91543
35.23117 -114.91785
35.23300 -114.92015
35.23508 -114.92276
35.23521 -114.92293
35.23548 -114.92327
35.23620 -114.92418
35.23668 -114.92478
35.23708 -114.92528
35.23710 -114.92532
35.23715 -114.92538
35.23717 -114.92541
35.23720 -114.92545
35.24072 -114.92988
35.24199 -114.93147
35.24595 -114.93646
35.25130 -114.94319
35.25416 -114.94679
35.25482 -114.94763
35.25491 -114.94774
35.25516 -114.94806
35.25525 -114.94816
35.25621 -114.94938
35.25909 -114.95301
35.26006 -114.95422
35.26052 -114.95480
35.26190 -114.95655
35.26237 -114.95713
35.26464 -114.96000
35.27148 -114.96861
35.27375 -114.97148
35.28175 -114.98156
35.28274 -114.98281
35.28398 -114.98438
35.28884 -114.99024
35.29252 -114.99468
35.30586 -115.01169
35.30919 -115.01594
35.31380 -115.02182
35.31644 -115.02519
35.32195 -115.03222
35.32436 -115.03530
35.32679 -115.03840
35.32700 -115.03867
35.32790 -115.03982
35.32820 -115.04021
35.33061 -115.04328
35.33127 -115.04412
35.33151 -115.04443
35.33215 -115.04524
35.33365 -115.04716
35.33512 -115.04904
35.33724 -115.05174
35.33857 -115.05344
35.34140 -115.05706
35.34596 -115.06288
35.34957 -115.06749
35.34974 -115.06771
35.35233 -115.07080
35.36063 -115.08071
35.36340 -115.08401
35.36359 -115.08429
35.36415 -115.08510
35.36434 -115.08538
35.36449 -115.08567
35.36495 -115.08654
35.36510 -115.08683
35.36533 -115.08715
35.36603 -115.08812
35.36626 -115.08844
35.36640 -115.08855
35.36644 -115.08858
35.36743 -115.08931
35.36777 -115.08957
35.36847 -115.09008
35.37013 -115.09299
35.37085 -115.09426
35.37179 -115.09590
35.37227 -115.09652
35.37291 -115.09735
35.37370 -115.09838
35.37418 -115.09900
35.37454 -115.09947
35.37500 -115.10008
35.37569 -115.10097
35.37754 -115.10328
35.37839 -115.10434
35.38031 -115.10672
35.38512 -115.11270
35.38605 -115.11386
35.38796 -115.11624
35.39066 -115.11959
35.39434 -115.12417
35.39875 -115.12966
35.40144 -115.13301
35.40364 -115.13575
35.40883 -115.14221
35.41024 -115.14397
35.41244 -115.14671
35.41280 -115.14716
35.41390 -115.14853
35.41426 -115.14898
35.41602 -115.15118
35.42131 -115.15776
35.42307 -115.15996
35.42364 -115.16066
35.42396 -115.16107
35.42419 -115.16129
35.42499 -115.16208
35.42787 -115.16492
35.42824 -115.16539
35.42936 -115.16681
35.42940 -115.16686
35.42974 -115.16728
35.43134 -115.16930
35.43617 -115.17537
35.43745 -115.17699
35.43777 -115.17739
35.44040 -115.18071
35.44059 -115.18095
35.44328 -115.18434
35.44827 -115.19065
35.45044 -115.19340
35.45089 -115.19397
35.45102 -115.19414
35.45184 -115.19517
35.45390 -115.19778
35.45847 -115.20354
35.45925 -115.20452
35.46295 -115.20919
35.46586 -115.21286
35.46597 -115.21300
35.46702 -115.21433
35.46796 -115.21552
35.47016 -115.21832
35.47111 -115.21952
35.47121 -115.21964
35.47215 -115.22079
35.47367 -115.22264
35.47496 -115.22424
35.47574 -115.22520
35.47589 -115.22539
35.47667 -115.22635
35.47685 -115.22657
35.47899 -115.22921
35.47932 -115.22963
35.47976 -115.23017
35.48170 -115.23258
35.48222 -115.23323
35.48581 -115.23770
35.48751 -115.23981
35.48911 -115.24180
35.48945 -115.24222
35.49030 -115.24329
35.49172 -115.24508
35.49284 -115.24650
35.49285 -115.24651
35.49368 -115.24757
35.49414 -115.24813
35.49566 -115.25000
35.49902 -115.25415
35.50109 -115.25670
35.50157 -115.25730
35.50229 -115.25818
35.50355 -115.25973
35.50495 -115.26152
35.50505 -115.26165
35.50759 -115.26489
35.50805 -115.26548
35.50874 -115.26636
35.50955 -115.26740
35.50984 -115.26777
35.51105 -115.26932
35.51117 -115.26947
35.51138 -115.26974
35.51226 -115.27089
35.51236 -115.27102
35.51269 -115.27144
35.51270 -115.27146
35.51274 -115.27151
35.51275 -115.27153
35.51576 -115.27549
35.51636 -115.27628
35.51858 -115.27921
35.52111 -115.28255
35.52221 -115.28398
35.52223 -115.28401
35.53807 -115.30390
35.53935 -115.30551
35.54084 -115.30738
35.54090 -115.30745
35.54257 -115.30956
35.54421 -115.31161
35.54692 -115.31500
35.55106 -115.32020
35.55218 -115.32160
35.55373 -115.32355
35.55431 -115.32429
35.55536 -115.32561
35.55768 -115.32852
35.55851 -115.32958
35.55962 -115.33098
35.56207 -115.33409
35.56411 -115.33668
35.56433 -115.33695
35.56858 -115.34235
35.57195 -115.34662
35.57661 -115.35253
35.57997 -115.35679
35.58203 -115.35941
35.58341 -115.36115
35.58660 -115.36520
35.58787 -115.36681
35.58928 -115.36860
35.58960 -115.36906
35.58982 -115.36933
35.58983 -115.36935
35.58988 -115.36940
35.58990 -115.36942
35.58998 -115.36953
35.59013 -115.36971
35.59024 -115.36983
35.59033 -115.36993
35.59035 -115.36996
35.59036 -115.36997
35.59051 -115.37016
35.59096 -115.37074
35.59112 -115.37093
35.59113 -115.37095
35.59118 -115.37100
35.59119 -115.37102
35.59127 -115.37112
35.59150 -115.37142
35.59158 -115.37153
35.59212 -115.37223
35.59226 -115.37242
35.59257 -115.37281
35.59491 -115.37573
35.59561 -115.37662
35.59662 -115.37789
35.59834 -115.38008
35.59888 -115.38076
35.60352 -115.38662
35.60524 -115.38881
35.60538 -115.38898
35.60578 -115.38950
35.60592 -115.38967
35.60655 -115.39056
35.60695 -115.39102
35.60706 -115.39115
35.60732 -115.39148
35.60943 -115.39411
35.61026 -115.39517
35.61036 -115.39530
35.61066 -115.39567
35.61076 -115.39580
35.61183 -115.39715
35.61504 -115.40122
35.61611 -115.40257
35.61636 -115.40289
35.61642 -115.40296
35.61734 -115.40412
35.61764 -115.40451
35.61785 -115.40470
35.61791 -115.40475
35.61802 -115.40486
35.61847 -115.40558
35.61848 -115.40564
35.61858 -115.40598
35.61877 -115.40594
35.62002 -115.40751
35.62013 -115.40765
35.62091 -115.40863
35.62839 -115.41810
35.63030 -115.42052
35.63342 -115.42449
35.63739 -115.42955
35.63990 -115.43274
35.64493 -115.43915
35.64659 -115.44126
35.64937 -115.44479
35.65115 -115.44706
35.65367 -115.45026
35.65686 -115.45433
35.65997 -115.45828
35.66294 -115.46207
35.66347 -115.46274
35.66992 -115.47094
35.67149 -115.47295
35.67793 -115.48115
35.67898 -115.48248
35.67990 -115.48365
35.68030 -115.48416
35.68102 -115.48507
35.69143 -115.49828
35.69786 -115.50644
35.69903 -115.50792
35.70083 -115.51022
35.70429 -115.51461
35.70459 -115.51499
35.70674 -115.51771
35.71004 -115.52190
35.71203 -115.52444
35.71277 -115.52537
35.71309 -115.52578
35.71556 -115.52891
35.72504 -115.54097
35.73204 -115.54987
35.73768 -115.55704
35.74992 -115.57262
35.75125 -115.57432
35.75907 -115.58428
35.76164 -115.58754
35.76268 -115.58887
35.76354 -115.58995
35.76478 -115.59152
35.76480 -115.59155
35.76501 -115.59181
35.76662 -115.59388
35.77008 -115.59828
35.77248 -115.60134
35.77254 -115.60142
35.77937 -115.61014
35.78787 -115.62098
35.78806 -115.62122
35.78813 -115.62131
35.78815 -115.62133
35.79182 -115.62602
35.79209 -115.62637
35.79355 -115.62823
35.79930 -115.63557
35.80066 -115.63731
35.80621 -115.64439
35.80735 -115.64585
35.80774 -115.64635
35.80800 -115.64670
35.80879 -115.64776
35.80905 -115.64811
35.80907 -115.64814
35.80912 -115.64823
35.80914 -115.64826
35.80915 -115.64827
35.80918 -115.64831
35.80919 -115.64832
35.80922 -115.64837
35.80948 -115.64874
35.80953 -115.64881
35.80961 -115.64891
35.80965 -115.64896
35.80967 -115.64898
35.80983 -115.64918
35.81000 -115.64938
35.81004 -115.64943
35.81047 -115.64999
35.81054 -115.65008
35.81075 -115.65034
35.81191 -115.65182
35.81198 -115.65191
35.81232 -115.65234
35.81271 -115.65282
35.81278 -115.65291
35.81367 -115.65406
35.81411 -115.65462
35.81451 -115.65514
35.81489 -115.65564
35.81494 -115.65570
35.81524 -115.65608
35.81535 -115.65621
35.81596 -115.65699
35.81604 -115.65709
35.81622 -115.65734
35.81624 -115.65736
35.81642 -115.65758
35.81648 -115.65767
35.81655 -115.65775
35.81657 -115.65781
35.81664 -115.65779
35.81688 -115.65815
35.81690 -115.65818
35.81721 -115.65858
35.81735 -115.65876
35.81770 -115.65923
35.81778 -115.65933
35.81877 -115.66057
35.81940 -115.66136
35.81963 -115.66165
35.82004 -115.66219
35.82020 -115.66240
35.82034 -115.66258
35.82076 -115.66311
35.82115 -115.66362
35.82228 -115.66506
35.82378 -115.66695
35.82399 -115.66723
35.82411 -115.66739
35.82535 -115.66898
35.82603 -115.66985
35.82646 -115.67042
35.82658 -115.67057
35.82719 -115.67135
35.82720 -115.67137
35.82733 -115.67154
35.82897 -115.67360
35.83223 -115.67778
35.83296 -115.67872
35.83407 -115.68013
35.83427 -115.68039
35.83493 -115.68122
35.83553 -115.68197
35.83671 -115.68351
35.83685 -115.68369
35.83841 -115.68569
35.83856 -115.68589
35.83862 -115.68596
35.83866 -115.68601
35.83870 -115.68607
35.83945 -115.68704
35.84038 -115.68829
35.84069 -115.68870
35.84116 -115.68930
35.84128 -115.68942
35.84139 -115.68949
35.84144 -115.68958
35.84144 -115.68959
35.84171 -115.68995
35.84215 -115.69049
35.84337 -115.69207
35.84366 -115.69246
35.84410 -115.69299
35.84435 -115.69332
35.84459 -115.69366
35.84468 -115.69376
35.84490 -115.69399
35.84517 -115.69433
35.84534 -115.69456
35.84543 -115.69464
35.84564 -115.69478
35.84577 -115.69486
35.84602 -115.69514
35.84626 -115.69545
35.84649 -115.69574
35.85190 -115.70278
35.85195 -115.70284
35.85559 -115.70749
35.85688 -115.70908
35.88259 -115.74206
35.89319 -115.75569
35.89327 -115.75580
35.89517 -115.75823
35.89744 -115.76115
35.90846 -115.77514
35.91192 -115.77954
35.91580 -115.78452
35.91925 -115.78911
35.91953 -115.78929
35.92600 -115.79759
35.94850 -115.82648
35.94877 -115.82682
35.95453 -115.83422
35.95482 -115.83459
35.95588 -115.83594
35.96327 -115.84544
35.96371 -115.84601
35.96999 -115.85406
35.97281 -115.85769
35.97914 -115.86583
35.98173 -115.86916
35.98293 -115.87069
35.98444 -115.87263
35.98510 -115.87350
35.98540 -115.87389
35.99140 -115.88164
35.99287 -115.88356
35.99293 -115.88362
35.99327 -115.88407
35.99395 -115.88494
35.99590 -115.88747
35.99659 -115.88836
35.99792 -115.89009
35.99832 -115.89062
35.99833 -115.89063
35.99865 -115.89105
35.99868 -115.89108
35.99906 -115.89157
36.00006 -115.89286
36.00048 -115.89341
36.00090 -115.89396
36.00114 -115.89427
36.00116 -115.89429
36.00130 -115.89447
36.00181 -115.89513
36.00184 -115.89516
36.00222 -115.89565
36.00265 -115.89619
36.00364 -115.89746
36.00375 -115.89762
36.00406 -115.89801
36.00427 -115.89829
36.00520 -115.89951
36.00605 -115.90060
36.00621 -115.90080
36.00673 -115.90145
36.00820 -115.90333
36.00878 -115.90410
36.01080 -115.90671
36.01158 -115.90770
36.01215 -115.90843
36.01238 -115.90876
36.01292 -115.90944
36.01473 -115.91177
36.01474 -115.91179
36.01491 -115.91200
36.01508 -115.91221
36.01523 -115.91240
36.01525 -115.91243
36.01527 -115.91246
36.01529 -115.91249
36.01533 -115.91258
36.01633 -115.91393
36.01637 -115.91398
36.01945 -115.91810
36.01993 -115.91874
36.01994 -115.91875
36.02196 -115.92135
36.02231 -115.92180
36.02235 -115.92185
36.02369 -115.92357
36.02392 -115.92386
36.02409 -115.92408
36.02424 -115.92427
36.02427 -115.92432
36.02432 -115.92438
36.02433 -115.92439
36.02438 -115.92445
36.02481 -115.92500
36.02632 -115.92694
36.02866 -115.92995
36.03383 -115.93658
36.03446 -115.93740
36.03575 -115.93907
36.03606 -115.93947
36.03607 -115.93948
36.03610 -115.93952
36.03619 -115.93963
36.03649 -115.94002
36.03760 -115.94146
36.03894 -115.94318
36.04005 -115.94460
36.04170 -115.94674
36.04226 -115.94745
36.04227 -115.94746
36.04228 -115.94748
36.04231 -115.94752
36.04232 -115.94753
36.04270 -115.94801
36.04332 -115.94881
36.04562 -115.95177
36.05017 -115.95762
36.05397 -115.96250
36.05703 -115.96644
36.06667 -115.97884
36.07181 -115.98545
36.07385 -115.98806
36.07446 -115.98886
36.07456 -115.98898
36.07778 -115.99312
36.07948 -115.99531
36.08386 -116.00067
36.08713 -116.00490
36.08752 -116.00541
36.08761 -116.00553
36.08764 -116.00556
36.08766 -116.00559
36.08773 -116.00568
36.08782 -116.00580
36.09067 -116.00949
36.09114 -116.01010
36.09266 -116.01207
36.09267 -116.01209
36.09268 -116.01210
36.09270 -116.01213
36.09274 -116.01217
36.09278 -116.01223
36.09537 -116.01559
36.10128 -116.02325
36.10609 -116.02949
36.10785 -116.03177
36.11088 -116.03570
36.11188 -116.03700
36.11250 -116.03780
36.11524 -116.04132
36.11945 -116.04675
36.13274 -116.06387
36.13428 -116.06587
36.13456 -116.06624
36.13588 -116.06793
36.13596 -116.06803
36.13598 -116.06807
36.13607 -116.06818
36.13617 -116.06831
36.13705 -116.06945
36.13802 -116.07071
36.13842 -116.07122
36.13868 -116.07156
36.13872 -116.07161
36.13874 -116.07164
36.13892 -116.07186
36.13948 -116.07259
36.13963 -116.07278
36.13964 -116.07280
36.14204 -116.07590
36.14228 -116.07621
36.14494 -116.07966
36.14498 -116.07970
36.14555 -116.08044
36.14576 -116.08071
36.14577 -116.08072
36.14578 -116.08073
36.14609 -116.08113
36.14720 -116.08256
36.14742 -116.08285
36.14747 -116.08292
36.14747 -116.08293
36.14749 -116.08295
36.14755 -116.08303
36.14789 -116.08347
36.14848 -116.08423
36.14861 -116.08440
36.14875 -116.08457
36.15090 -116.08736
36.15173 -116.08843
36.15194 -116.08869
36.15241 -116.08931
36.15242 -116.08932
36.15369 -116.09096
36.15495 -116.09259
36.15535 -116.09311
36.15538 -116.09315
36.15581 -116.09361
36.15627 -116.09418
36.15661 -116.09467
36.15835 -116.09723
36.15948 -116.09868
36.16455 -116.10520
36.16714 -116.10854
36.16850 -116.11029
36.17264 -116.11562
36.17265 -116.11563
36.17763 -116.12202
36.17914 -116.12399
36.18016 -116.12527
36.18067 -116.12590
36.18317 -116.12914
36.18318 -116.12915
36.18394 -116.13013
36.18698 -116.13408
36.19591 -116.14566
36.19646 -116.14637
36.19809 -116.14849
36.19818 -116.14861
36.20234 -116.15401
36.20270 -116.15447
36.20325 -116.15518
36.20334 -116.15530
36.20337 -116.15534
36.20340 -116.15537
36.20372 -116.15580
36.20570 -116.15836
36.20642 -116.15930
36.20643 -116.15931
36.20649 -116.15939
36.20982 -116.16371
36.21370 -116.16874
36.21395 -116.16907
36.21968 -116.17648
36.22540 -116.18390
36.22985 -116.18967
36.23101 -116.19116
36.23107 -116.19124
36.23301 -116.19375
36.23324 -116.19405
36.23328 -116.19410
36.23328 -116.19411
36.23397 -116.19500
36.23707 -116.19901
36.23992 -116.20270
36.24033 -116.20324
36.24079 -116.20383
36.24109 -116.20422
36.24111 -116.20424
36.24111 -116.20425
36.24112 -116.20426
36.24115 -116.20430
36.24118 -116.20434
36.24129 -116.20448
36.24169 -116.20500
36.24433 -116.20841
36.24760 -116.21265
36.24945 -116.21505
36.24946 -116.21507
36.24996 -116.21575
36.25271 -116.21933
36.26002 -116.22886
36.26007 -116.22893
36.26132 -116.23055
36.26960 -116.24134
36.27306 -116.24585
36.27604 -116.24967
36.27623 -116.24991
36.27629 -116.24999
36.27630 -116.25000
36.27692 -116.25079
36.27694 -116.25082
36.27694 -116.25083
36.28523 -116.26170
36.28534 -116.26184
36.33032 -116.32087
36.33054 -116.32115
36.33495 -116.32693
36.33561 -116.32782
36.34149 -116.33552
36.34184 -116.33597
36.34718 -116.34298
36.34917 -116.34559
36.35179 -116.34903
36.35190 -116.34917
36.35192 -116.34919
36.35195 -116.34923
36.35202 -116.34932
36.35254 -116.35000
36.35256 -116.35003
36.35639 -116.35505
36.35642 -116.35508
36.36447 -116.36566
36.36698 -116.36895
36.36872 -116.37123
36.36993 -116.37281
36.37088 -116.37392
36.37127 -116.37437
36.37183 -116.37502
36.37198 -116.37520
36.37204 -116.37527
36.37205 -116.37529
36.37208 -116.37532
36.37216 -116.37541
36.37218 -116.37544
36.37257 -116.37589
36.37259 -116.37591
36.37370 -116.37783
36.37497 -116.38036
36.39390 -116.40463
36.39392 -116.40466
36.39945 -116.41176
36.40200 -116.41502
36.40203 -116.41506
36.40345 -116.41688
36.40370 -116.41720
36.40474 -116.41853
36.40477 -116.41857
36.40489 -116.41872
36.40530 -116.41925
36.40769 -116.42231
36.42118 -116.43965
36.42329 -116.44237
36.42551 -116.44521
36.42553 -116.44524
36.44656 -116.47215
36.44687 -116.47259
36.44761 -116.47351
36.45910 -116.48825
36.45922 -116.48841
36.45925 -116.48844
36.46823 -116.50089
36.48286 -116.51988
36.48494 -116.52258
36.48494 -116.52259
36.48496 -116.52261
36.48499 -116.52265
36.48500 -116.52266
36.48501 -116.52267
36.48504 -116.52272
36.48506 -116.52274
36.48513 -116.52283
36.48525 -116.52299
36.48531 -116.52307
36.48532 -116.52308
36.48543 -116.52321
36.49043 -116.52971
36.49059 -116.52991
36.49418 -116.53455
36.49996 -116.54200
36.50120 -116.54363
36.50198 -116.54466
36.51343 -116.55976
36.51435 -116.56098
36.53295 -116.58550
36.53669 -116.59044
36.53937 -116.59398
36.54027 -116.59516
36.54038 -116.59531
36.54134 -116.59658
36.55001 -116.60800
36.55776 -116.61822
36.56362 -116.62595
36.58709 -116.65690
36.58744 -116.65736
36.58811 -116.65826
36.59071 -116.66168
36.60331 -116.67830
36.61191 -116.68964
36.61364 -116.69193
36.62453 -116.70629
36.62495 -116.70685
36.62754 -116.71026
36.62883 -116.71196
36.63380 -116.71852
36.64080 -116.72774
36.64269 -116.73024
36.65656 -116.74853
36.63207 -116.77431
36.63671 -116.78511
36.63984 -116.79161
36.64377 -116.80701
36.65002 -116.82571
36.66416 -116.84611
36.67099 -116.86101
36.68017 -116.86171
36.69338 -116.87771
36.69137 -116.89691
36.70438 -116.90001
36.71865 -116.90871
36.72153 -116.92231
36.73872 -116.92371
36.74778 -116.92141
36.74601 -116.93521
36.75215 -116.94541
36.75551 -116.94891
36.76280 -116.96121
36.76149 -116.97321
36.75992 -116.99811
36.75420 -117.00721
36.74696 -117.02151
36.75380 -117.02721
36.76765 -117.02041
36.77392 -117.02011
36.76445 -117.03951
36.77011 -117.05241
36.77928 -117.05401
36.79467 -117.03561
36.80419 -117.03991
36.80393 -117.04791
36.80077 -117.05531
36.79308 -117.06211
36.77401 -117.06651
36.77422 -117.07461
36.78464 -117.08341
36.80564 -117.09341
36.79887 -117.10321
36.80174 -117.11181
36.80498 -117.11721
36.81796 -117.12571
36.82608 -117.12871
36.82906 -117.14131
36.85345 -117.14501
36.85933 -117.15611
36.86470 -117.14941
36.87203 -117.14441
36.87711 -117.15511
36.88117 -117.15691
36.88806 -117.17851
36.88568 -117.19111
36.89252 -117.19421
36.89367 -117.19891
36.91094 -117.20741
36.91311 -117.21751
36.91936 -117.22361
36.93178 -117.22621
36.93314 -117.23461
36.93799 -117.24031
36.94914 -117.24151
36.95177 -117.25251
36.95848 -117.25911
36.96993 -117.26901
36.97388 -117.27081
36.97803 -117.27611
36.99876 -117.29191
37.00953 -117.30121
37.01158 -117.30901
37.00956 -117.31801
37.01474 -117.32661
37.01717 -117.32921
37.02352 -117.33631
37.04373 -117.34001
37.03424 -117.35411
37.03980 -117.35771
