CA_Climate_Zone_08
34.03676 -118.27181
34.03553 -118.27841
34.03405 -118.28641
34.03455 -118.29291
34.03511 -118.30341
34.03315 -118.31311
34.03571 -118.31961
34.03479 -118.32921
34.03387 -118.33921
34.03382 -118.35211
34.03390 -118.36391
34.03506 -118.37221
34.03461 -118.38011
34.03233 -118.38801
34.02974 -118.39301
34.03054 -118.40141
34.03100 -118.41021
34.03529 -118.42631
34.03429 -118.43206
34.03421 -118.43251
34.00491 -118.41041
33.97970 -118.38861
33.97209 -118.37291
33.96426 -118.36581
33.94288 -118.36691
33.92437 -118.36841
33.89750 -118.36871
33.87978 -118.34411
33.86996 -118.33951
33.86695 -118.33301
33.85957 -118.30791
33.85972 -118.28601
33.84059 -118.26371
33.82629 -118.24891
33.82519 -118.23621
33.82657 -118.21631
33.82685 -118.20221
33.82065 -118.19211
33.81616 -118.18311
33.81475 -118.16561
33.81097 -118.15421
33.80772 -118.14801
33.80636 -118.13591
33.80352 -118.13311
33.80260 -118.11191
33.78834 -118.09341
33.77902 -118.08401
33.77617 -118.08231
33.77544 -118.04201
33.77532 -117.99831
33.77341 -117.99331
33.77266 -117.97671
33.76698 -117.97121
33.76757 -117.94611
33.74871 -117.94861
33.74614 -117.90581
33.73145 -117.91801
33.69722 -117.93261
33.69904 -117.92181
33.70195 -117.91791
33.69382 -117.86551
33.68126 -117.85851
33.67386 -117.85502
33.67383 -117.85501
33.66917 -117.86160
33.66895 -117.86191
33.65622 -117.86001
33.65584 -117.85181
33.66019 -117.84041
33.62749 -117.79941
33.61000 -117.77741
33.59834 -117.75801
33.60192 -117.74141
33.59986 -117.68281
33.60121 -117.67171
33.59410 -117.67021
33.59009 -117.66981
33.56531 -117.66871
33.54177 -117.67071
33.50988 -117.62291
33.47498 -117.61071
33.47768 -117.56811
33.46771 -117.56811
33.46747 -117.56811
33.46702 -117.58463
33.46701 -117.58491
33.45533 -117.58591
33.45373 -117.57851
33.45370 -117.57828
33.45104 -117.55961
33.45518 -117.53891
33.47036 -117.50911
33.50515 -117.50971
33.53418 -117.51011
33.58952 -117.46761
33.65931 -117.41281
33.70229 -117.47531
33.71063 -117.53421
33.75604 -117.53621
33.76680 -117.57801
33.81798 -117.62591
33.87093 -117.67341
33.87753 -117.67931
33.91743 -117.74331
33.94640 -117.78331
33.94606 -117.97651
33.90276 -117.97661
33.90280 -117.98541
33.89555 -117.98531
33.89555 -117.99411
33.88821 -117.99401
33.88821 -117.99931
33.88821 -118.00281
33.88092 -118.00271
33.88089 -118.01141
33.87361 -118.01151
33.87342 -118.01151
33.90427 -118.06461
33.91584 -118.07881
33.94672 -118.10001
33.95783 -118.11341
33.96211 -118.12161
33.97561 -118.12621
33.98820 -118.13961
34.00397 -118.15761
34.01313 -118.16971
34.02015 -118.19911
34.02570 -118.21541
34.02858 -118.22541
34.02523 -118.24681
34.03676 -118.27181
