CA_Climate_Zone_10
34.20782 -117.37141
34.21080 -117.37191
34.21732 -117.37511
34.22305 -117.37831
34.22655 -117.38951
34.23415 -117.40991
34.23848 -117.41591
34.24144 -117.42071
34.23820 -117.42531
34.23108 -117.42781
34.22282 -117.42681
34.21597 -117.42041
34.20248 -117.41131
34.18924 -117.42091
34.18779 -117.43561
34.19407 -117.44331
34.19483 -117.45031
34.18053 -117.44251
34.17429 -117.45151
34.17339 -117.47001
34.17027 -117.47481
34.17069 -117.48171
34.17466 -117.49041
34.17458 -117.50641
34.17310 -117.52471
34.17521 -117.55661
34.17397 -117.57241
34.17436 -117.58311
34.17057 -117.58291
34.16930 -117.58551
34.17273 -117.58711
34.17432 -117.58931
34.17191 -117.58971
34.16868 -117.59161
34.17062 -117.59361
34.17232 -117.59771
34.17354 -117.60351
34.17247 -117.60951
34.17522 -117.61101
34.17326 -117.62981
34.16165 -117.63241
34.16380 -117.63831
34.16216 -117.64251
34.15917 -117.66111
34.15913 -117.67991
34.15490 -117.68211
34.13824 -117.68671
34.05524 -117.72121
34.03715 -117.72721
34.02154 -117.73011
34.01876 -117.73581
34.02348 -117.76751
34.00468 -117.76741
34.00481 -117.78501
33.97561 -117.80271
33.96824 -117.80261
33.96809 -117.79371
33.95396 -117.79391
33.94640 -117.78331
33.91743 -117.74331
33.87753 -117.67931
33.87093 -117.67341
33.81798 -117.62591
33.76680 -117.57801
33.75604 -117.53621
33.71063 -117.53421
33.70229 -117.47531
33.65931 -117.41281
33.58952 -117.46761
33.53418 -117.51011
33.50515 -117.50971
33.50487 -117.36421
33.49051 -117.37081
33.45990 -117.36571
33.44301 -117.36481
33.44321 -117.39231
33.43641 -117.39471
33.43356 -117.39251
33.42562 -117.39251
33.42651 -117.37681
33.42662 -117.35801
33.42671 -117.34001
33.42097 -117.33781
33.41935 -117.34111
33.41601 -117.34321
33.41453 -117.34011
33.41650 -117.33671
33.41767 -117.33311
33.41515 -117.33111
33.41227 -117.33331
33.40810 -117.33831
33.40569 -117.33761
33.40435 -117.33131
33.40850 -117.32681
33.41051 -117.31721
33.40593 -117.31271
33.40999 -117.30441
33.41347 -117.29791
33.41464 -117.29321
33.41167 -117.29021
33.40439 -117.27381
33.39902 -117.26671
33.39592 -117.26841
33.39433 -117.26451
33.39410 -117.26051
33.37802 -117.25951
33.35745 -117.25971
33.35682 -117.24631
33.34339 -117.24321
33.34290 -117.25161
33.34070 -117.25351
33.33921 -117.25361
33.33807 -117.25161
33.33716 -117.24961
33.33233 -117.25021
33.32922 -117.25211
33.32905 -117.26391
33.32353 -117.26521
33.32236 -117.26921
33.31797 -117.27431
33.31580 -117.27231
33.31349 -117.27371
33.31450 -117.27781
33.30954 -117.28341
33.30610 -117.28291
33.30669 -117.27831
33.30615 -117.27071
33.30122 -117.26941
33.29879 -117.27101
33.29556 -117.27421
33.29029 -117.27071
33.28650 -117.27101
33.27759 -117.25971
33.27109 -117.24941
33.26608 -117.24021
33.25805 -117.23661
33.24993 -117.22781
33.24676 -117.21761
33.24828 -117.21111
33.22358 -117.21081
33.22396 -117.20281
33.17351 -117.20431
33.16161 -117.21851
33.15273 -117.22621
33.14415 -117.21891
33.13897 -117.22151
33.13620 -117.22251
33.13322 -117.22041
33.11968 -117.21811
33.11384 -117.21331
33.10997 -117.20661
33.07964 -117.20541
33.07895 -117.18011
33.06862 -117.17731
33.05907 -117.17941
33.04086 -117.16711
33.02619 -117.15781
33.00579 -117.14401
33.00029 -117.14201
32.98103 -117.13191
32.96095 -117.12621
32.95051 -117.12101
32.94870 -117.11321
32.94518 -117.10391
32.92804 -117.11041
32.91895 -117.11351
32.89941 -117.11411
32.87482 -117.11631
32.85725 -117.11531
32.84943 -117.11601
32.84493 -117.11991
32.83472 -117.11581
32.83165 -117.10771
32.83309 -117.09291
32.83072 -117.08461
32.82682 -117.08171
32.81587 -117.06051
32.81750 -117.05401
32.81810 -117.04791
32.82236 -117.04541
32.82835 -117.04121
32.83123 -117.03821
32.83331 -117.03531
32.83298 -117.03021
32.83047 -117.02381
32.82634 -117.02281
32.81697 -117.00961
32.81113 -117.00301
32.80056 -117.00271
32.79437 -116.99831
32.77179 -116.98291
32.76121 -116.98771
32.75200 -116.99421
32.74728 -116.99831
32.73943 -117.00811
32.73907 -117.01151
32.73494 -117.01051
32.72093 -117.01131
32.71530 -117.00991
32.70380 -117.01501
32.69323 -117.01481
32.69025 -117.01381
32.68970 -117.00721
32.68536 -116.99821
32.67068 -116.99291
32.66196 -116.98881
32.64400 -116.96521
32.61986 -116.93481
32.61115 -116.92911
32.60990 -116.92371
32.55169 -116.92181
32.55131 -116.92177
32.55132 -116.92171
32.55148 -116.91983
32.55166 -116.91777
32.55196 -116.91441
32.55286 -116.90433
32.55316 -116.90097
32.55332 -116.89934
32.55379 -116.89446
32.55395 -116.89284
32.55427 -116.88945
32.55526 -116.87927
32.55558 -116.87589
32.55566 -116.87507
32.55585 -116.87319
32.55604 -116.87134
32.55741 -116.85769
32.55746 -116.85717
32.55779 -116.85313
32.55780 -116.85298
32.55817 -116.84831
32.55826 -116.84717
32.55876 -116.84119
32.55937 -116.83385
32.55977 -116.82904
32.55986 -116.82804
32.56011 -116.82505
32.56016 -116.82436
32.56018 -116.82405
32.56021 -116.82369
32.56028 -116.82260
32.56030 -116.82224
32.56035 -116.82152
32.56049 -116.81938
32.56053 -116.81867
32.56066 -116.81666
32.56087 -116.81412
32.56113 -116.81096
32.56157 -116.80571
32.56200 -116.80047
32.56237 -116.79592
32.56246 -116.79476
32.56254 -116.79385
32.56309 -116.78762
32.56312 -116.78731
32.56326 -116.78566
32.56327 -116.78555
32.56328 -116.78550
32.56329 -116.78537
32.56329 -116.78533
32.56350 -116.78282
32.56355 -116.78224
32.56377 -116.77974
32.56486 -116.76746
32.56522 -116.76296
32.56566 -116.75736
32.56569 -116.75701
32.56578 -116.75597
32.56581 -116.75562
32.56595 -116.75406
32.56661 -116.74630
32.56666 -116.74566
32.56686 -116.74319
32.56745 -116.73581
32.56746 -116.73566
32.56887 -116.71726
32.56957 -116.70875
32.56981 -116.70588
32.57084 -116.69345
32.57090 -116.69263
32.57111 -116.69020
32.57117 -116.68938
32.57147 -116.68589
32.57163 -116.68409
32.57225 -116.67700
32.57263 -116.67271
32.57265 -116.67241
32.57267 -116.67241
32.57568 -116.67251
32.59520 -116.67161
32.66962 -116.67111
32.72658 -116.67081
32.72793 -116.70421
32.72872 -116.71671
32.73056 -116.72291
32.76214 -116.72341
32.81680 -116.72331
32.81714 -116.73411
32.81713 -116.73871
32.84481 -116.74011
32.84538 -116.74801
32.85043 -116.74861
32.85203 -116.75651
32.85995 -116.75791
32.86017 -116.76511
32.86603 -116.76541
32.86682 -116.77441
32.87452 -116.77491
32.87341 -116.82701
32.89351 -116.82751
32.93508 -116.82941
32.93672 -116.81091
32.94464 -116.81141
32.96463 -116.81101
32.96498 -116.80711
32.96521 -116.80301
32.97785 -116.80301
32.97785 -116.80151
32.97682 -116.79781
32.97775 -116.79251
32.97810 -116.78911
32.97879 -116.78381
32.98936 -116.78451
32.99764 -116.77351
32.99891 -116.76751
32.99627 -116.76331
33.00856 -116.75961
33.00810 -116.76301
33.00569 -116.76531
33.00706 -116.76801
33.00867 -116.77511
33.03037 -116.77361
33.08210 -116.82931
33.12311 -116.82731
33.16951 -116.82841
33.16937 -116.84861
33.16986 -116.89711
33.17919 -116.88601
33.18033 -116.88771
33.18377 -116.89141
33.18331 -116.89551
33.18560 -116.89771
33.18836 -116.89661
33.19801 -116.89721
33.20501 -116.89651
33.20420 -116.90011
33.20500 -116.90471
33.21133 -116.89981
33.21373 -116.90331
33.21626 -116.90171
33.22017 -116.90311
33.21912 -116.90721
33.21624 -116.91101
33.22003 -116.91411
33.22289 -116.91741
33.23323 -116.91911
33.23758 -116.92781
33.23492 -116.93621
33.24583 -116.93511
33.26215 -116.93521
33.28431 -116.93711
33.28489 -116.93631
33.28880 -116.93451
33.29374 -116.93431
33.29272 -116.92841
33.29571 -116.92411
33.29882 -116.92001
33.30387 -116.91961
33.30549 -116.91621
33.31032 -116.91271
33.31607 -116.90781
33.31939 -116.91331
33.32351 -116.92671
33.32716 -116.93601
33.33071 -116.94451
33.33219 -116.94891
33.33367 -116.95631
33.33516 -116.95991
33.33767 -116.96321
33.33778 -116.96611
33.33939 -116.96771
33.34064 -116.97101
33.34282 -116.97461
33.34246 -116.97841
33.34338 -116.98221
33.34567 -116.98481
33.34681 -116.98981
33.34908 -116.99791
33.34907 -117.00281
33.35102 -117.00601
33.34802 -117.00881
33.34422 -117.01461
33.35674 -117.01421
33.35890 -117.02421
33.36315 -117.02381
33.36718 -117.02091
33.36982 -117.02051
33.36921 -117.03271
33.37691 -117.03151
33.37568 -117.01941
33.37752 -117.01911
33.38279 -117.02421
33.38486 -117.02381
33.39687 -117.02671
33.39741 -117.04071
33.41003 -117.04221
33.41309 -117.05951
33.42411 -117.05941
33.42718 -117.03771
33.42708 -117.03731
33.42709 -117.03516
33.42711 -117.03081
33.42708 -116.99881
33.42739 -116.98151
33.42683 -116.82321
33.44139 -116.82421
33.50783 -116.82530
33.50845 -116.82531
33.59985 -116.82441
33.68032 -116.82501
33.74325 -116.82611
33.78658 -116.82691
33.85329 -116.82601
33.85230 -116.92681
33.87826 -116.92941
33.87859 -116.92945
33.88956 -116.93061
33.92183 -116.93471
33.93033 -116.93241
33.95881 -116.93361
34.04398 -116.93261
34.04361 -116.95041
34.04429 -116.96051
34.05312 -116.96051
34.05300 -116.96401
34.05093 -116.96591
34.05241 -116.97741
34.05264 -116.97901
34.05011 -116.98331
34.05171 -116.98731
34.05790 -116.98871
34.05925 -117.00441
34.07209 -117.00511
34.07203 -117.03821
34.08488 -117.03691
34.08600 -117.10531
34.10183 -117.10371
34.10043 -117.11271
34.09938 -117.12131
34.10659 -117.12541
34.10130 -117.13201
34.10572 -117.14221
34.12902 -117.14291
34.12599 -117.16261
34.13091 -117.16421
34.13090 -117.16891
34.13698 -117.16901
34.13858 -117.16961
34.13913 -117.17771
34.14635 -117.17881
34.14758 -117.18971
34.14058 -117.19181
34.14159 -117.20131
34.14594 -117.20351
34.14476 -117.21331
34.14632 -117.22811
34.15274 -117.22811
34.15328 -117.23931
34.15816 -117.25261
34.16887 -117.27301
34.18318 -117.31261
34.18925 -117.31271
34.18998 -117.33071
34.19296 -117.33431
34.19662 -117.33391
34.20351 -117.33171
34.20343 -117.35161
34.20362 -117.36171
34.20782 -117.37141
