Lower_American
38.876567 -121.176291
38.876120 -121.175779
38.875132 -121.175132
38.874336 -121.174704
38.873753 -121.174456
38.873380 -121.174298
38.872909 -121.174030
38.872566 -121.173590
38.872441 -121.173070
38.872430 -121.172945
38.872370 -121.172287
38.872368 -121.171222
38.872376 -121.169877
38.872357 -121.168626
38.872346 -121.167019
38.872254 -121.165788
38.872130 -121.165324
38.872078 -121.164840
38.872092 -121.164410
38.872117 -121.163932
38.872113 -121.163708
38.872055 -121.163500
38.871884 -121.163028
38.871714 -121.162696
38.871712 -121.162541
38.871730 -121.162345
38.871738 -121.162120
38.871798 -121.161797
38.871807 -121.161614
38.871750 -121.161504
38.871619 -121.161407
38.871528 -121.161341
38.871385 -121.161289
38.871252 -121.161194
38.871164 -121.161126
38.871084 -121.160974
38.871004 -121.160752
38.870914 -121.160572
38.870840 -121.160301
38.870926 -121.160104
38.871171 -121.159529
38.871280 -121.159184
38.871501 -121.158642
38.871547 -121.158540
38.871697 -121.158214
38.871809 -121.157703
38.871896 -121.156161
38.872013 -121.155975
38.872227 -121.155619
38.872355 -121.155378
38.872459 -121.155053
38.872564 -121.154742
38.872670 -121.154515
38.872686 -121.154150
38.872724 -121.153813
38.872764 -121.153574
38.872781 -121.153345
38.872841 -121.152965
38.872813 -121.152745
38.872757 -121.152327
38.872785 -121.152053
38.872773 -121.151822
38.872812 -121.151684
38.872940 -121.151470
38.873125 -121.151192
38.873312 -121.151093
38.873498 -121.150909
38.873626 -121.150664
38.873937 -121.150057
38.874425 -121.149175
38.874512 -121.148991
38.874824 -121.148500
38.875121 -121.148019
38.875449 -121.147474
38.875688 -121.147048
38.875717 -121.146763
38.875709 -121.146269
38.875662 -121.145913
38.875645 -121.145367
38.875637 -121.145307
38.875618 -121.145179
38.875603 -121.144738
38.875719 -121.144430
38.876021 -121.144084
38.876107 -121.143985
38.876419 -121.143627
38.876643 -121.143229
38.876819 -121.142635
38.876932 -121.142170
38.876927 -121.141834
38.876951 -121.141258
38.877030 -121.140752
38.877058 -121.140429
38.876974 -121.139940
38.876878 -121.139466
38.876874 -121.139214
38.876924 -121.138919
38.877040 -121.138607
38.877128 -121.137946
38.877199 -121.137608
38.877183 -121.137258
38.877136 -121.137077
38.876969 -121.136927
38.876640 -121.136894
38.876518 -121.136785
38.876358 -121.136589
38.876306 -121.136524
38.876189 -121.136065
38.876100 -121.135310
38.876012 -121.134598
38.875888 -121.133704
38.875729 -121.132671
38.875726 -121.131775
38.875756 -121.131578
38.875757 -121.131152
38.875758 -121.131045
38.875769 -121.130344
38.875766 -121.130294
38.875751 -121.129952
38.875497 -121.129104
38.875459 -121.128769
38.875461 -121.128250
38.875511 -121.127954
38.875659 -121.127600
38.875786 -121.127344
38.875837 -121.127077
38.875833 -121.126853
38.875830 -121.126657
38.875739 -121.126463
38.875593 -121.126200
38.875269 -121.125831
38.874783 -121.125605
38.874561 -121.125373
38.874456 -121.124983
38.874503 -121.124547
38.874585 -121.124181
38.874589 -121.123718
38.874438 -121.123218
38.874270 -121.122956
38.874123 -121.122707
38.874021 -121.122472
38.874017 -121.122234
38.874068 -121.121994
38.874195 -121.121725
38.874278 -121.121428
38.874339 -121.121132
38.874495 -121.120610
38.874563 -121.120061
38.874530 -121.119403
38.874347 -121.118890
38.874029 -121.118197
38.873615 -121.116989
38.873300 -121.115806
38.873068 -121.114341
38.873031 -121.113403
38.873033 -121.112814
38.873138 -121.111901
38.873329 -121.110789
38.873520 -121.110087
38.873612 -121.109487
38.873677 -121.108981
38.873732 -121.108774
38.873802 -121.108548
38.873799 -121.108380
38.873691 -121.108046
38.873437 -121.107679
38.873126 -121.107445
38.872563 -121.106899
38.871839 -121.106414
38.871088 -121.106023
38.870638 -121.105703
38.870103 -121.106341
38.869774 -121.106653
38.869685 -121.106737
38.869589 -121.106828
38.868860 -121.107558
38.868592 -121.107951
38.868532 -121.108040
38.868407 -121.108235
38.868253 -121.108478
38.867942 -121.109068
38.867596 -121.109529
38.867097 -121.109887
38.866462 -121.110162
38.865507 -121.110446
38.865076 -121.110823
38.864678 -121.111243
38.864132 -121.111774
38.863331 -121.112226
38.862880 -121.112474
38.862232 -121.112965
38.861850 -121.113298
38.861317 -121.113635
38.860882 -121.113819
38.860598 -121.113913
38.860330 -121.114006
38.860008 -121.113864
38.859732 -121.113462
38.859592 -121.113143
38.859366 -121.112696
38.859196 -121.112572
38.858938 -121.112277
38.858701 -121.112176
38.858211 -121.112038
38.857939 -121.111916
38.857429 -121.111607
38.856968 -121.111145
38.856424 -121.110858
38.855950 -121.110699
38.855895 -121.110700
38.855580 -121.110708
38.855328 -121.110796
38.855245 -121.110825
38.854842 -121.110879
38.854504 -121.110758
38.854162 -121.110466
38.853798 -121.109765
38.853602 -121.109125
38.853308 -121.108637
38.852882 -121.108326
38.852496 -121.108379
38.852159 -121.108366
38.851719 -121.108227
38.851248 -121.108240
38.850847 -121.108401
38.850330 -121.108738
38.849943 -121.108770
38.849546 -121.108659
38.849441 -121.108638
38.849197 -121.108588
38.847900 -121.108642
38.846598 -121.108897
38.846464 -121.108923
38.845679 -121.109288
38.845098 -121.109566
38.844449 -121.109604
38.843783 -121.109480
38.843177 -121.109279
38.842764 -121.109142
38.842126 -121.108815
38.841822 -121.108621
38.841551 -121.108507
38.841219 -121.108516
38.840858 -121.108687
38.840415 -121.108699
38.839938 -121.108529
38.839539 -121.108337
38.839124 -121.108106
38.838914 -121.107940
38.838851 -121.107890
38.838676 -121.107814
38.838489 -121.108001
38.838224 -121.108443
38.837872 -121.109029
38.837439 -121.109648
38.837236 -121.109815
38.836951 -121.109762
38.836365 -121.109737
38.835698 -121.109613
38.835607 -121.109581
38.835268 -121.109462
38.834725 -121.109133
38.834326 -121.108921
38.833911 -121.108749
38.833705 -121.108714
38.833563 -121.108759
38.833376 -121.108885
38.833270 -121.109232
38.833202 -121.109881
38.833146 -121.110348
38.833149 -121.110550
38.833099 -121.110723
38.833089 -121.110754
38.832775 -121.110864
38.832194 -121.111162
38.831453 -121.111323
38.830916 -121.111419
38.830395 -121.111206
38.830359 -121.111191
38.829961 -121.111059
38.829581 -121.111069
38.829171 -121.111161
38.829025 -121.111233
38.828779 -121.111354
38.828213 -121.111632
38.828087 -121.111635
38.827818 -121.111642
38.827517 -121.111630
38.827121 -121.111580
38.827011 -121.111574
38.826867 -121.111566
38.826613 -121.111512
38.826345 -121.111600
38.826295 -121.111635
38.825923 -121.111894
38.825454 -121.112231
38.824828 -121.112712
38.824608 -121.112779
38.824449 -121.112763
38.824225 -121.112653
38.824098 -121.112590
38.823782 -121.112598
38.823419 -121.112648
38.822948 -121.112883
38.822523 -121.113036
38.821945 -121.113486
38.821630 -121.113626
38.821299 -121.113675
38.820774 -121.113507
38.820534 -121.113352
38.820408 -121.113169
38.820291 -121.113034
38.820116 -121.112958
38.819762 -121.113227
38.819492 -121.113501
38.819223 -121.113528
38.818892 -121.113618
38.818532 -121.113809
38.818000 -121.114228
38.817733 -121.114336
38.817464 -121.114323
38.817239 -121.114127
38.817199 -121.114083
38.816884 -121.113731
38.816757 -121.113674
38.816237 -121.113809
38.815922 -121.113939
38.815464 -121.113971
38.815163 -121.114123
38.815073 -121.114244
38.815045 -121.114508
38.815019 -121.114812
38.814912 -121.115058
38.814723 -121.115144
38.814580 -121.115066
38.814256 -121.114630
38.813997 -121.114293
38.813836 -121.114219
38.813775 -121.114238
38.813610 -121.114789
38.813457 -121.115116
38.813159 -121.115306
38.812779 -121.115316
38.812414 -121.115225
38.811700 -121.115122
38.811095 -121.114875
38.810615 -121.114564
38.810151 -121.114233
38.809074 -121.113250
38.808097 -121.112487
38.807757 -121.112030
38.807431 -121.111412
38.807278 -121.110789
38.807122 -121.109964
38.806957 -121.109523
38.806954 -121.109490
38.806937 -121.109301
38.806841 -121.109182
38.806636 -121.109228
38.806419 -121.109558
38.806250 -121.109825
38.806064 -121.110073
38.805751 -121.110324
38.805456 -121.110635
38.805381 -121.110940
38.805417 -121.111162
38.805276 -121.111287
38.804681 -121.111667
38.804368 -121.111786
38.804225 -121.111840
38.803389 -121.112045
38.802601 -121.112207
38.802110 -121.112220
38.801270 -121.112121
38.800730 -121.112034
38.800256 -121.112087
38.799497 -121.112107
38.798974 -121.112040
38.798812 -121.112008
38.798339 -121.111915
38.798101 -121.111921
38.797881 -121.111968
38.797663 -121.112236
38.797042 -121.112981
38.796561 -121.113559
38.796361 -121.113888
38.795920 -121.114021
38.795544 -121.114294
38.795295 -121.114503
38.794996 -121.114632
38.794744 -121.114740
38.794543 -121.115028
38.794484 -121.115293
38.794317 -121.115722
38.794263 -121.116310
38.794286 -121.116714
38.794406 -121.117277
38.794639 -121.118039
38.794680 -121.118229
38.794708 -121.118361
38.794633 -121.118411
38.794426 -121.118550
38.794062 -121.118539
38.793808 -121.118485
38.793555 -121.118492
38.793399 -121.118658
38.793266 -121.119248
38.793083 -121.119637
38.792525 -121.120380
38.792186 -121.120935
38.791952 -121.121204
38.791638 -121.121333
38.791321 -121.121402
38.791025 -121.121471
38.790861 -121.121581
38.790651 -121.121814
38.790516 -121.122303
38.790536 -121.122803
38.790546 -121.123424
38.790457 -121.123791
38.790365 -121.123960
38.790271 -121.124053
38.790062 -121.124317
38.789888 -121.124579
38.789799 -121.124930
38.789791 -121.125173
38.789844 -121.125505
38.789922 -121.125943
38.789926 -121.126201
38.789872 -121.126566
38.789820 -121.126901
38.789808 -121.126977
38.789812 -121.127265
38.789840 -121.127477
38.789854 -121.127613
38.789735 -121.127616
38.789356 -121.127641
38.788976 -121.127682
38.788822 -121.127686
38.788732 -121.127639
38.788559 -121.127556
38.788392 -121.127530
38.788298 -121.127563
38.788129 -121.127676
38.787993 -121.127768
38.787781 -121.127880
38.787557 -121.127992
38.787391 -121.127981
38.787141 -121.127942
38.786796 -121.127905
38.786496 -121.127801
38.786272 -121.127798
38.786177 -121.127800
38.786014 -121.127971
38.785697 -121.128192
38.785506 -121.128382
38.785463 -121.128426
38.785017 -121.128725
38.784746 -121.128854
38.784545 -121.128905
38.784329 -121.128759
38.784176 -121.128631
38.784064 -121.128538
38.783709 -121.128393
38.783289 -121.128300
38.783075 -121.128261
38.782740 -121.128118
38.782474 -121.127837
38.782318 -121.127671
38.782293 -121.127644
38.782149 -121.127542
38.782067 -121.127589
38.782021 -121.127712
38.781895 -121.127973
38.781723 -121.128341
38.781698 -121.128451
38.781567 -121.129013
38.781513 -121.129302
38.781396 -121.129457
38.781210 -121.129551
38.781079 -121.129617
38.780913 -121.129682
38.780822 -121.129881
38.780815 -121.130230
38.780823 -121.130327
38.780830 -121.130427
38.780773 -121.130520
38.780591 -121.130599
38.780478 -121.130649
38.780353 -121.130847
38.780235 -121.131034
38.779921 -121.131482
38.779664 -121.131701
38.779429 -121.131844
38.779108 -121.131852
38.778883 -121.131843
38.778727 -121.131837
38.778645 -121.131834
38.778550 -121.131836
38.778470 -121.132005
38.778296 -121.132283
38.778077 -121.132683
38.777845 -121.133007
38.777682 -121.133224
38.777520 -121.133486
38.777581 -121.133575
38.777649 -121.133791
38.777719 -121.134011
38.777782 -121.134298
38.777703 -121.134542
38.777492 -121.134714
38.777246 -121.134873
38.777215 -121.134887
38.776969 -121.134996
38.776679 -121.135054
38.776430 -121.135076
38.776063 -121.135161
38.775876 -121.135333
38.775786 -121.135654
38.775732 -121.135988
38.775666 -121.136294
38.775572 -121.136387
38.775501 -121.136350
38.775344 -121.136211
38.775190 -121.136200
38.775014 -121.136326
38.774851 -121.136527
38.774702 -121.136910
38.774645 -121.137105
38.774635 -121.137139
38.774496 -121.137340
38.774343 -121.137420
38.774161 -121.137224
38.774137 -121.137198
38.774019 -121.137201
38.773710 -121.137224
38.773579 -121.137167
38.773435 -121.137064
38.773315 -121.136961
38.773172 -121.136935
38.773018 -121.136954
38.772853 -121.137049
38.772793 -121.137078
38.772688 -121.137129
38.772498 -121.137104
38.772176 -121.137006
38.771712 -121.136942
38.771471 -121.136721
38.771279 -121.136471
38.771216 -121.136379
38.771004 -121.136460
38.770840 -121.136631
38.770689 -121.136817
38.770643 -121.136902
38.770597 -121.136986
38.770399 -121.137219
38.770316 -121.137236
38.770225 -121.137203
38.770161 -121.137180
38.769937 -121.137277
38.769572 -121.137483
38.769291 -121.137611
38.769113 -121.137692
38.768794 -121.137791
38.768434 -121.137766
38.768151 -121.137687
38.767831 -121.137695
38.767453 -121.137811
38.767097 -121.137913
38.766860 -121.137887
38.766645 -121.137787
38.766491 -121.137776
38.766277 -121.137958
38.766198 -121.138026
38.766022 -121.138152
38.765833 -121.138202
38.765701 -121.138145
38.765577 -121.138004
38.765532 -121.137952
38.765304 -121.137776
38.765172 -121.137689
38.764994 -121.137693
38.764710 -121.137746
38.764427 -121.137860
38.764322 -121.138014
38.764325 -121.138181
38.764353 -121.138453
38.764532 -121.139221
38.764735 -121.139949
38.764858 -121.140714
38.764962 -121.141257
38.765343 -121.142338
38.765540 -121.142818
38.765570 -121.143707
38.765593 -121.144151
38.765588 -121.144230
38.765568 -121.144536
38.765462 -121.144882
38.765229 -121.145151
38.764824 -121.145566
38.764393 -121.145841
38.764274 -121.145916
38.763931 -121.146135
38.762017 -121.147155
38.760746 -121.147855
38.759969 -121.148286
38.759867 -121.148342
38.759223 -121.148642
38.758736 -121.148856
38.758280 -121.149070
38.757601 -121.149169
38.756776 -121.149155
38.755566 -121.149156
38.754177 -121.149146
38.753001 -121.149131
38.751944 -121.149082
38.751613 -121.149137
38.750655 -121.149389
38.750016 -121.149466
38.749626 -121.149582
38.748832 -121.149648
38.748252 -121.149799
38.747933 -121.149883
38.747792 -121.149948
38.747556 -121.150029
38.747155 -121.150237
38.746764 -121.150247
38.746491 -121.150254
38.746278 -121.150290
38.745950 -121.150571
38.745787 -121.150803
38.745637 -121.151075
38.745505 -121.151042
38.745266 -121.150846
38.745111 -121.150771
38.744888 -121.150742
38.744771 -121.150666
38.744663 -121.150578
38.744560 -121.150564
38.744520 -121.150558
38.744405 -121.150578
38.744280 -121.150599
38.744104 -121.150683
38.743900 -121.150722
38.743837 -121.150712
38.743738 -121.150636
38.743621 -121.150559
38.743505 -121.150551
38.743417 -121.150610
38.743240 -121.150728
38.743170 -121.150775
38.742967 -121.150883
38.742887 -121.150885
38.742703 -121.150819
38.742556 -121.150791
38.742199 -121.150687
38.742038 -121.150668
38.741807 -121.150685
38.741692 -121.150745
38.741724 -121.151051
38.741714 -121.151552
38.741692 -121.151848
38.741571 -121.152067
38.741486 -121.152353
38.741464 -121.152638
38.741443 -121.153014
38.741358 -121.153277
38.741288 -121.153358
38.741200 -121.153429
38.740803 -121.153621
38.740513 -121.153845
38.740355 -121.154030
38.740102 -121.154332
38.739826 -121.154897
38.739497 -121.155473
38.739292 -121.156036
38.738950 -121.156351
38.738725 -121.156744
38.738580 -121.157191
38.737677 -121.159169
38.737403 -121.159858
38.737207 -121.160431
38.737084 -121.161128
38.737009 -121.161479
38.736896 -121.161976
38.736902 -121.162317
38.736771 -121.162934
38.736681 -121.163116
38.736473 -121.163070
38.736083 -121.162901
38.735942 -121.162836
38.735794 -121.162806
38.735701 -121.162808
38.735334 -121.162852
38.735007 -121.162852
38.734360 -121.162877
38.734254 -121.162896
38.734144 -121.163121
38.733461 -121.164749
38.733055 -121.165680
38.733019 -121.165886
38.732882 -121.166120
38.732767 -121.166387
38.732681 -121.166582
38.732439 -121.167009
38.732310 -121.167319
38.732134 -121.167994
38.731895 -121.168628
38.731776 -121.169083
38.731660 -121.169384
38.731490 -121.169585
38.731351 -121.169699
38.731074 -121.169885
38.729380 -121.170849
38.727732 -121.171811
38.726634 -121.172453
38.726487 -121.172457
38.726259 -121.172377
38.725991 -121.172299
38.725877 -121.172310
38.725799 -121.172406
38.725593 -121.172497
38.725433 -121.172501
38.725223 -121.172327
38.725000 -121.172128
38.724837 -121.171936
38.724776 -121.171887
38.724600 -121.171772
38.723848 -121.171484
38.723593 -121.171389
38.723385 -121.171343
38.723250 -121.171269
38.722263 -121.170920
38.721471 -121.170650
38.721054 -121.170456
38.720903 -121.170446
38.720721 -121.170507
38.720582 -121.170545
38.720402 -121.170566
38.719988 -121.170586
38.718932 -121.170527
38.717964 -121.170509
38.717810 -121.170479
38.717235 -121.170451
38.716073 -121.170430
38.715198 -121.170401
38.715097 -121.170361
38.714255 -121.170323
38.713207 -121.170290
38.712164 -121.170248
38.711730 -121.170225
38.711543 -121.170189
38.711328 -121.170108
38.711186 -121.170017
38.711087 -121.169904
38.710870 -121.169636
38.710731 -121.169322
38.710634 -121.168802
38.710434 -121.167375
38.710334 -121.166730
38.710016 -121.164602
38.709667 -121.162191
38.709449 -121.160776
38.709287 -121.160099
38.709164 -121.159670
38.708907 -121.159154
38.708612 -121.158537
38.707976 -121.157133
38.707570 -121.156244
38.707399 -121.155870
38.707146 -121.155314
38.706602 -121.154124
38.705643 -121.152046
38.704832 -121.150306
38.704473 -121.149532
38.704002 -121.148453
38.703920 -121.148364
38.703839 -121.148287
38.703642 -121.148235
38.703526 -121.148181
38.703275 -121.148074
38.703114 -121.148056
38.702814 -121.148074
38.702643 -121.148102
38.702482 -121.148186
38.702263 -121.148259
38.702118 -121.148300
38.701997 -121.148334
38.701791 -121.148308
38.701551 -121.148278
38.701381 -121.148225
38.701111 -121.148039
38.700822 -121.147785
38.700713 -121.147694
38.700651 -121.147642
38.700382 -121.147535
38.700186 -121.147518
38.700133 -121.147497
38.699783 -121.147358
38.699602 -121.147215
38.699501 -121.147013
38.699444 -121.146776
38.699360 -121.146528
38.699345 -121.146165
38.699372 -121.145934
38.699384 -121.145823
38.699380 -121.145562
38.699378 -121.145414
38.699340 -121.145268
38.699282 -121.145167
38.699202 -121.144987
38.699120 -121.144853
38.699071 -121.144616
38.698953 -121.144437
38.698808 -121.144282
38.698707 -121.144151
38.698636 -121.144093
38.698439 -121.144030
38.698340 -121.143953
38.698264 -121.143671
38.698190 -121.143553
38.697976 -121.143440
38.697856 -121.143350
38.697786 -121.143297
38.697562 -121.143167
38.697400 -121.143091
38.697338 -121.143116
38.697259 -121.143174
38.697170 -121.143188
38.697076 -121.143191
38.696930 -121.143183
38.696716 -121.143166
38.696546 -121.143125
38.696367 -121.143050
38.696268 -121.142973
38.696115 -121.142852
38.695871 -121.142620
38.695725 -121.142448
38.695682 -121.142396
38.695589 -121.142286
38.695570 -121.142259
38.695432 -121.142063
38.695298 -121.141873
38.695114 -121.141492
38.695021 -121.141233
38.694991 -121.141071
38.694990 -121.140986
38.694989 -121.140904
38.694986 -121.140768
38.695053 -121.140471
38.695083 -121.140118
38.695079 -121.139857
38.695066 -121.139642
38.695052 -121.139519
38.695046 -121.139460
38.694991 -121.139262
38.694967 -121.138974
38.694989 -121.138678
38.694986 -121.138496
38.694939 -121.138251
38.694852 -121.138026
38.694838 -121.137949
38.694800 -121.137740
38.694677 -121.137471
38.694557 -121.137353
38.694389 -121.137342
38.694117 -121.137334
38.693877 -121.137128
38.693696 -121.136996
38.693611 -121.136828
38.693537 -121.136682
38.693481 -121.136636
38.693272 -121.136462
38.693257 -121.136266
38.693265 -121.136008
38.693260 -121.135705
38.693220 -121.135418
38.693227 -121.135070
38.693246 -121.134797
38.693314 -121.134583
38.693326 -121.134540
38.693404 -121.134278
38.693400 -121.134066
38.693397 -121.133112
38.693360 -121.132295
38.693357 -121.131791
38.693262 -121.131453
38.693223 -121.131334
38.693200 -121.131265
38.693187 -121.131228
38.693197 -121.130996
38.693229 -121.130768
38.693269 -121.130298
38.693265 -121.130025
38.693297 -121.129813
38.693414 -121.129688
38.693661 -121.129576
38.693897 -121.129479
38.694007 -121.129387
38.694084 -121.129323
38.694270 -121.129030
38.694453 -121.128616
38.694580 -121.128386
38.694659 -121.128158
38.694758 -121.127684
38.694908 -121.127393
38.695025 -121.127284
38.695190 -121.127204
38.695403 -121.127168
38.695564 -121.127122
38.695639 -121.127101
38.695611 -121.126829
38.695579 -121.126707
38.695548 -121.126588
38.695493 -121.126311
38.695470 -121.126197
38.695416 -121.125759
38.695470 -121.125454
38.695697 -121.125033
38.695793 -121.124855
38.696130 -121.124377
38.696490 -121.123960
38.696800 -121.123599
38.697225 -121.123106
38.697326 -121.122968
38.697585 -121.122612
38.697787 -121.122146
38.698051 -121.121298
38.698601 -121.119375
38.698783 -121.118870
38.698883 -121.118641
38.699310 -121.117660
38.699711 -121.116786
38.699877 -121.116401
38.700202 -121.115648
38.700306 -121.115407
38.701200 -121.113460
38.701772 -121.112082
38.702300 -121.110992
38.702531 -121.110592
38.702776 -121.110343
38.702855 -121.110252
38.702963 -121.110127
38.703091 -121.109972
38.703115 -121.109941
38.703165 -121.109877
38.703335 -121.109662
38.703521 -121.109400
38.703555 -121.109324
38.703681 -121.109047
38.703712 -121.108977
38.703761 -121.108863
38.703925 -121.108723
38.704090 -121.108658
38.704290 -121.108516
38.704429 -121.108316
38.704652 -121.108158
38.704876 -121.108092
38.705137 -121.108055
38.705280 -121.107996
38.705373 -121.107957
38.705661 -121.107811
38.705749 -121.107766
38.706010 -121.107529
38.706042 -121.107501
38.706205 -121.107330
38.706403 -121.107052
38.706610 -121.106683
38.706733 -121.106305
38.706786 -121.106127
38.706826 -121.105995
38.706833 -121.105808
38.706839 -121.105666
38.706825 -121.105393
38.706809 -121.104951
38.706804 -121.104594
38.706802 -121.104487
38.706823 -121.104258
38.706832 -121.104155
38.706899 -121.104084
38.706958 -121.104022
38.706998 -121.103980
38.707185 -121.103614
38.707235 -121.103515
38.707258 -121.103486
38.707503 -121.103175
38.707710 -121.102776
38.707730 -121.102613
38.707741 -121.102520
38.707752 -121.102429
38.707746 -121.102093
38.707769 -121.101983
38.707790 -121.101880
38.707858 -121.101636
38.708102 -121.101341
38.708418 -121.101060
38.708627 -121.100797
38.708719 -121.100698
38.708812 -121.100597
38.708943 -121.100486
38.708880 -121.100275
38.708751 -121.100003
38.708696 -121.099887
38.708648 -121.099788
38.708537 -121.099559
38.708507 -121.099509
38.708377 -121.099289
38.708196 -121.099051
38.708048 -121.098768
38.708033 -121.098556
38.708101 -121.098346
38.708112 -121.098311
38.708225 -121.097945
38.708305 -121.097776
38.708573 -121.097451
38.708687 -121.097254
38.708733 -121.097098
38.708684 -121.096948
38.708631 -121.096886
38.708601 -121.096850
38.708214 -121.096536
38.707914 -121.096317
38.707709 -121.096156
38.707467 -121.095844
38.707356 -121.095696
38.707200 -121.095488
38.706910 -121.095208
38.706624 -121.095109
38.706349 -121.094995
38.706170 -121.094954
38.706006 -121.095050
38.705919 -121.095104
38.705837 -121.095156
38.705774 -121.095162
38.705663 -121.095165
38.705602 -121.095152
38.705413 -121.095111
38.705031 -121.094985
38.704616 -121.094861
38.704519 -121.094832
38.704148 -121.094705
38.703899 -121.094682
38.703716 -121.094731
38.703651 -121.094749
38.703607 -121.094769
38.703380 -121.094877
38.703038 -121.095163
38.702911 -121.095268
38.702481 -121.095780
38.702356 -121.095954
38.702272 -121.096073
38.702183 -121.096324
38.702170 -121.096363
38.702019 -121.096579
38.701747 -121.096677
38.701511 -121.096744
38.701191 -121.096783
38.700989 -121.096773
38.700869 -121.096655
38.700842 -121.096489
38.700810 -121.096323
38.700777 -121.096158
38.700664 -121.095784
38.700627 -121.095662
38.700516 -121.095371
38.700416 -121.095107
38.700261 -121.094940
38.700114 -121.094782
38.699809 -121.094436
38.699788 -121.094412
38.699535 -121.094192
38.699461 -121.094149
38.699307 -121.094061
38.699127 -121.093915
38.698984 -121.093918
38.698843 -121.093968
38.698712 -121.094020
38.698598 -121.094066
38.698560 -121.094081
38.698407 -121.094178
38.698160 -121.094334
38.698033 -121.094388
38.697818 -121.094479
38.697582 -121.094546
38.697367 -121.094476
38.697093 -121.094423
38.696749 -121.094432
38.696558 -121.094377
38.696113 -121.094369
38.695892 -121.094258
38.695593 -121.094145
38.695354 -121.094060
38.695019 -121.093842
38.694964 -121.093829
38.694673 -121.093760
38.694492 -121.093719
38.694435 -121.093706
38.694196 -121.093652
38.693935 -121.093643
38.693625 -121.093531
38.693482 -121.093519
38.693251 -121.093508
38.693108 -121.093464
38.693078 -121.093454
38.692878 -121.093321
38.692838 -121.093294
38.692658 -121.093193
38.692442 -121.093077
38.692250 -121.092931
38.692155 -121.092864
38.691962 -121.092727
38.691929 -121.092691
38.691853 -121.092608
38.691816 -121.092448
38.691802 -121.092344
38.691761 -121.092035
38.691741 -121.091874
38.691717 -121.091675
38.691691 -121.091531
38.691654 -121.091326
38.691601 -121.090964
38.691525 -121.090663
38.691448 -121.090362
38.691155 -121.089825
38.690962 -121.089648
38.690698 -121.089504
38.690448 -121.089405
38.690388 -121.089377
38.690292 -121.089333
38.690126 -121.089307
38.690053 -121.089250
38.689926 -121.089150
38.689738 -121.089036
38.689624 -121.088966
38.689226 -121.088725
38.688926 -121.088567
38.688759 -121.088548
38.688594 -121.088530
38.688462 -121.088534
38.688285 -121.088538
38.688140 -121.088480
38.687936 -121.088260
38.687879 -121.088200
38.687779 -121.088098
38.687603 -121.088000
38.687433 -121.087986
38.687126 -121.088085
38.686913 -121.088105
38.686782 -121.088109
38.686669 -121.088091
38.686616 -121.088083
38.686498 -121.088005
38.686376 -121.087923
38.686315 -121.087889
38.686112 -121.087778
38.685957 -121.087707
38.685929 -121.087691
38.685801 -121.087620
38.685582 -121.087629
38.685376 -121.087753
38.685259 -121.087831
38.685090 -121.088200
38.684984 -121.088460
38.684706 -121.088906
38.684531 -121.089047
38.684318 -121.089129
38.684101 -121.089062
38.683984 -121.089031
38.683829 -121.088990
38.683579 -121.088936
38.683196 -121.088942
38.683141 -121.088943
38.682665 -121.088801
38.682423 -121.088619
38.682335 -121.088568
38.682123 -121.088445
38.681691 -121.088361
38.681628 -121.088349
38.681575 -121.088338
38.681171 -121.088289
38.681010 -121.088287
38.680756 -121.088284
38.680434 -121.088187
38.680123 -121.088044
38.679978 -121.087896
38.679854 -121.087764
38.679818 -121.087727
38.679780 -121.087686
38.679700 -121.087601
38.679459 -121.087365
38.679332 -121.087281
38.679219 -121.087205
38.678991 -121.087090
38.678634 -121.087039
38.678589 -121.087040
38.678428 -121.087044
38.678373 -121.087046
38.678229 -121.087063
38.678053 -121.087084
38.677733 -121.087078
38.677543 -121.087083
38.677376 -121.087027
38.677303 -121.086992
38.677240 -121.086962
38.677137 -121.086912
38.677096 -121.086862
38.677052 -121.086808
38.676942 -121.086629
38.676796 -121.086406
38.676568 -121.086276
38.676305 -121.086147
38.676173 -121.086075
38.676019 -121.086048
38.675699 -121.086072
38.675548 -121.086053
38.675390 -121.086030
38.675299 -121.085994
38.675007 -121.085879
38.674627 -121.085835
38.674141 -121.086074
38.673834 -121.086199
38.673583 -121.086235
38.673389 -121.086269
38.673263 -121.086258
38.672941 -121.086194
38.672643 -121.086158
38.672613 -121.086159
38.672299 -121.086167
38.672239 -121.086187
38.671969 -121.086278
38.671788 -121.086400
38.671732 -121.086503
38.671665 -121.086622
38.671439 -121.086760
38.671324 -121.086763
38.670704 -121.086633
38.670219 -121.086412
38.670050 -121.086333
38.669596 -121.086122
38.669031 -121.085903
38.668537 -121.085814
38.668088 -121.085826
38.668057 -121.085827
38.667679 -121.085852
38.667417 -121.085903
38.667163 -121.085807
38.666988 -121.085622
38.666779 -121.085423
38.666465 -121.085110
38.665988 -121.084570
38.665752 -121.084282
38.665499 -121.084172
38.665039 -121.084082
38.664671 -121.083975
38.664408 -121.083996
38.664064 -121.083962
38.663825 -121.084056
38.663497 -121.084342
38.663239 -121.084626
38.662729 -121.084990
38.662469 -121.085158
38.661892 -121.085612
38.661462 -121.085901
38.661245 -121.085950
38.660889 -121.085916
38.660569 -121.085939
38.660317 -121.085946
38.660089 -121.085981
38.659963 -121.086013
38.659896 -121.086103
38.659730 -121.086472
38.659538 -121.086638
38.659314 -121.086907
38.659067 -121.087191
38.659039 -121.087224
38.658730 -121.087594
38.658583 -121.087759
38.658493 -121.087805
38.658400 -121.087720
38.658262 -121.087694
38.657725 -121.087811
38.657429 -121.087877
38.657178 -121.087957
38.656973 -121.087992
38.656834 -121.087922
38.656590 -121.087739
38.656345 -121.087410
38.656100 -121.087139
38.655729 -121.086900
38.655382 -121.086676
38.655266 -121.086606
38.654907 -121.086338
38.654560 -121.086099
38.654282 -121.085916
38.653875 -121.085548
38.653414 -121.085385
38.653103 -121.085232
38.652755 -121.085008
38.652559 -121.084911
38.652514 -121.084888
38.652397 -121.084827
38.652248 -121.084838
38.652077 -121.084851
38.651689 -121.084934
38.651506 -121.084939
38.651333 -121.084885
38.650999 -121.084762
38.650826 -121.084689
38.650676 -121.084625
38.650555 -121.084693
38.650280 -121.084913
38.650054 -121.085065
38.649759 -121.085277
38.649435 -121.085753
38.649163 -121.086219
38.649045 -121.086421
38.648872 -121.087024
38.648777 -121.087538
38.648736 -121.087802
38.648971 -121.088204
38.649252 -121.088533
38.649657 -121.088829
38.650132 -121.089181
38.650470 -121.089537
38.650639 -121.089870
38.650719 -121.090027
38.650956 -121.090503
38.651029 -121.090793
38.650932 -121.091161
38.650721 -121.091560
38.650707 -121.091592
38.650577 -121.091886
38.650493 -121.092311
38.650492 -121.092983
38.650447 -121.093227
38.650419 -121.093379
38.650363 -121.093512
38.650237 -121.093486
38.649842 -121.093229
38.649786 -121.093187
38.649362 -121.092872
38.648829 -121.092905
38.648463 -121.092974
38.648141 -121.093034
38.648098 -121.093042
38.647965 -121.093131
38.647917 -121.093163
38.647758 -121.093732
38.647570 -121.094360
38.647334 -121.094912
38.647213 -121.095480
38.647150 -121.095773
38.647004 -121.096205
38.646853 -121.096287
38.646621 -121.096138
38.646250 -121.095855
38.645970 -121.095512
38.645675 -121.095228
38.645388 -121.094800
38.645315 -121.094692
38.645035 -121.094330
38.644259 -121.093591
38.643884 -121.093056
38.643307 -121.092332
38.642811 -121.091897
38.642516 -121.091593
38.642426 -121.091469
38.642282 -121.091268
38.642263 -121.091203
38.642104 -121.090650
38.641899 -121.090227
38.641579 -121.090294
38.641233 -121.090615
38.640933 -121.090915
38.640608 -121.091605
38.640387 -121.092078
38.639998 -121.092594
38.639705 -121.093137
38.639657 -121.093226
38.639508 -121.093464
38.639440 -121.093490
38.639235 -121.093569
38.638915 -121.093597
38.638578 -121.093508
38.638115 -121.093228
38.637807 -121.093042
38.637481 -121.092759
38.637250 -121.092609
38.636875 -121.092093
38.636549 -121.091752
38.636211 -121.091605
38.635921 -121.091560
38.635889 -121.091555
38.635627 -121.091387
38.635472 -121.091235
38.635424 -121.091083
38.635375 -121.090926
38.635308 -121.090577
38.635177 -121.090016
38.635050 -121.089708
38.634905 -121.089473
38.634814 -121.089325
38.634579 -121.088942
38.634372 -121.088383
38.634231 -121.088212
38.633905 -121.087870
38.633458 -121.087629
38.633289 -121.087516
38.633194 -121.087344
38.633008 -121.087154
38.632669 -121.086968
38.632331 -121.086880
38.631950 -121.086871
38.631629 -121.086899
38.631292 -121.086810
38.630890 -121.086510
38.630551 -121.086304
38.630241 -121.086040
38.630006 -121.085638
38.629960 -121.085510
38.629909 -121.085368
38.629752 -121.085099
38.629597 -121.084948
38.629244 -121.084801
38.628951 -121.084634
38.628733 -121.084406
38.628395 -121.084240
38.628072 -121.084093
38.627701 -121.083830
38.627111 -121.083262
38.626895 -121.083093
38.626647 -121.082905
38.626377 -121.083165
38.626274 -121.083421
38.626126 -121.083697
38.626022 -121.083875
38.625857 -121.084035
38.625786 -121.084387
38.625623 -121.084684
38.625445 -121.085019
38.625221 -121.085317
38.625046 -121.085828
38.624933 -121.086395
38.624664 -121.086733
38.624049 -121.087373
38.623781 -121.087645
38.623538 -121.087892
38.623001 -121.088199
38.622394 -121.088448
38.622193 -121.088505
38.621989 -121.088563
38.621565 -121.088782
38.621483 -121.088891
38.621286 -121.089152
38.621065 -121.089534
38.620890 -121.089838
38.620735 -121.090024
38.620471 -121.090342
38.620169 -121.090583
38.619986 -121.090588
38.619921 -121.090560
38.619596 -121.090417
38.619191 -121.090505
38.618933 -121.090953
38.618695 -121.091297
38.618473 -121.091433
38.617808 -121.091840
38.617351 -121.092552
38.616853 -121.093188
38.616395 -121.093823
38.616140 -121.094453
38.615927 -121.095081
38.615935 -121.095600
38.615906 -121.096301
38.615779 -121.097265
38.615428 -121.098208
38.615075 -121.099022
38.614700 -121.099758
38.614424 -121.100363
38.614145 -121.100707
38.613703 -121.101056
38.613120 -121.101539
38.612782 -121.102015
38.612691 -121.102666
38.612755 -121.103319
38.613063 -121.104459
38.613393 -121.105969
38.613518 -121.107075
38.613466 -121.107621
38.613143 -121.108466
38.612906 -121.108862
38.612562 -121.109318
38.611942 -121.109704
38.611595 -121.109986
38.611387 -121.110303
38.611394 -121.110731
38.611555 -121.111271
38.611933 -121.111981
38.612107 -121.112385
38.612300 -121.112984
38.612441 -121.113214
38.612658 -121.113364
38.612964 -121.113453
38.613454 -121.113537
38.613748 -121.113744
38.614378 -121.113980
38.614886 -121.114239
38.615410 -121.114556
38.615844 -121.114954
38.616214 -121.115158
38.616369 -121.115310
38.616765 -121.116214
38.616945 -121.116949
38.616972 -121.117707
38.616954 -121.118486
38.616979 -121.119050
38.617095 -121.119611
38.617271 -121.120113
38.617557 -121.120864
38.617770 -121.121346
38.617831 -121.121437
38.617915 -121.121563
38.618172 -121.121757
38.618214 -121.121789
38.618396 -121.121927
38.619058 -121.122377
38.619694 -121.122656
38.619863 -121.122750
38.620005 -121.123068
38.619981 -121.123429
38.619925 -121.123800
38.619825 -121.124125
38.619635 -121.124742
38.619263 -121.125335
38.619016 -121.125682
38.618994 -121.125712
38.618849 -121.126183
38.618826 -121.126631
38.618829 -121.126721
38.618851 -121.127273
38.618966 -121.127776
38.619154 -121.128063
38.619095 -121.128220
38.618802 -121.128948
38.618628 -121.129536
38.618624 -121.129610
38.618593 -121.130238
38.618560 -121.130998
38.618675 -121.131559
38.618815 -121.131692
38.619014 -121.131725
38.619338 -121.131912
38.619932 -121.132154
38.620352 -121.132333
38.620508 -121.132524
38.620691 -121.132499
38.621145 -121.132254
38.621372 -121.132131
38.621629 -121.131969
38.621811 -121.131925
38.622134 -121.132034
38.622671 -121.132214
38.623037 -121.132205
38.623221 -121.132220
38.623529 -121.132367
38.623759 -121.132478
38.624034 -121.132471
38.624282 -121.132679
38.624424 -121.132986
38.624397 -121.133182
38.624169 -121.133285
38.623901 -121.133701
38.623707 -121.133998
38.623453 -121.134355
38.623093 -121.134734
38.622858 -121.135304
38.622836 -121.135869
38.622923 -121.136529
38.622981 -121.137286
38.623159 -121.137905
38.623442 -121.138423
38.623510 -121.138830
38.623573 -121.139179
38.623063 -121.139581
38.622776 -121.139744
38.622440 -121.139753
38.622096 -121.139591
38.622009 -121.139550
38.621749 -121.139518
38.621460 -121.139603
38.621263 -121.139666
38.621113 -121.139865
38.620557 -121.140385
38.620299 -121.140470
38.619961 -121.140342
38.619588 -121.139982
38.619234 -121.139797
38.618851 -121.139729
38.618666 -121.139578
38.618142 -121.139280
38.617943 -121.139266
38.617641 -121.139449
38.617342 -121.139865
38.616755 -121.140386
38.616303 -121.140748
38.615727 -121.141075
38.615393 -121.141161
38.614691 -121.141218
38.614280 -121.141248
38.613884 -121.141356
38.613476 -121.141600
38.612997 -121.142215
38.612804 -121.142532
38.612723 -121.143195
38.612582 -121.143978
38.612377 -121.144631
38.612335 -121.144762
38.612129 -121.145254
38.611968 -121.145686
38.611689 -121.146375
38.611657 -121.146470
38.611485 -121.146983
38.611252 -121.147709
38.610957 -121.148359
38.610780 -121.148772
38.610437 -121.149268
38.610077 -121.149783
38.609640 -121.150303
38.609526 -121.150439
38.609494 -121.150496
38.609103 -121.151209
38.608752 -121.151835
38.608510 -121.152100
38.608361 -121.152104
38.608155 -121.152080
38.608067 -121.152061
38.607913 -121.152028
38.607730 -121.152003
38.607605 -121.152050
38.607458 -121.152253
38.607347 -121.152407
38.607327 -121.152443
38.607149 -121.152758
38.607013 -121.152917
38.606764 -121.153210
38.606355 -121.153425
38.606200 -121.153441
38.606040 -121.153445
38.605717 -121.153308
38.605462 -121.153110
38.605232 -121.153072
38.605072 -121.153105
38.604601 -121.153283
38.604492 -121.153324
38.604080 -121.153379
38.603798 -121.153649
38.603565 -121.154107
38.603320 -121.154552
38.603117 -121.154776
38.602845 -121.154943
38.602649 -121.155136
38.602447 -121.155245
38.601756 -121.155366
38.601106 -121.155461
38.600270 -121.155643
38.599782 -121.155682
38.599109 -121.155595
38.598784 -121.155630
38.598579 -121.155681
38.598318 -121.155745
38.597531 -121.156232
38.596681 -121.156540
38.595450 -121.157245
38.594839 -121.157485
38.595510 -121.158437
38.596096 -121.159460
38.596411 -121.160233
38.596624 -121.161397
38.596687 -121.161856
38.596617 -121.162709
38.596298 -121.163882
38.596293 -121.164073
38.596285 -121.164414
38.596441 -121.165022
38.596486 -121.165233
38.595595 -121.165628
38.595022 -121.166361
38.594437 -121.167625
38.594182 -121.168642
38.594170 -121.169200
38.594452 -121.169884
38.594655 -121.170916
38.594711 -121.171792
38.594851 -121.172719
38.595200 -121.173694
38.595437 -121.174166
38.595987 -121.174684
38.596285 -121.175075
38.596560 -121.175281
38.596770 -121.175382
38.596836 -121.175620
38.597033 -121.176173
38.597288 -121.176628
38.597466 -121.177046
38.597983 -121.178096
38.598133 -121.178802
38.599296 -121.181065
38.600104 -121.182959
38.600272 -121.184799
38.600263 -121.186004
38.599982 -121.187642
38.599336 -121.189041
38.598490 -121.190054
38.597720 -121.190676
38.597370 -121.191430
38.596633 -121.192299
38.595945 -121.192812
38.595230 -121.193362
38.594561 -121.194208
38.594506 -121.194277
38.594454 -121.194499
38.594036 -121.196274
38.593889 -121.197589
38.593182 -121.198600
38.591858 -121.201185
38.591357 -121.202970
38.590280 -121.205242
38.589709 -121.206640
38.589391 -121.208475
38.589372 -121.210492
38.589786 -121.211679
38.590385 -121.212042
38.591131 -121.211381
38.591410 -121.211135
38.592046 -121.210741
38.592492 -121.210793
38.592794 -121.211406
38.593144 -121.212496
38.593693 -121.213794
38.593355 -121.215397
38.593295 -121.216923
38.594048 -121.218854
38.595024 -121.220815
38.596823 -121.221090
38.598420 -121.221198
38.598684 -121.221377
38.599004 -121.221406
38.599530 -121.221652
38.599719 -121.222609
38.599854 -121.223093
38.599933 -121.223380
38.600451 -121.224994
38.600751 -121.225652
38.602688 -121.227084
38.604387 -121.228151
38.604520 -121.229257
38.602246 -121.232053
38.599752 -121.236218
38.597142 -121.241529
38.595037 -121.247249
38.593469 -121.251222
38.592369 -121.253153
38.591735 -121.255157
38.591480 -121.255882
38.591093 -121.256653
38.590231 -121.256758
38.589674 -121.257237
38.589447 -121.257623
38.589158 -121.258265
38.588528 -121.258322
38.588130 -121.258374
38.587770 -121.258722
38.587053 -121.259627
38.586160 -121.262102
38.585143 -121.265131
38.584161 -121.268369
38.583127 -121.272497
38.581875 -121.277731
38.580573 -121.284022
38.579090 -121.291545
38.578254 -121.295752
38.577419 -121.297675
38.576693 -121.298754
38.576288 -121.299168
38.575992 -121.299342
38.575566 -121.299613
38.575387 -121.300141
38.575363 -121.301093
38.575193 -121.302239
38.575254 -121.303880
38.575253 -121.305069
38.575511 -121.306134
38.575685 -121.306558
38.575785 -121.306960
38.575789 -121.307293
38.575680 -121.307462
38.574812 -121.308173
38.574094 -121.308879
38.573131 -121.309449
38.571929 -121.310286
38.570920 -121.311523
38.570304 -121.312870
38.570014 -121.313448
38.569532 -121.313697
38.569349 -121.313963
38.569357 -121.314558
38.569272 -121.315154
38.568952 -121.316280
38.568610 -121.317121
38.568300 -121.317675
38.568156 -121.318059
38.568292 -121.318413
38.568687 -121.318618
38.568663 -121.319522
38.568810 -121.320684
38.568862 -121.321682
38.568932 -121.322680
38.568864 -121.323157
38.568834 -121.323610
38.568869 -121.324751
38.568785 -121.325419
38.568739 -121.326134
38.568763 -121.326514
38.569105 -121.326911
38.569165 -121.327421
38.569417 -121.329350
38.569588 -121.330869
38.569534 -121.332297
38.569231 -121.333795
38.568878 -121.334553
38.568604 -121.334987
38.567771 -121.335506
38.567124 -121.335973
38.566760 -121.336671
38.566429 -121.337036
38.565876 -121.337572
38.565547 -121.338032
38.565125 -121.338636
38.565002 -121.339162
38.565006 -121.339634
38.565342 -121.340514
38.565627 -121.341269
38.566213 -121.343984
38.566489 -121.345880
38.566528 -121.346895
38.566415 -121.347722
38.565911 -121.348995
38.565560 -121.349949
38.565260 -121.350509
38.565071 -121.350913
38.565104 -121.351362
38.565373 -121.351446
38.566593 -121.352171
38.569168 -121.353513
38.570290 -121.354083
38.570509 -121.354504
38.570571 -121.355039
38.570286 -121.356936
38.569872 -121.358743
38.569233 -121.361559
38.568435 -121.364775
38.567585 -121.368226
38.567111 -121.371037
38.566702 -121.373241
38.566674 -121.373825
38.566746 -121.375140
38.566680 -121.376963
38.566355 -121.378674
38.565764 -121.380951
38.564931 -121.383024
38.564795 -121.383751
38.564193 -121.386659
38.563798 -121.388558
38.563408 -121.389547
38.562366 -121.392348
38.561037 -121.395668
38.559915 -121.398027
38.559319 -121.400048
38.559299 -121.401262
38.559109 -121.403413
38.558616 -121.406272
38.558110 -121.409480
38.557904 -121.413242
38.558031 -121.415784
38.558552 -121.417756
38.559195 -121.418693
38.560397 -121.420225
38.561579 -121.421249
38.562692 -121.422240
38.563312 -121.422297
38.564044 -121.422561
38.565220 -121.423130
38.567030 -121.423878
38.568823 -121.424294
38.571035 -121.424264
38.573118 -121.423763
38.575336 -121.423189
38.576900 -121.422980
38.577562 -121.423088
38.578753 -121.423780
38.579606 -121.424847
38.580614 -121.426261
38.580877 -121.427358
38.581032 -121.428703
38.580793 -121.431370
38.580727 -121.433612
38.580979 -121.436006
38.581421 -121.438623
38.581823 -121.440190
38.582198 -121.441272
38.582654 -121.442221
38.583641 -121.443591
38.584434 -121.445019
38.585576 -121.446452
38.586604 -121.447743
38.587677 -121.449388
38.588374 -121.450621
38.589124 -121.451275
38.589616 -121.451789
38.589762 -121.452706
38.589737 -121.453954
38.589519 -121.455403
38.588929 -121.457544
38.588085 -121.460018
38.587608 -121.461381
38.587318 -121.462779
38.587280 -121.463818
38.587341 -121.464578
38.587612 -121.465597
38.587744 -121.466237
38.587977 -121.466653
38.588290 -121.466948
38.588513 -121.467469
38.588530 -121.467954
38.588566 -121.468387
38.589110 -121.469768
38.589754 -121.470923
38.590531 -121.471984
38.591126 -121.472615
38.591433 -121.473186
38.591861 -121.473650
38.591796 -121.474137
38.592266 -121.474613
38.592859 -121.475073
38.593283 -121.475117
38.594262 -121.475950
38.594888 -121.476462
38.595287 -121.477071
38.595694 -121.477470
38.596892 -121.478364
38.597941 -121.479025
38.598685 -121.479942
38.599173 -121.480982
38.599728 -121.482494
38.600121 -121.483353
38.600526 -121.484395
38.600694 -121.485403
38.600922 -121.487080
38.601330 -121.489173
38.601649 -121.491479
38.601742 -121.492317
38.601836 -121.494049
38.601763 -121.495535
38.601637 -121.497009
38.601463 -121.498681
38.601349 -121.499446
38.601038 -121.500135
38.600861 -121.500783
38.600436 -121.502184
38.600043 -121.502941
38.599612 -121.503895
38.599210 -121.504692
38.598724 -121.505346
38.596948 -121.506788
38.597075 -121.507022
38.597171 -121.507243
38.597184 -121.507453
38.598179 -121.508441
38.598494 -121.508480
38.598789 -121.508520
38.599267 -121.508511
38.599534 -121.508364
38.600927 -121.507956
38.601555 -121.507795
38.602087 -121.507868
38.602773 -121.508382
38.603158 -121.508670
38.603197 -121.509071
38.603071 -121.509666
38.602716 -121.510370
38.602525 -121.510890
38.602873 -121.512769
38.603022 -121.513780
38.603116 -121.514317
38.603283 -121.514903
38.603458 -121.514915
38.603590 -121.514920
38.603703 -121.514849
38.603822 -121.514731
38.604001 -121.514597
38.603946 -121.514158
38.603855 -121.513625
38.603812 -121.513207
38.603756 -121.512689
38.603789 -121.512079
38.603846 -121.511740
38.604013 -121.511295
38.604132 -121.511007
38.604392 -121.510664
38.605045 -121.509924
38.605515 -121.509317
38.606004 -121.508477
38.606648 -121.507100
38.606991 -121.506003
38.607161 -121.505000
38.607273 -121.504193
38.607346 -121.503491
38.607507 -121.502566
38.607678 -121.501641
38.607767 -121.501108
38.607840 -121.500510
38.607912 -121.498990
38.608056 -121.497481
38.608154 -121.496363
38.608260 -121.495153
38.608385 -121.493775
38.608482 -121.492605
38.608521 -121.491644
38.608478 -121.490710
38.608358 -121.489259
38.608213 -121.487523
38.608032 -121.486112
38.607902 -121.484713
38.607790 -121.483183
38.607702 -121.482653
38.607547 -121.482141
38.607041 -121.480802
38.606313 -121.479122
38.605669 -121.477595
38.605261 -121.476514
38.605006 -121.475671
38.604930 -121.475084
38.604896 -121.474566
38.604913 -121.473769
38.604998 -121.473041
38.605217 -121.472136
38.605505 -121.471265
38.605782 -121.470653
38.606035 -121.470250
38.606611 -121.469667
38.607365 -121.469166
38.608268 -121.468645
38.609282 -121.468295
38.609945 -121.468108
38.610419 -121.468046
38.610974 -121.467930
38.611354 -121.467922
38.611911 -121.467945
38.612251 -121.467972
38.612673 -121.468067
38.612945 -121.468078
38.613327 -121.468174
38.614279 -121.468344
38.615191 -121.468515
38.615708 -121.468573
38.616457 -121.468731
38.617178 -121.468854
38.617995 -121.469027
38.619640 -121.469290
38.621058 -121.469567
38.623031 -121.469906
38.623467 -121.470018
38.623834 -121.470062
38.624175 -121.470142
38.624828 -121.470232
38.625046 -121.470348
38.625304 -121.470470
38.626738 -121.470739
38.629623 -121.471255
38.632728 -121.471928
38.635650 -121.472466
38.637574 -121.472817
38.640895 -121.473462
38.645123 -121.474181
38.648607 -121.474776
38.652092 -121.475441
38.657574 -121.476549
38.660025 -121.477051
38.662920 -121.477629
38.663477 -121.477771
38.664483 -121.477695
38.665576 -121.477665
38.666372 -121.477586
38.666759 -121.477640
38.668114 -121.477888
38.669733 -121.478069
38.670967 -121.478259
38.671381 -121.478527
38.671724 -121.478889
38.671999 -121.479684
38.672719 -121.481178
38.673339 -121.482489
38.674035 -121.484014
38.674553 -121.484865
38.675066 -121.485316
38.675381 -121.485433
38.675841 -121.485485
38.677724 -121.485537
38.680210 -121.485516
38.685522 -121.485558
38.690568 -121.485667
38.692620 -121.485655
38.696000 -121.485645
38.699597 -121.485692
38.702928 -121.485684
38.706067 -121.485741
38.709075 -121.486848
38.711112 -121.487606
38.712665 -121.488159
38.713363 -121.488021
38.713699 -121.487890
38.714202 -121.487541
38.715667 -121.486986
38.717360 -121.487228
38.719006 -121.487563
38.721184 -121.487979
38.724112 -121.488534
38.728057 -121.489344
38.728721 -121.489560
38.728942 -121.489802
38.729187 -121.490105
38.729551 -121.490938
38.729747 -121.491279
38.729938 -121.491469
38.730648 -121.491902
38.732528 -121.491831
38.733171 -121.491798
38.733479 -121.491400
38.734081 -121.490714
38.734400 -121.490395
38.734704 -121.490323
38.735038 -121.490330
38.735128 -121.490332
38.735204 -121.490333
38.736822 -121.490653
38.737044 -121.490708
38.739167 -121.491158
38.739903 -121.491390
38.742279 -121.492353
38.743100 -121.492665
38.743653 -121.493002
38.745520 -121.493986
38.745846 -121.494070
38.749734 -121.494304
38.749980 -121.494372
38.750558 -121.494402
38.753094 -121.494503
38.755316 -121.494579
38.756814 -121.494702
38.757998 -121.494770
38.758602 -121.494788
38.759787 -121.494979
38.761312 -121.495317
38.763587 -121.495762
38.766129 -121.496325
38.769541 -121.496963
38.771792 -121.497440
38.772492 -121.497425
38.773191 -121.497380
38.774008 -121.497054
38.774703 -121.496670
38.775372 -121.496131
38.775798 -121.495506
38.776200 -121.494850
38.776475 -121.494374
38.776724 -121.494068
38.776976 -121.493970
38.777682 -121.493955
38.777972 -121.493926
38.778422 -121.493777
38.779254 -121.493053
38.779812 -121.492337
38.780740 -121.490701
38.781734 -121.488761
38.781852 -121.487063
38.781783 -121.485737
38.781440 -121.483356
38.781316 -121.481766
38.781296 -121.480207
38.781458 -121.478711
38.781797 -121.476845
38.782059 -121.475048
38.782201 -121.471993
38.782250 -121.469736
38.782299 -121.467545
38.782460 -121.465949
38.782423 -121.465154
38.782153 -121.464363
38.781568 -121.463314
38.781108 -121.461864
38.780725 -121.460413
38.780680 -121.458954
38.780538 -121.458028
38.779945 -121.456382
38.779321 -121.454405
38.778962 -121.452787
38.778873 -121.451960
38.778774 -121.450336
38.778868 -121.449604
38.779017 -121.449070
38.779053 -121.447875
38.778834 -121.447017
38.778246 -121.445803
38.776923 -121.443940
38.775919 -121.442635
38.774805 -121.440901
38.774194 -121.439886
38.774085 -121.439573
38.773735 -121.438569
38.772970 -121.435733
38.772309 -121.432895
38.771961 -121.430216
38.771511 -121.427605
38.771548 -121.426509
38.771796 -121.425641
38.771888 -121.424777
38.771829 -121.424483
38.771749 -121.424083
38.771371 -121.422997
38.770779 -121.421517
38.770162 -121.420038
38.770027 -121.419811
38.769365 -121.418696
38.768415 -121.417556
38.767443 -121.416748
38.766394 -121.415975
38.766103 -121.415680
38.765946 -121.415521
38.765655 -121.415096
38.765393 -121.414704
38.764880 -121.414218
38.764468 -121.414003
38.763959 -121.413815
38.763765 -121.413844
38.763437 -121.414075
38.763166 -121.414231
38.762836 -121.414338
38.762372 -121.414572
38.762005 -121.414754
38.761619 -121.415011
38.761306 -121.414919
38.760184 -121.414048
38.758390 -121.412471
38.757428 -121.411895
38.757249 -121.411650
38.756891 -121.411086
38.756585 -121.410098
38.756378 -121.409157
38.756289 -121.408788
38.756027 -121.407698
38.755962 -121.407251
38.755916 -121.406705
38.755907 -121.406059
38.755710 -121.405914
38.755161 -121.405603
38.754614 -121.405490
38.753861 -121.405384
38.753327 -121.405370
38.752820 -121.405356
38.752254 -121.405220
38.751999 -121.405151
38.751859 -121.404830
38.751756 -121.404410
38.751513 -121.403794
38.751255 -121.403426
38.750667 -121.403116
38.750544 -121.402696
38.750187 -121.402182
38.749923 -121.401441
38.749856 -121.400771
38.749879 -121.399627
38.750028 -121.399126
38.750194 -121.398476
38.750150 -121.398079
38.750144 -121.397681
38.750193 -121.396983
38.750204 -121.396336
38.750064 -121.396066
38.749744 -121.395501
38.749566 -121.395306
38.749522 -121.394884
38.749517 -121.394511
38.749374 -121.394042
38.749348 -121.393570
38.749339 -121.392924
38.749351 -121.392401
38.749540 -121.391974
38.749594 -121.391674
38.749568 -121.391202
38.749487 -121.390931
38.749482 -121.390558
38.749395 -121.389938
38.749222 -121.389537
38.749157 -121.389073
38.749148 -121.388439
38.749170 -121.387934
38.749133 -121.387320
38.749053 -121.386855
38.748763 -121.385966
38.748670 -121.385539
38.748504 -121.385170
38.748412 -121.384818
38.748273 -121.384299
38.748133 -121.383668
38.748168 -121.383033
38.748236 -121.382677
38.748391 -121.382244
38.748427 -121.381721
38.748422 -121.381311
38.748330 -121.381052
38.748080 -121.380927
38.747804 -121.381026
38.747587 -121.381162
38.747383 -121.381241
38.747295 -121.381206
38.747190 -121.381003
38.747156 -121.380649
38.747250 -121.380032
38.747287 -121.379546
38.747340 -121.379134
38.747305 -121.378743
38.747271 -121.378371
38.747258 -121.377457
38.747207 -121.375873
38.747075 -121.374813
38.746810 -121.373625
38.746693 -121.372564
38.746369 -121.370114
38.747020 -121.369860
38.747587 -121.369623
38.748149 -121.369107
38.748829 -121.368406
38.749608 -121.367675
38.750224 -121.367045
38.750342 -121.366903
38.750273 -121.366624
38.750012 -121.366043
38.749795 -121.365362
38.749377 -121.364490
38.749230 -121.364367
38.748889 -121.364082
38.748563 -121.363432
38.748335 -121.362793
38.748132 -121.362392
38.748012 -121.362027
38.747991 -121.361579
38.748125 -121.360756
38.748636 -121.359662
38.749181 -121.358978
38.749860 -121.358440
38.750859 -121.357820
38.751701 -121.357428
38.752109 -121.357298
38.752268 -121.357247
38.752703 -121.357032
38.753021 -121.356726
38.753349 -121.356159
38.753388 -121.355860
38.753351 -121.355301
38.753299 -121.354705
38.753336 -121.354219
38.753479 -121.354011
38.753682 -121.353913
38.753988 -121.353887
38.754367 -121.353823
38.754672 -121.353648
38.754972 -121.353174
38.755040 -121.352874
38.755035 -121.352483
38.754956 -121.352074
38.754836 -121.351853
38.754448 -121.351411
38.754242 -121.351121
38.754208 -121.350842
38.754379 -121.350520
38.754669 -121.350327
38.754871 -121.350192
38.755027 -121.349815
38.755220 -121.349027
38.755346 -121.348614
38.755646 -121.348159
38.755770 -121.348055
38.755920 -121.347929
38.756180 -121.347737
38.756337 -121.347472
38.756346 -121.347080
38.756270 -121.346858
38.756148 -121.346450
38.756098 -121.346078
38.756122 -121.345686
38.756204 -121.345311
38.756476 -121.344913
38.756705 -121.344572
38.757035 -121.344136
38.756957 -121.343957
38.756541 -121.343469
38.755991 -121.343108
38.755703 -121.343014
38.755286 -121.342876
38.754614 -121.342711
38.754098 -121.342350
38.753771 -121.341985
38.753446 -121.341694
38.753209 -121.341457
38.752944 -121.341295
38.752474 -121.341119
38.752167 -121.341126
38.752005 -121.341055
38.751958 -121.340795
38.751847 -121.340201
38.751822 -121.339455
38.751793 -121.338449
38.751737 -121.337611
38.751743 -121.337110
38.751744 -121.337032
38.751632 -121.336345
38.751303 -121.335793
38.751198 -121.335646
38.751117 -121.335069
38.751111 -121.334678
38.750957 -121.333948
38.750639 -121.333507
38.750345 -121.333315
38.749955 -121.333300
38.749551 -121.333145
38.749465 -121.333112
38.749092 -121.332897
38.748873 -121.332579
38.748847 -121.332107
38.748935 -121.331433
38.749236 -121.330730
38.749428 -121.330470
38.749559 -121.330293
38.749714 -121.329879
38.749884 -121.329502
38.749893 -121.329166
38.749872 -121.328663
38.749765 -121.328386
38.749569 -121.327943
38.749447 -121.327572
38.749267 -121.326974
38.749202 -121.326757
38.748965 -121.325550
38.748720 -121.323709
38.748611 -121.323246
38.748575 -121.322818
38.748658 -121.322480
38.748884 -121.321952
38.749243 -121.321496
38.749591 -121.321339
38.749970 -121.321313
38.750014 -121.321310
38.750335 -121.321284
38.750832 -121.321310
38.750978 -121.321306
38.751140 -121.321396
38.751287 -121.321430
38.751293 -121.320945
38.751245 -121.320694
38.751198 -121.320471
38.751197 -121.320345
38.751284 -121.320329
38.751426 -121.320312
38.751558 -121.320309
38.751744 -121.320346
38.751952 -121.320341
38.752171 -121.320280
38.752344 -121.320164
38.752733 -121.319792
38.753123 -121.319461
38.753360 -121.319217
38.753590 -121.319212
38.753886 -121.319205
38.754346 -121.319166
38.754772 -121.319086
38.754858 -121.319000
38.754843 -121.318735
38.754828 -121.318399
38.754933 -121.318103
38.754968 -121.317598
38.755079 -121.317204
38.755204 -121.316791
38.755359 -121.316358
38.755370 -121.316115
38.755205 -121.315802
38.755126 -121.315375
38.755004 -121.315042
38.754662 -121.314621
38.754249 -121.314351
38.753853 -121.314230
38.753674 -121.314203
38.753414 -121.314165
38.753106 -121.314079
38.752913 -121.313860
38.752716 -121.313380
38.752533 -121.312880
38.752516 -121.312694
38.752542 -121.312451
38.752784 -121.312016
38.753010 -121.311526
38.753175 -121.311172
38.753235 -121.310779
38.753417 -121.310481
38.753688 -121.310307
38.753764 -121.310235
38.753816 -121.310024
38.754021 -121.309851
38.754092 -121.309402
38.754086 -121.308996
38.754135 -121.308631
38.754205 -121.308377
38.754271 -121.308138
38.754735 -121.307652
38.755004 -121.307324
38.755097 -121.306972
38.755132 -121.306355
38.755207 -121.305859
38.755302 -121.305353
38.755297 -121.305036
38.755279 -121.304775
38.755158 -121.304517
38.754744 -121.304135
38.754549 -121.303953
38.754255 -121.303680
38.754063 -121.303536
38.753901 -121.303409
38.753838 -121.303149
38.753869 -121.302253
38.753862 -121.301731
38.754013 -121.301056
38.754154 -121.300717
38.754385 -121.300543
38.754720 -121.300498
38.754818 -121.300487
38.755158 -121.300450
38.755390 -121.300370
38.755605 -121.300085
38.755688 -121.299785
38.755610 -121.299395
38.755489 -121.299118
38.755325 -121.298879
38.755119 -121.298772
38.754998 -121.298533
38.754975 -121.298464
38.754846 -121.298089
38.754810 -121.297642
38.754827 -121.296765
38.754816 -121.296019
38.754957 -121.295717
38.755187 -121.295469
38.755214 -121.295384
38.755327 -121.295018
38.755377 -121.294457
38.755372 -121.294103
38.755329 -121.293898
38.755321 -121.293862
38.755262 -121.293583
38.755110 -121.293139
38.754809 -121.292568
38.754685 -121.292182
38.754600 -121.292078
38.754339 -121.291757
38.753994 -121.291387
38.753768 -121.290945
38.753584 -121.290320
38.753424 -121.289862
38.753255 -121.289530
38.753132 -121.289351
38.753031 -121.289241
38.753018 -121.289060
38.753099 -121.288638
38.753205 -121.288356
38.753319 -121.287933
38.753315 -121.287668
38.753299 -121.287332
38.753236 -121.286774
38.753232 -121.286495
38.753229 -121.286257
38.753345 -121.285988
38.753517 -121.285746
38.753604 -121.285674
38.753645 -121.285505
38.753774 -121.285376
38.753850 -121.285305
38.754134 -121.285242
38.754286 -121.285140
38.754451 -121.285003
38.754683 -121.284557
38.754987 -121.284368
38.755227 -121.284348
38.755476 -121.284118
38.755755 -121.283692
38.755970 -121.283463
38.756098 -121.283222
38.756183 -121.283010
38.756182 -121.282940
38.756114 -121.282830
38.756089 -121.282593
38.756083 -121.282201
38.756066 -121.281768
38.755970 -121.281224
38.755862 -121.280907
38.755776 -121.280655
38.755674 -121.280448
38.755659 -121.280182
38.755743 -121.279929
38.755870 -121.279660
38.756074 -121.279333
38.756331 -121.278963
38.756490 -121.278582
38.756550 -121.278174
38.756546 -121.277909
38.756617 -121.277501
38.756720 -121.277107
38.756957 -121.276835
38.757279 -121.276492
38.757390 -121.276116
38.757459 -121.275816
38.757646 -121.275606
38.757820 -121.275527
38.758241 -121.275368
38.758268 -121.275356
38.758648 -121.275190
38.759037 -121.274882
38.759237 -121.274579
38.759437 -121.274239
38.759561 -121.273769
38.759720 -121.273597
38.760224 -121.273138
38.760440 -121.272908
38.760580 -121.272532
38.760606 -121.272316
38.760603 -121.272136
38.760517 -121.271361
38.760468 -121.270893
38.760504 -121.270314
38.760655 -121.269676
38.760921 -121.268942
38.761029 -121.268286
38.761313 -121.267738
38.761570 -121.267332
38.761612 -121.267265
38.762099 -121.266619
38.762197 -121.266318
38.762238 -121.266093
38.762205 -121.265832
38.762095 -121.265331
38.762068 -121.265262
38.761958 -121.264980
38.761762 -121.264537
38.761638 -121.264092
38.761838 -121.263770
38.762344 -121.263404
38.762503 -121.263307
38.762910 -121.263203
38.763378 -121.263192
38.763815 -121.263126
38.764556 -121.262884
38.765281 -121.262493
38.766006 -121.262121
38.766442 -121.262017
38.766996 -121.261892
38.768187 -121.261490
38.769047 -121.261319
38.769907 -121.261224
38.770445 -121.261062
38.770967 -121.260825
38.771734 -121.260340
38.772283 -121.259897
38.772818 -121.259530
38.773471 -121.259234
38.774152 -121.258900
38.774750 -121.258830
38.775262 -121.258892
38.775645 -121.259107
38.776075 -121.259507
38.776829 -121.260104
38.777434 -121.260519
38.777729 -121.260754
38.777894 -121.261049
38.778141 -121.261716
38.778229 -121.261955
38.778574 -121.262562
38.778693 -121.262709
38.778841 -121.262817
38.778973 -121.262870
38.779119 -121.262885
38.779336 -121.263017
38.779650 -121.263208
38.780177 -121.263307
38.780645 -121.263296
38.781140 -121.263228
38.781417 -121.263146
38.781808 -121.262969
38.782080 -121.262589
38.782277 -121.262062
38.782765 -121.261509
38.783125 -121.261108
38.783310 -121.260824
38.783562 -121.260108
38.783804 -121.259673
38.783962 -121.259501
38.784191 -121.259160
38.784361 -121.258899
38.784447 -121.258813
38.784620 -121.258683
38.784947 -121.258577
38.785286 -121.258499
38.785428 -121.258481
38.785610 -121.258197
38.785801 -121.257758
38.786111 -121.257261
38.786750 -121.256784
38.786934 -121.256597
38.787357 -121.256321
38.787749 -121.256143
38.788107 -121.255939
38.788237 -121.255865
38.788391 -121.255876
38.788623 -121.255996
38.788790 -121.256131
38.789044 -121.256336
38.789275 -121.256386
38.789515 -121.256338
38.789700 -121.256250
38.789917 -121.256105
38.790252 -121.255816
38.790317 -121.255731
38.790597 -121.255402
38.790695 -121.255278
38.790844 -121.255088
38.791092 -121.254830
38.791244 -121.254756
38.791582 -121.254650
38.792029 -121.254499
38.792671 -121.254204
38.793323 -121.253810
38.794030 -121.253499
38.794184 -121.253537
38.794281 -121.253671
38.794531 -121.254018
38.794654 -121.254225
38.794890 -121.254583
38.795023 -121.254692
38.795244 -121.254827
38.795484 -121.254723
38.795680 -121.254648
38.795909 -121.254573
38.796117 -121.254623
38.796385 -121.254939
38.796543 -121.255229
38.796629 -121.255115
38.796778 -121.254859
38.797242 -121.254344
38.797510 -121.253960
38.797694 -121.253843
38.797791 -121.253729
38.797854 -121.253545
38.797857 -121.253470
38.797870 -121.253153
38.797911 -121.252928
38.798008 -121.252855
38.798205 -121.252851
38.798293 -121.252848
38.798612 -121.252911
38.798854 -121.252989
38.799062 -121.252984
38.799259 -121.252979
38.799478 -121.252974
38.799818 -121.252979
38.800244 -121.252927
38.800520 -121.253032
38.800830 -121.253276
38.800939 -121.253377
38.801052 -121.253481
38.801307 -121.253699
38.801663 -121.254040
38.801786 -121.254177
38.802072 -121.254310
38.802150 -121.254392
38.802231 -121.254628
38.802212 -121.254867
38.802172 -121.255092
38.802174 -121.255260
38.802210 -121.255469
38.802257 -121.255636
38.802335 -121.255774
38.802424 -121.255842
38.802566 -121.255824
38.802829 -121.255790
38.803132 -121.255600
38.803653 -121.255280
38.804067 -121.255088
38.804514 -121.254937
38.804787 -121.254860
38.805047 -121.254700
38.805252 -121.254471
38.805369 -121.254244
38.805525 -121.253694
38.805561 -121.253175
38.805621 -121.252781
38.805756 -121.252302
38.805925 -121.251892
38.806083 -121.251468
38.806250 -121.250876
38.806348 -121.250426
38.806373 -121.250313
38.806487 -121.249918
38.806940 -121.249445
38.807739 -121.248613
38.808340 -121.247787
38.809101 -121.246676
38.809895 -121.245564
38.810550 -121.244722
38.810893 -121.244210
38.811149 -121.243755
38.811591 -121.243282
38.812304 -121.242607
38.813041 -121.242070
38.813615 -121.241650
38.814320 -121.241157
38.815021 -121.240397
38.815753 -121.239553
38.816227 -121.239024
38.816476 -121.238835
38.817010 -121.238654
38.817273 -121.238634
38.817632 -121.238499
38.818078 -121.238236
38.818349 -121.238061
38.818861 -121.237866
38.819136 -121.237860
38.819310 -121.237855
38.819736 -121.237817
38.820292 -121.237607
38.820747 -121.237302
38.821223 -121.236870
38.821487 -121.236568
38.821923 -121.236068
38.822246 -121.235724
38.822387 -121.235581
38.822494 -121.235452
38.822594 -121.235520
38.822935 -121.235651
38.823059 -121.235704
38.823123 -121.235731
38.823375 -121.235752
38.823636 -121.235634
38.824016 -121.235359
38.824265 -121.235042
38.824521 -121.234716
38.824702 -121.234361
38.824959 -121.234005
38.825217 -121.233690
38.825554 -121.233500
38.825838 -121.233423
38.826384 -121.233311
38.827006 -121.233142
38.827803 -121.232968
38.828062 -121.232955
38.828350 -121.232941
38.828885 -121.232829
38.829410 -121.232732
38.829758 -121.232570
38.830039 -121.232339
38.830340 -121.231981
38.830961 -121.231362
38.831161 -121.231162
38.832049 -121.230496
38.832473 -121.230290
38.833071 -121.229995
38.833494 -121.229732
38.834037 -121.229424
38.834333 -121.229389
38.834748 -121.229337
38.835275 -121.229408
38.835638 -121.229483
38.836340 -121.229577
38.837024 -121.229869
38.837575 -121.230065
38.838103 -121.230206
38.838784 -121.230371
38.838984 -121.230520
38.839250 -121.230766
38.839650 -121.231106
38.839920 -121.231302
38.840248 -121.231540
38.840921 -121.231873
38.841428 -121.232043
38.841979 -121.232057
38.842544 -121.231973
38.843287 -121.231801
38.843896 -121.231533
38.844670 -121.231276
38.845292 -121.231135
38.846156 -121.231015
38.846637 -121.230975
38.847449 -121.230904
38.848149 -121.230886
38.848604 -121.230969
38.849147 -121.231179
38.850299 -121.231610
38.850714 -121.231439
38.851239 -121.231352
38.852176 -121.231095
38.852373 -121.231010
38.852680 -121.230700
38.853084 -121.230277
38.853760 -121.229735
38.854582 -121.228999
38.854891 -121.228848
38.855285 -121.228632
38.855557 -121.228482
38.855867 -121.228442
38.856300 -121.228256
38.856558 -121.228059
38.856736 -121.227815
38.856833 -121.227572
38.856947 -121.227287
38.857132 -121.226984
38.857449 -121.226714
38.857955 -121.226384
38.858289 -121.226226
38.858449 -121.226181
38.858943 -121.226042
38.859453 -121.225917
38.859961 -121.225699
38.860439 -121.225444
38.861059 -121.225016
38.861008 -121.224477
38.860943 -121.224031
38.860878 -121.223565
38.860958 -121.223077
38.861279 -121.222098
38.861503 -121.221457
38.861698 -121.220855
38.861906 -121.220121
38.861988 -121.219745
38.862146 -121.219592
38.862435 -121.219342
38.862661 -121.219207
38.862797 -121.219127
38.863099 -121.218877
38.863368 -121.218500
38.863471 -121.218326
38.863646 -121.218224
38.863674 -121.218208
38.863775 -121.218187
38.864053 -121.218199
38.864374 -121.218191
38.865059 -121.218062
38.865526 -121.218050
38.865863 -121.218079
38.866171 -121.218202
38.866538 -121.218286
38.866873 -121.218259
38.867233 -121.217895
38.867447 -121.217572
38.867574 -121.217308
38.867643 -121.217007
38.867820 -121.216180
38.868127 -121.215220
38.868518 -121.214089
38.869022 -121.213609
38.870062 -121.212855
38.870425 -121.212659
38.870612 -121.212523
38.870842 -121.212274
38.871097 -121.211764
38.871208 -121.211331
38.871229 -121.210807
38.871087 -121.210138
38.870888 -121.209545
38.870727 -121.209110
38.870614 -121.208805
38.870437 -121.207763
38.870385 -121.207204
38.870266 -121.206104
38.870108 -121.205342
38.870102 -121.204950
38.870328 -121.204440
38.871001 -121.203563
38.871546 -121.202914
38.871788 -121.202535
38.871972 -121.202138
38.871992 -121.201558
38.871982 -121.200904
38.871974 -121.200344
38.872065 -121.199669
38.872234 -121.199253
38.872550 -121.198853
38.872739 -121.198642
38.872894 -121.198471
38.873198 -121.198276
38.873369 -121.198029
38.873523 -121.197595
38.873685 -121.196713
38.873979 -121.195865
38.874231 -121.195167
38.874557 -121.194505
38.874854 -121.193937
38.874984 -121.193784
38.875067 -121.193501
38.875074 -121.193034
38.875154 -121.192546
38.875434 -121.191773
38.875846 -121.190996
38.876203 -121.190464
38.876413 -121.189898
38.876562 -121.189147
38.876556 -121.188717
38.876446 -121.188234
38.876396 -121.187825
38.876353 -121.186929
38.876342 -121.186654
38.876329 -121.186331
38.876346 -121.185584
38.876510 -121.184813
38.876719 -121.184210
38.876982 -121.183620
38.877114 -121.183322
38.877595 -121.182282
38.877878 -121.181676
38.878055 -121.180850
38.878105 -121.180307
38.878223 -121.179500
38.878303 -121.178993
38.878254 -121.178640
38.877937 -121.177975
38.877488 -121.177314
38.876567 -121.176291
