Mattole
40.561028 -124.347944
40.560589 -124.347908
40.560593 -124.346911
40.560787 -124.346249
40.560948 -124.345866
40.560992 -124.345750
40.561120 -124.345412
40.561182 -124.345040
40.561299 -124.344324
40.561629 -124.343377
40.561922 -124.342867
40.562259 -124.342576
40.562395 -124.342394
40.562551 -124.342184
40.562617 -124.341729
40.562564 -124.341466
40.562388 -124.340592
40.562286 -124.340213
40.562055 -124.337925
40.561842 -124.336689
40.561683 -124.336071
40.561542 -124.335174
40.561478 -124.334701
40.561458 -124.334557
40.561224 -124.333818
40.560971 -124.333435
40.560521 -124.332957
40.560133 -124.332545
40.559744 -124.332180
40.559218 -124.331812
40.558842 -124.331586
40.558336 -124.330841
40.557979 -124.330239
40.557595 -124.329377
40.557260 -124.328219
40.557221 -124.327345
40.557212 -124.327146
40.557142 -124.326648
40.556945 -124.326095
40.556893 -124.325948
40.556537 -124.325305
40.556108 -124.324403
40.555859 -124.323664
40.555571 -124.322348
40.555324 -124.321449
40.555233 -124.321225
40.555088 -124.320869
40.554949 -124.320666
40.554716 -124.320325
40.554611 -124.320244
40.554568 -124.319965
40.554649 -124.319550
40.554770 -124.319289
40.555006 -124.318782
40.555146 -124.318408
40.555154 -124.317769
40.555180 -124.316820
40.555231 -124.316325
40.555254 -124.316210
40.555279 -124.316087
40.555238 -124.315925
40.555163 -124.315628
40.554972 -124.315108
40.554749 -124.314707
40.554307 -124.313626
40.553850 -124.312989
40.553322 -124.312415
40.552764 -124.312146
40.552296 -124.312018
40.551923 -124.312181
40.551642 -124.312303
40.550884 -124.312328
40.549807 -124.312486
40.549338 -124.312477
40.548596 -124.312462
40.548144 -124.312469
40.548035 -124.312471
40.547994 -124.312482
40.547337 -124.312656
40.546626 -124.312523
40.546328 -124.312363
40.545091 -124.311699
40.544652 -124.311405
40.544144 -124.311065
40.543690 -124.310997
40.542865 -124.310286
40.542566 -124.309962
40.542421 -124.309384
40.542185 -124.308823
40.541930 -124.308679
40.541567 -124.308632
40.541234 -124.308566
40.540708 -124.308239
40.539776 -124.307585
40.539116 -124.307036
40.538650 -124.306730
40.538609 -124.306332
40.538741 -124.305362
40.538904 -124.304720
40.538931 -124.304611
40.538839 -124.303418
40.538798 -124.303220
40.538753 -124.302999
40.538834 -124.302505
40.538858 -124.302434
40.539100 -124.301716
40.539264 -124.301261
40.539554 -124.300454
40.539761 -124.299545
40.539785 -124.299473
40.540043 -124.298697
40.540044 -124.298578
40.539855 -124.298258
40.539628 -124.297875
40.539454 -124.297236
40.539315 -124.296082
40.539063 -124.295621
40.538628 -124.295215
40.538406 -124.294735
40.538309 -124.293939
40.537895 -124.293057
40.537493 -124.292454
40.537256 -124.292013
40.537200 -124.291595
40.537219 -124.291238
40.537363 -124.290757
40.537672 -124.289996
40.538064 -124.288773
40.538175 -124.288378
40.538182 -124.287696
40.538184 -124.287564
40.538174 -124.287068
40.538224 -124.286632
40.538436 -124.285975
40.538460 -124.285902
40.539000 -124.284999
40.539215 -124.284686
40.539294 -124.284449
40.539251 -124.284170
40.539014 -124.283689
40.538765 -124.283213
40.538509 -124.282866
40.538407 -124.282487
40.538518 -124.282032
40.538763 -124.281759
40.538811 -124.281541
40.538694 -124.281162
40.538686 -124.280547
40.538652 -124.279514
40.538598 -124.278897
40.538286 -124.278355
40.537988 -124.277893
40.537462 -124.277546
40.537282 -124.277383
40.537179 -124.277123
40.536890 -124.275887
40.536711 -124.275586
40.536383 -124.275143
40.536024 -124.274739
40.535621 -124.274215
40.535050 -124.272398
40.534624 -124.271219
40.534180 -124.270238
40.533838 -124.269696
40.533588 -124.269056
40.533364 -124.268694
40.533129 -124.268035
40.532811 -124.267455
40.532788 -124.267413
40.532759 -124.267419
40.532606 -124.267449
40.532179 -124.267660
40.531786 -124.267612
40.530996 -124.267816
40.530526 -124.267886
40.530139 -124.268011
40.529827 -124.268111
40.529340 -124.268301
40.529101 -124.268555
40.528880 -124.268788
40.528531 -124.268901
40.528258 -124.268896
40.527834 -124.268888
40.527488 -124.268702
40.527222 -124.268082
40.527002 -124.267463
40.526793 -124.267181
40.526476 -124.267076
40.526081 -124.267148
40.525657 -124.267179
40.524948 -124.266908
40.524238 -124.266716
40.523194 -124.266657
40.522800 -124.266649
40.522530 -124.266426
40.522334 -124.266382
40.521896 -124.266255
40.521718 -124.265934
40.521524 -124.265692
40.521075 -124.265188
40.520668 -124.264982
40.520215 -124.264854
40.519930 -124.264591
40.519463 -124.264423
40.518853 -124.263888
40.518128 -124.265034
40.517786 -124.265517
40.517321 -124.266170
40.517220 -124.266312
40.517064 -124.266528
40.516989 -124.266764
40.516987 -124.266984
40.517033 -124.267222
40.517055 -124.267396
40.517062 -124.267806
40.517034 -124.268279
40.517019 -124.268468
40.517076 -124.268800
40.517060 -124.269099
40.516730 -124.269566
40.516185 -124.269856
40.515988 -124.269986
40.515906 -124.270040
40.515611 -124.270618
40.515572 -124.270783
40.515382 -124.271595
40.515346 -124.271749
40.515145 -124.272439
40.515138 -124.273133
40.515249 -124.273924
40.515402 -124.274274
40.515413 -124.274360
40.515457 -124.274716
40.515387 -124.275073
40.515355 -124.275235
40.515130 -124.276004
40.514929 -124.276788
40.514647 -124.277288
40.514484 -124.277790
40.514409 -124.278119
40.514351 -124.278486
40.514318 -124.278701
40.514145 -124.279124
40.513948 -124.279467
40.513477 -124.279859
40.513280 -124.280022
40.512709 -124.280516
40.512025 -124.281355
40.511694 -124.281869
40.511455 -124.282795
40.511461 -124.283379
40.511478 -124.283994
40.511426 -124.284053
40.511381 -124.284103
40.511285 -124.284022
40.511261 -124.283998
40.510928 -124.283668
40.510627 -124.283647
40.510000 -124.283761
40.509906 -124.283831
40.509442 -124.284176
40.508837 -124.284433
40.508235 -124.284421
40.507526 -124.284361
40.507152 -124.284401
40.506611 -124.284312
40.506136 -124.283766
40.505981 -124.283621
40.505442 -124.283375
40.504589 -124.283169
40.504155 -124.283240
40.503735 -124.283137
40.503471 -124.283053
40.503086 -124.283030
40.502628 -124.283116
40.502143 -124.283375
40.501650 -124.283365
40.501158 -124.283200
40.501159 -124.282110
40.501160 -124.281968
40.501133 -124.281148
40.501081 -124.280390
40.501043 -124.280136
40.500991 -124.279789
40.500941 -124.278905
40.501159 -124.277710
40.501188 -124.277206
40.501239 -124.275851
40.501219 -124.274431
40.501041 -124.273103
40.501020 -124.272980
40.500837 -124.271916
40.500397 -124.270362
40.500335 -124.270231
40.500232 -124.270012
40.500057 -124.269552
40.499940 -124.269250
40.499897 -124.268729
40.499874 -124.267530
40.499811 -124.266677
40.499747 -124.265934
40.499429 -124.265345
40.499201 -124.264174
40.499196 -124.263578
40.499196 -124.263527
40.499173 -124.263441
40.498930 -124.262529
40.498887 -124.262402
40.498615 -124.261592
40.497908 -124.260223
40.497671 -124.258704
40.497522 -124.258071
40.497474 -124.257860
40.497407 -124.257564
40.497238 -124.256473
40.497317 -124.255907
40.497585 -124.255565
40.497877 -124.255302
40.497949 -124.254888
40.498031 -124.254422
40.498026 -124.253728
40.497875 -124.252164
40.497741 -124.251523
40.497680 -124.251230
40.497442 -124.249885
40.497125 -124.248021
40.497114 -124.247955
40.496684 -124.246496
40.496582 -124.245911
40.496465 -124.245640
40.496262 -124.245416
40.496221 -124.244800
40.496141 -124.244357
40.496055 -124.244158
40.495839 -124.243659
40.495824 -124.243626
40.494954 -124.241686
40.494471 -124.240731
40.494199 -124.240284
40.493887 -124.240137
40.493458 -124.239750
40.493256 -124.239494
40.493063 -124.239570
40.492854 -124.239944
40.492517 -124.239985
40.492413 -124.239965
40.491904 -124.239864
40.491281 -124.239616
40.491069 -124.239186
40.490966 -124.238664
40.490832 -124.238288
40.490802 -124.238204
40.490677 -124.238012
40.490009 -124.236991
40.489187 -124.236108
40.488469 -124.235780
40.487869 -124.235564
40.487645 -124.235134
40.487601 -124.234707
40.486798 -124.232864
40.486708 -124.232657
40.486234 -124.232054
40.486076 -124.231853
40.485437 -124.231041
40.485248 -124.230738
40.485163 -124.230665
40.484651 -124.230223
40.484412 -124.230108
40.483737 -124.230175
40.483448 -124.230185
40.482254 -124.230400
40.482075 -124.230255
40.481887 -124.229778
40.481199 -124.228836
40.480308 -124.227700
40.480014 -124.227017
40.479661 -124.226317
40.479391 -124.225649
40.479050 -124.224902
40.478720 -124.224171
40.478643 -124.223555
40.478383 -124.223093
40.478102 -124.222331
40.477653 -124.221519
40.477339 -124.220441
40.476810 -124.219297
40.476315 -124.218780
40.476119 -124.218575
40.474806 -124.217712
40.474132 -124.217482
40.473390 -124.217122
40.472467 -124.216743
40.471662 -124.216539
40.471242 -124.216421
40.470091 -124.216007
40.469732 -124.215748
40.469339 -124.215362
40.468748 -124.214280
40.468016 -124.212927
40.467865 -124.212420
40.467530 -124.212209
40.467049 -124.212169
40.466175 -124.211727
40.465540 -124.211385
40.464869 -124.211121
40.463649 -124.210326
40.463284 -124.209563
40.463255 -124.209510
40.462835 -124.208736
40.462230 -124.207889
40.461632 -124.206413
40.461359 -124.205982
40.460867 -124.205879
40.460169 -124.205851
40.459493 -124.206012
40.459109 -124.206005
40.458915 -124.206002
40.458330 -124.205534
40.458033 -124.205151
40.457947 -124.204796
40.457768 -124.204059
40.457710 -124.203821
40.457448 -124.203580
40.457053 -124.203352
40.456930 -124.203319
40.456741 -124.203268
40.456658 -124.203093
40.456559 -124.202193
40.456299 -124.200612
40.456212 -124.199728
40.456159 -124.199018
40.456182 -124.197931
40.456314 -124.196846
40.456325 -124.195759
40.456263 -124.194749
40.456328 -124.193111
40.456370 -124.192941
40.456441 -124.192656
40.456432 -124.192388
40.456317 -124.192310
40.456121 -124.192178
40.455571 -124.191837
40.454911 -124.191605
40.454255 -124.191073
40.453828 -124.190388
40.453258 -124.188518
40.452458 -124.186660
40.452191 -124.185745
40.452051 -124.185266
40.451601 -124.184517
40.451286 -124.184152
40.450816 -124.183605
40.450090 -124.182821
40.449740 -124.181711
40.449545 -124.180731
40.449281 -124.179481
40.449278 -124.178599
40.449545 -124.177248
40.449787 -124.174700
40.450513 -124.172002
40.450667 -124.170996
40.450678 -124.169940
40.450987 -124.169142
40.451341 -124.168644
40.451717 -124.168414
40.451862 -124.168337
40.451888 -124.168133
40.451696 -124.168082
40.451193 -124.167944
40.450580 -124.167732
40.450042 -124.167408
40.449303 -124.166670
40.448229 -124.165659
40.447526 -124.164953
40.447092 -124.163795
40.446829 -124.162483
40.446827 -124.161490
40.446932 -124.160609
40.446951 -124.160572
40.447386 -124.159719
40.447690 -124.159441
40.447985 -124.158863
40.448161 -124.158062
40.448197 -124.156865
40.448185 -124.155730
40.447802 -124.154274
40.447545 -124.152252
40.447476 -124.150770
40.447450 -124.149949
40.447411 -124.148752
40.447400 -124.147475
40.447182 -124.146447
40.447126 -124.145989
40.447131 -124.145485
40.447186 -124.144745
40.447425 -124.143788
40.447740 -124.143358
40.446964 -124.141821
40.446498 -124.141216
40.446156 -124.140654
40.445685 -124.139968
40.445465 -124.139428
40.445320 -124.138686
40.444975 -124.137972
40.444490 -124.137417
40.443721 -124.136762
40.441865 -124.135480
40.441086 -124.135012
40.440018 -124.134272
40.439363 -124.133981
40.438762 -124.133912
40.438705 -124.133905
40.438538 -124.133764
40.438264 -124.133532
40.437513 -124.133061
40.436999 -124.132632
40.436543 -124.132560
40.436198 -124.132473
40.436122 -124.132479
40.435852 -124.132500
40.435544 -124.132462
40.435174 -124.132424
40.434902 -124.132419
40.434544 -124.132365
40.433569 -124.132316
40.432705 -124.132334
40.432038 -124.132371
40.431555 -124.132541
40.431083 -124.132727
40.430688 -124.132785
40.430243 -124.132777
40.429441 -124.132732
40.428653 -124.132476
40.428369 -124.132471
40.428061 -124.132466
40.427692 -124.132347
40.427187 -124.132128
40.427090 -124.131965
40.426741 -124.131087
40.426681 -124.130935
40.426536 -124.130566
40.426427 -124.130306
40.426181 -124.130253
40.426092 -124.130227
40.425775 -124.130133
40.425603 -124.130034
40.425322 -124.129690
40.425113 -124.129401
40.424920 -124.129134
40.424480 -124.128722
40.423944 -124.128122
40.423315 -124.127511
40.423294 -124.127491
40.422654 -124.127146
40.422249 -124.126989
40.421928 -124.126999
40.421756 -124.126932
40.421758 -124.126706
40.421559 -124.126030
40.421519 -124.125894
40.421253 -124.125340
40.420800 -124.124864
40.420572 -124.124690
40.420519 -124.124649
40.419845 -124.124089
40.419551 -124.123809
40.419236 -124.123222
40.418849 -124.122327
40.418473 -124.121626
40.418463 -124.121582
40.418307 -124.120945
40.418187 -124.120620
40.417904 -124.120551
40.417571 -124.120464
40.417313 -124.120379
40.417303 -124.120105
40.417481 -124.119526
40.417709 -124.118916
40.417936 -124.118599
40.417972 -124.118549
40.418211 -124.118165
40.418559 -124.117880
40.418746 -124.117721
40.418959 -124.117386
40.419108 -124.117248
40.419183 -124.117179
40.419359 -124.116859
40.419420 -124.116446
40.419465 -124.116134
40.419756 -124.115460
40.420347 -124.114290
40.421436 -124.112774
40.421650 -124.112373
40.421668 -124.111792
40.421603 -124.110773
40.421670 -124.110305
40.421970 -124.109923
40.422383 -124.109364
40.422548 -124.108866
40.422641 -124.108205
40.423067 -124.107485
40.423271 -124.106874
40.423351 -124.106213
40.423002 -124.105254
40.422262 -124.103901
40.422171 -124.103124
40.421826 -124.101697
40.421783 -124.101033
40.421930 -124.099873
40.422135 -124.099133
40.422203 -124.098423
40.422257 -124.097955
40.422314 -124.097844
40.422446 -124.097587
40.422447 -124.097441
40.422391 -124.097374
40.422215 -124.097163
40.421946 -124.096884
40.421753 -124.096412
40.421425 -124.095825
40.421232 -124.095402
40.420760 -124.094377
40.420556 -124.093711
40.420542 -124.093607
40.420406 -124.092610
40.420219 -124.091460
40.420106 -124.090327
40.419989 -124.089679
40.419771 -124.089223
40.419543 -124.088655
40.419516 -124.088556
40.419411 -124.088167
40.419375 -124.087799
40.419332 -124.087358
40.419303 -124.086453
40.419359 -124.085791
40.419549 -124.085293
40.419796 -124.084968
40.419924 -124.084799
40.420038 -124.084526
40.420102 -124.084236
40.420056 -124.083864
40.419872 -124.083626
40.419761 -124.083483
40.419727 -124.083438
40.419422 -124.082997
40.419008 -124.082344
40.418579 -124.082047
40.418164 -124.081507
40.417714 -124.080821
40.417568 -124.080597
40.417385 -124.080315
40.417413 -124.080009
40.417410 -124.079916
40.417404 -124.079653
40.417409 -124.079055
40.417318 -124.078533
40.417257 -124.078181
40.417315 -124.077380
40.417334 -124.077127
40.417356 -124.076825
40.417393 -124.076653
40.417472 -124.076278
40.417538 -124.075794
40.417504 -124.075567
40.417247 -124.075272
40.417042 -124.075168
40.416759 -124.075051
40.416347 -124.074864
40.415926 -124.074496
40.415850 -124.074430
40.415543 -124.074278
40.415438 -124.074226
40.415230 -124.074255
40.414950 -124.074153
40.414677 -124.073936
40.414231 -124.073289
40.413983 -124.073039
40.413421 -124.072709
40.413036 -124.072483
40.412612 -124.072247
40.412086 -124.072140
40.411573 -124.072132
40.411061 -124.071861
40.410890 -124.071714
40.410652 -124.071379
40.410517 -124.071224
40.410218 -124.070881
40.409946 -124.070516
40.409660 -124.070216
40.409375 -124.069916
40.409127 -124.069600
40.409018 -124.069157
40.408989 -124.068905
40.408932 -124.068411
40.408926 -124.068352
40.408899 -124.068291
40.408729 -124.067906
40.408481 -124.067640
40.407820 -124.067252
40.407690 -124.067140
40.407199 -124.066718
40.406439 -124.066181
40.406339 -124.066127
40.406190 -124.066046
40.406103 -124.065897
40.406056 -124.065634
40.406084 -124.065262
40.406098 -124.065077
40.406115 -124.064618
40.406070 -124.064109
40.405920 -124.063838
40.405786 -124.063597
40.405626 -124.063315
40.405555 -124.063059
40.405395 -124.062476
40.405028 -124.061585
40.404571 -124.060758
40.404475 -124.060558
40.404436 -124.060477
40.404398 -124.060319
40.404243 -124.059671
40.404248 -124.059130
40.404219 -124.058227
40.404112 -124.057554
40.404114 -124.057331
40.404116 -124.057127
40.404025 -124.056126
40.404058 -124.055328
40.404104 -124.054357
40.403919 -124.053927
40.403671 -124.053727
40.403570 -124.053707
40.403395 -124.053673
40.403204 -124.053553
40.403046 -124.053455
40.402614 -124.052759
40.402219 -124.052114
40.401825 -124.051370
40.401578 -124.050907
40.401395 -124.050413
40.401275 -124.049949
40.401237 -124.049804
40.401052 -124.049473
40.400704 -124.049238
40.400443 -124.048922
40.400208 -124.048558
40.400047 -124.048408
40.399721 -124.048403
40.399508 -124.048416
40.399460 -124.048202
40.399562 -124.047925
40.399756 -124.047305
40.399834 -124.046946
40.399868 -124.046891
40.400076 -124.046556
40.400179 -124.046246
40.400131 -124.046081
40.399932 -124.045865
40.399500 -124.045714
40.399395 -124.045677
40.398981 -124.045670
40.398657 -124.045501
40.398421 -124.045284
40.398161 -124.044953
40.397851 -124.044538
40.397543 -124.043992
40.397208 -124.043561
40.396511 -124.042976
40.396165 -124.042528
40.395929 -124.042213
40.395631 -124.041897
40.395459 -124.041567
40.395143 -124.041183
40.395050 -124.041069
40.394963 -124.041027
40.394700 -124.040899
40.394356 -124.040798
40.394288 -124.040778
40.394254 -124.040789
40.393986 -124.040872
40.393621 -124.041047
40.393257 -124.041156
40.392831 -124.041117
40.391731 -124.040821
40.391168 -124.040632
40.390918 -124.040628
40.390615 -124.040804
40.390501 -124.041031
40.390234 -124.041437
40.389944 -124.041597
40.389794 -124.041594
40.389742 -124.041591
40.389443 -124.041572
40.389179 -124.041683
40.389026 -124.041810
40.388888 -124.041925
40.388546 -124.042345
40.388278 -124.042882
40.387824 -124.043252
40.387521 -124.043444
40.387245 -124.043440
40.386807 -124.043417
40.386604 -124.043404
40.385959 -124.043363
40.385429 -124.043330
40.385001 -124.043320
40.384888 -124.043675
40.384793 -124.044074
40.384651 -124.044552
40.384646 -124.045052
40.384646 -124.045112
40.384459 -124.045490
40.384089 -124.045724
40.383663 -124.045846
40.383490 -124.045895
40.382984 -124.046008
40.382417 -124.046139
40.382033 -124.046193
40.381818 -124.046350
40.381798 -124.046383
40.381631 -124.046667
40.381397 -124.047014
40.381336 -124.047103
40.380997 -124.047338
40.380770 -124.047442
40.380490 -124.047570
40.380181 -124.047827
40.380039 -124.048304
40.379973 -124.048904
40.379954 -124.049304
40.379878 -124.049409
40.379768 -124.049561
40.379521 -124.049717
40.379030 -124.049890
40.378508 -124.050022
40.377724 -124.050390
40.377382 -124.050659
40.377200 -124.050802
40.376645 -124.051254
40.375829 -124.051682
40.375339 -124.051734
40.374622 -124.051463
40.373861 -124.050911
40.373071 -124.050289
40.372980 -124.050216
40.372870 -124.050181
40.372522 -124.050069
40.372454 -124.050068
40.372170 -124.050064
40.371603 -124.050095
40.370621 -124.050380
40.370359 -124.050536
40.370068 -124.050572
40.369978 -124.050543
40.369951 -124.050535
40.369533 -124.050403
40.369230 -124.050078
40.368760 -124.049590
40.368410 -124.049325
40.367862 -124.049076
40.367510 -124.049051
40.367006 -124.048843
40.366228 -124.048610
40.365544 -124.048540
40.365518 -124.048548
40.364940 -124.048771
40.364600 -124.048752
40.364420 -124.048743
40.364259 -124.048804
40.363867 -124.048954
40.363174 -124.049364
40.362746 -124.049357
40.361967 -124.049105
40.360823 -124.048627
40.359830 -124.048451
40.358863 -124.048737
40.358261 -124.049268
40.358029 -124.049564
40.357432 -124.049972
40.357258 -124.050132
40.357240 -124.050334
40.357224 -124.050512
40.357236 -124.050873
40.357216 -124.051353
40.357106 -124.051671
40.356828 -124.051907
40.356794 -124.052347
40.356684 -124.052625
40.356513 -124.052963
40.356280 -124.053319
40.356140 -124.053577
40.356229 -124.053879
40.356593 -124.054245
40.357170 -124.054714
40.357945 -124.055406
40.358171 -124.055730
40.358395 -124.056374
40.358514 -124.056736
40.358587 -124.057137
40.358577 -124.057373
40.358568 -124.057597
40.358472 -124.058016
40.358451 -124.058596
40.358446 -124.059196
40.358638 -124.059960
40.358677 -124.060721
40.358780 -124.061123
40.358775 -124.061683
40.358659 -124.061968
40.358525 -124.062300
40.358213 -124.062935
40.357685 -124.063727
40.357328 -124.064282
40.357018 -124.064677
40.356999 -124.065057
40.357055 -124.065619
40.357234 -124.066102
40.357474 -124.066646
40.357514 -124.066717
40.357655 -124.066969
40.357803 -124.067531
40.357873 -124.068273
40.357867 -124.068833
40.357906 -124.069594
40.357902 -124.070035
40.357728 -124.070632
40.357387 -124.071087
40.357177 -124.071279
40.356885 -124.071544
40.356739 -124.071677
40.356520 -124.071785
40.356385 -124.071852
40.356349 -124.071935
40.356229 -124.072209
40.356143 -124.072637
40.356132 -124.072688
40.356115 -124.072968
40.356355 -124.073472
40.356524 -124.073851
40.356625 -124.074077
40.356592 -124.074276
40.356452 -124.074494
40.356143 -124.074890
40.355817 -124.075305
40.355416 -124.075678
40.354875 -124.076170
40.354656 -124.076747
40.354406 -124.077243
40.354096 -124.077639
40.353742 -124.077873
40.353499 -124.078116
40.353309 -124.078306
40.352876 -124.078780
40.352504 -124.079254
40.352271 -124.079631
40.352259 -124.079683
40.352191 -124.079969
40.352037 -124.080067
40.351793 -124.080003
40.351426 -124.079937
40.351121 -124.079872
40.350602 -124.079724
40.350117 -124.079743
40.349882 -124.079753
40.349206 -124.079962
40.349083 -124.080019
40.348829 -124.080138
40.348791 -124.080155
40.348469 -124.080190
40.348192 -124.080386
40.347899 -124.080641
40.347450 -124.081174
40.347355 -124.081513
40.347327 -124.081550
40.347014 -124.081968
40.346704 -124.082363
40.346212 -124.082515
40.345752 -124.082628
40.345322 -124.082821
40.344786 -124.082833
40.344088 -124.082447
40.344039 -124.082420
40.343837 -124.082348
40.343688 -124.082295
40.343138 -124.082226
40.342924 -124.082204
40.342465 -124.082155
40.341412 -124.081665
40.341352 -124.081637
40.340698 -124.081309
40.340240 -124.081019
40.339869 -124.080578
40.339832 -124.080533
40.339534 -124.080297
40.339239 -124.080063
40.338647 -124.079494
40.337856 -124.079021
40.337415 -124.078634
40.337039 -124.077887
40.336388 -124.077137
40.335461 -124.076442
40.334696 -124.076330
40.334437 -124.076185
40.333984 -124.075598
40.333197 -124.074605
40.331966 -124.073546
40.331418 -124.072707
40.331106 -124.072232
40.330624 -124.071736
40.330196 -124.071297
40.329952 -124.071065
40.329726 -124.070850
40.329620 -124.070791
40.328599 -124.070227
40.328309 -124.070067
40.328183 -124.070060
40.327820 -124.070039
40.327392 -124.069953
40.326812 -124.069723
40.326105 -124.069396
40.325609 -124.069084
40.325141 -124.068943
40.324826 -124.068848
40.324760 -124.068832
40.324294 -124.068904
40.323619 -124.069053
40.323341 -124.069249
40.322974 -124.069283
40.322824 -124.068940
40.322717 -124.068652
40.322614 -124.068377
40.322051 -124.068008
40.321885 -124.068036
40.321566 -124.068091
40.321515 -124.068100
40.321461 -124.068139
40.321083 -124.068413
40.320469 -124.068583
40.319901 -124.068774
40.319378 -124.069066
40.319070 -124.069221
40.318885 -124.069358
40.318704 -124.069075
40.318543 -124.068879
40.318371 -124.068670
40.318212 -124.068614
40.317960 -124.068524
40.316399 -124.068319
40.316095 -124.068239
40.315193 -124.068000
40.314459 -124.067948
40.313478 -124.068073
40.312804 -124.068102
40.312361 -124.067935
40.311874 -124.067688
40.311532 -124.067596
40.311245 -124.067520
40.311080 -124.067475
40.310499 -124.067366
40.309933 -124.067337
40.309503 -124.067390
40.309434 -124.067436
40.309180 -124.067605
40.309102 -124.067724
40.309097 -124.068284
40.309046 -124.068500
40.308970 -124.068822
40.308816 -124.068919
40.308558 -124.068595
40.308228 -124.067950
40.307892 -124.067676
40.307605 -124.067441
40.307225 -124.067155
40.306973 -124.066909
40.306724 -124.066667
40.306533 -124.066190
40.306410 -124.065882
40.306033 -124.065256
40.305461 -124.064127
40.305418 -124.063987
40.305119 -124.063022
40.304901 -124.062768
40.304771 -124.062617
40.304345 -124.062350
40.303868 -124.062543
40.303818 -124.062566
40.303576 -124.062678
40.303350 -124.062642
40.303163 -124.062612
40.302752 -124.062662
40.302581 -124.062682
40.302167 -124.062716
40.301739 -124.062709
40.301634 -124.062466
40.301514 -124.062186
40.301059 -124.061679
40.300956 -124.061329
40.300851 -124.060976
40.300727 -124.059534
40.300721 -124.058863
40.300719 -124.058694
40.300633 -124.058204
40.300588 -124.057952
40.300520 -124.057794
40.300483 -124.057711
40.300416 -124.057710
40.299871 -124.057701
40.298632 -124.057602
40.297899 -124.057431
40.297087 -124.057458
40.296550 -124.057589
40.296134 -124.057923
40.295362 -124.058611
40.295085 -124.058746
40.294673 -124.058540
40.294279 -124.058134
40.293928 -124.057988
40.293576 -124.058003
40.293236 -124.058318
40.292804 -124.058731
40.292342 -124.058983
40.292005 -124.059038
40.291699 -124.059033
40.291624 -124.058912
40.291581 -124.058592
40.291517 -124.058317
40.291492 -124.058210
40.291144 -124.057765
40.290568 -124.057176
40.290187 -124.056970
40.290019 -124.057063
40.289941 -124.057107
40.289711 -124.057083
40.289494 -124.056720
40.289410 -124.056579
40.289126 -124.056358
40.288938 -124.056213
40.288726 -124.056048
40.288539 -124.055974
40.288360 -124.055902
40.288162 -124.055759
40.287923 -124.055136
40.287838 -124.054791
40.287743 -124.054653
40.287686 -124.054649
40.287391 -124.054628
40.286961 -124.054504
40.286658 -124.054417
40.286368 -124.054332
40.285158 -124.054433
40.284651 -124.054645
40.284252 -124.054759
40.283910 -124.055114
40.283664 -124.055370
40.282998 -124.056279
40.282543 -124.056752
40.282297 -124.055848
40.281957 -124.055355
40.280813 -124.054166
40.280700 -124.054062
40.279917 -124.053332
40.279458 -124.053285
40.279427 -124.053294
40.278967 -124.053418
40.278568 -124.053511
40.278217 -124.053366
40.277898 -124.053101
40.277213 -124.052691
40.276944 -124.051947
40.276816 -124.050886
40.276701 -124.050044
40.276596 -124.049675
40.276553 -124.049522
40.276194 -124.048577
40.276052 -124.048230
40.275849 -124.047733
40.275748 -124.047131
40.275881 -124.045954
40.275978 -124.045416
40.276002 -124.045276
40.276058 -124.044958
40.276046 -124.044618
40.275801 -124.044136
40.275595 -124.043731
40.275279 -124.043107
40.275054 -124.042603
40.274874 -124.042328
40.274836 -124.042277
40.274385 -124.042034
40.274005 -124.041728
40.273809 -124.041465
40.273310 -124.040738
40.273065 -124.040230
40.272979 -124.040053
40.272802 -124.039737
40.272437 -124.039086
40.272196 -124.038622
40.271970 -124.038279
40.271668 -124.037755
40.271562 -124.037613
40.271573 -124.037482
40.271614 -124.036994
40.271481 -124.036453
40.271119 -124.035768
40.270759 -124.035003
40.270640 -124.034561
40.270520 -124.034237
40.269973 -124.033697
40.269806 -124.033649
40.269270 -124.033701
40.268381 -124.033787
40.267407 -124.033233
40.266680 -124.032322
40.266272 -124.031677
40.266238 -124.030897
40.266234 -124.030817
40.266133 -124.030076
40.265978 -124.029808
40.265772 -124.029451
40.265373 -124.028726
40.265184 -124.028383
40.264760 -124.027897
40.264134 -124.027435
40.263071 -124.026652
40.262469 -124.025544
40.262045 -124.024958
40.260982 -124.024043
40.260711 -124.023499
40.260053 -124.021750
40.259877 -124.020888
40.259639 -124.020046
40.259387 -124.019163
40.259313 -124.018822
40.259391 -124.018779
40.259529 -124.018705
40.260114 -124.018274
40.260562 -124.017801
40.260982 -124.017028
40.261247 -124.016493
40.261852 -124.015662
40.262240 -124.015009
40.262429 -124.014392
40.262574 -124.013595
40.262560 -124.013144
40.262538 -124.012455
40.262366 -124.011094
40.262320 -124.010199
40.262314 -124.010074
40.262272 -124.009975
40.261864 -124.009008
40.261677 -124.008610
40.261578 -124.008402
40.261248 -124.007700
40.261268 -124.007141
40.261366 -124.006423
40.261307 -124.006162
40.261034 -124.005878
40.260458 -124.005250
40.260068 -124.004616
40.259975 -124.004464
40.259656 -124.004311
40.259029 -124.004010
40.258802 -124.003767
40.258832 -124.003571
40.258899 -124.003129
40.258871 -124.002849
40.258844 -124.002771
40.258617 -124.002126
40.258178 -124.001580
40.257968 -124.001077
40.258004 -124.000739
40.258018 -124.000618
40.257809 -123.999996
40.257597 -123.999633
40.257216 -123.999467
40.256772 -123.999461
40.256501 -123.999389
40.256451 -123.999376
40.256410 -123.999300
40.256332 -123.999154
40.256256 -123.999014
40.256306 -123.998495
40.256728 -123.997462
40.257072 -123.996648
40.257368 -123.996112
40.257596 -123.995533
40.257649 -123.995397
40.257750 -123.994894
40.257809 -123.994600
40.258139 -123.993666
40.258343 -123.993343
40.258403 -123.993250
40.258404 -123.993090
40.258344 -123.993014
40.258131 -123.992747
40.257872 -123.992561
40.257675 -123.992420
40.257582 -123.992373
40.257309 -123.992235
40.257004 -123.992071
40.256838 -123.991512
40.256766 -123.991268
40.256298 -123.990542
40.255874 -123.989996
40.255820 -123.989885
40.255648 -123.989533
40.255229 -123.988448
40.255202 -123.988028
40.255147 -123.987208
40.255152 -123.986728
40.255208 -123.986276
40.254656 -123.986208
40.254489 -123.986199
40.254012 -123.986173
40.253396 -123.986358
40.252970 -123.986615
40.252764 -123.986779
40.252563 -123.986871
40.252057 -123.986983
40.251628 -123.987017
40.250921 -123.986975
40.250725 -123.986964
40.250434 -123.986980
40.250157 -123.987135
40.250069 -123.987175
40.249896 -123.987251
40.249621 -123.987208
40.249223 -123.987162
40.248717 -123.987314
40.248121 -123.987676
40.247978 -123.987763
40.247900 -123.987922
40.247822 -123.988080
40.247467 -123.988415
40.247237 -123.988511
40.246823 -123.988565
40.246148 -123.988755
40.245866 -123.988856
40.245821 -123.988883
40.245778 -123.989030
40.245786 -123.989869
40.245869 -123.990869
40.245860 -123.991908
40.245747 -123.992606
40.245496 -123.993321
40.245001 -123.993973
40.244629 -123.994407
40.243986 -123.994478
40.243435 -123.994430
40.243306 -123.994412
40.242303 -123.994273
40.241617 -123.993964
40.241223 -123.993558
40.240476 -123.993108
40.240307 -123.993042
40.240156 -123.992983
40.239729 -123.992797
40.239315 -123.992811
40.238826 -123.992704
40.238537 -123.992580
40.238312 -123.992423
40.238187 -123.992335
40.238019 -123.992193
40.237790 -123.992130
40.237515 -123.992106
40.237300 -123.992202
40.237210 -123.992260
40.237023 -123.992378
40.236701 -123.992433
40.236364 -123.992389
40.235829 -123.992301
40.235549 -123.992117
40.235175 -123.991872
40.234398 -123.991341
40.233987 -123.991115
40.233377 -123.990807
40.232689 -123.990717
40.232520 -123.990722
40.232230 -123.990730
40.231692 -123.990962
40.230968 -123.991491
40.230566 -123.991904
40.229568 -123.992269
40.228633 -123.992356
40.227962 -123.992086
40.227874 -123.992035
40.227382 -123.991750
40.227185 -123.991635
40.226925 -123.991552
40.226637 -123.991288
40.226604 -123.991210
40.226562 -123.991107
40.226379 -123.991044
40.226133 -123.991061
40.225854 -123.991386
40.225778 -123.991475
40.225098 -123.992204
40.225034 -123.992483
40.224741 -123.992758
40.224602 -123.992851
40.224449 -123.992954
40.224388 -123.993084
40.224293 -123.993291
40.224076 -123.993547
40.223830 -123.993644
40.223748 -123.993651
40.223266 -123.993696
40.223083 -123.993353
40.222750 -123.992809
40.222312 -123.992183
40.222176 -123.991942
40.221890 -123.991438
40.221571 -123.991074
40.221482 -123.990797
40.221422 -123.990613
40.221243 -123.990111
40.220940 -123.989707
40.220775 -123.989285
40.220792 -123.989086
40.220994 -123.988729
40.221151 -123.988312
40.221356 -123.987616
40.221453 -123.987038
40.221425 -123.986638
40.221245 -123.986256
40.221014 -123.986013
40.220957 -123.985952
40.220791 -123.985571
40.220786 -123.985481
40.220778 -123.985331
40.220644 -123.984929
40.220646 -123.984650
40.220726 -123.984232
40.220804 -123.984033
40.220655 -123.983651
40.220110 -123.982885
40.219782 -123.982560
40.219700 -123.982479
40.219306 -123.982014
40.219288 -123.981981
40.218899 -123.981249
40.218876 -123.981110
40.218797 -123.980629
40.218512 -123.979906
40.218121 -123.979101
40.218040 -123.978861
40.217613 -123.977596
40.217513 -123.976979
40.217395 -123.976255
40.217220 -123.975254
40.216830 -123.974270
40.216469 -123.973546
40.216205 -123.973072
40.216031 -123.972761
40.215972 -123.972540
40.216177 -123.971844
40.216365 -123.971287
40.216676 -123.970693
40.216879 -123.970236
40.217144 -123.969661
40.217361 -123.969345
40.217688 -123.969167
40.217900 -123.969053
40.218039 -123.968855
40.218180 -123.968438
40.218278 -123.967760
40.218700 -123.966688
40.218811 -123.966230
40.218786 -123.965550
40.218731 -123.964871
40.218886 -123.964553
40.219026 -123.964296
40.219121 -123.963997
40.219172 -123.963359
40.219161 -123.962800
40.219134 -123.962400
40.219168 -123.961941
40.219049 -123.961540
40.218821 -123.961337
40.218737 -123.961224
40.218715 -123.961196
40.218736 -123.961161
40.218808 -123.961037
40.219133 -123.960722
40.219318 -123.960465
40.219490 -123.960088
40.219723 -123.959652
40.219756 -123.959393
40.219622 -123.958972
40.219519 -123.958451
40.219498 -123.958354
40.219445 -123.958110
40.219478 -123.957955
40.219541 -123.957652
40.219651 -123.957314
40.219775 -123.957057
40.219994 -123.956560
40.220119 -123.956282
40.220261 -123.955765
40.220419 -123.955128
40.220361 -123.954768
40.219920 -123.954322
40.219876 -123.954249
40.219588 -123.953779
40.219317 -123.952945
40.219170 -123.952495
40.218763 -123.951710
40.218421 -123.950487
40.218303 -123.949946
40.218032 -123.949423
40.218126 -123.949105
40.218220 -123.948847
40.218330 -123.948548
40.218287 -123.948188
40.218245 -123.947728
40.218211 -123.947540
40.218173 -123.947326
40.218127 -123.947068
40.218073 -123.946972
40.218056 -123.946940
40.217856 -123.946585
40.217614 -123.946182
40.217278 -123.946117
40.216652 -123.945949
40.216362 -123.945785
40.216184 -123.945104
40.216037 -123.944303
40.215983 -123.944112
40.215918 -123.943882
40.215921 -123.943522
40.215924 -123.943215
40.215926 -123.942963
40.215928 -123.942724
40.215777 -123.942382
40.215629 -123.941821
40.215418 -123.941438
40.215222 -123.941016
40.214842 -123.940632
40.214523 -123.940388
40.213883 -123.940019
40.213413 -123.939494
40.212789 -123.938966
40.212331 -123.938820
40.211898 -123.938728
40.211841 -123.938715
40.211628 -123.938670
40.211478 -123.938656
40.211267 -123.938636
40.211139 -123.938623
40.211116 -123.938639
40.210908 -123.938780
40.210540 -123.938755
40.210035 -123.938728
40.209777 -123.938525
40.209107 -123.938056
40.208778 -123.937888
40.208467 -123.937728
40.208009 -123.937522
40.207792 -123.937383
40.207659 -123.937298
40.207144 -123.936552
40.206758 -123.936204
40.206352 -123.936022
40.205324 -123.936065
40.205280 -123.936067
40.204830 -123.935936
40.204244 -123.935533
40.203890 -123.935417
40.203801 -123.935387
40.202702 -123.934846
40.202550 -123.934771
40.201008 -123.934251
40.200564 -123.934265
40.200135 -123.934319
40.199832 -123.934354
40.199369 -123.934328
40.199004 -123.934124
40.198333 -123.933735
40.197847 -123.933269
40.197546 -123.932988
40.197391 -123.932844
40.196523 -123.932293
40.196098 -123.932007
40.195627 -123.931382
40.195293 -123.931098
40.195064 -123.930915
40.195032 -123.930925
40.194840 -123.930981
40.194803 -123.930991
40.194780 -123.931037
40.194555 -123.931467
40.194336 -123.931963
40.193934 -123.932517
40.193267 -123.933606
40.192771 -123.934318
40.192369 -123.934871
40.191520 -123.935658
40.191305 -123.935775
40.191046 -123.935631
40.190910 -123.935509
40.190575 -123.935206
40.190178 -123.935041
40.189852 -123.934901
40.189171 -123.934608
40.188950 -123.934492
40.188622 -123.934321
40.188458 -123.934318
40.188270 -123.934316
40.187903 -123.934311
40.187259 -123.934382
40.186601 -123.934353
40.185594 -123.933641
40.185535 -123.933599
40.185065 -123.933114
40.184792 -123.932908
40.184608 -123.932768
40.184227 -123.932544
40.183647 -123.932356
40.183051 -123.932268
40.182622 -123.932262
40.181641 -123.932348
40.181168 -123.932222
40.180955 -123.931980
40.180920 -123.931904
40.180760 -123.931558
40.180424 -123.931474
40.180237 -123.931457
40.180164 -123.931450
40.179723 -123.931025
40.179359 -123.930695
40.179298 -123.930640
40.179223 -123.930617
40.178274 -123.930326
40.177007 -123.929930
40.176964 -123.929510
40.176979 -123.929457
40.177138 -123.928874
40.177386 -123.928418
40.177574 -123.927922
40.177596 -123.927104
40.177344 -123.926082
40.177148 -123.925641
40.176887 -123.925449
40.176844 -123.925417
40.176764 -123.925320
40.176480 -123.924973
40.175947 -123.924606
40.175603 -123.924469
40.175169 -123.924296
40.174833 -123.924192
40.174378 -123.923863
40.174102 -123.923663
40.173876 -123.923281
40.173679 -123.922999
40.173481 -123.922896
40.173451 -123.923018
40.173417 -123.923155
40.173309 -123.923333
40.173046 -123.923589
40.172815 -123.923825
40.172399 -123.924099
40.172047 -123.924114
40.171848 -123.924072
40.171527 -123.923690
40.171014 -123.923083
40.170636 -123.922539
40.169945 -123.922118
40.169798 -123.922028
40.169264 -123.921722
40.168731 -123.921475
40.168657 -123.921155
40.168613 -123.920980
40.168568 -123.920794
40.168253 -123.920505
40.167669 -123.920203
40.167489 -123.919742
40.167298 -123.919291
40.166957 -123.919216
40.166749 -123.919327
40.166481 -123.919469
40.166112 -123.919604
40.165709 -123.919324
40.164894 -123.918729
40.164424 -123.918204
40.164000 -123.918123
40.163751 -123.918075
40.163492 -123.917932
40.163159 -123.917429
40.162918 -123.916966
40.162567 -123.916327
40.162465 -123.916142
40.162147 -123.915779
40.161765 -123.915654
40.161518 -123.915638
40.161000 -123.915604
40.160586 -123.915559
40.160373 -123.915535
40.159959 -123.915570
40.159322 -123.915786
40.159053 -123.915877
40.158258 -123.915727
40.157634 -123.915299
40.157041 -123.914772
40.156206 -123.913843
40.155069 -123.912431
40.154388 -123.911504
40.153857 -123.910819
40.153328 -123.909914
40.152873 -123.909389
40.152426 -123.909173
40.151526 -123.909331
40.151311 -123.909408
40.150659 -123.909858
40.150573 -123.909917
40.149590 -123.910263
40.148729 -123.910711
40.147512 -123.911732
40.147294 -123.911822
40.146914 -123.911978
40.146575 -123.912118
40.146128 -123.912491
40.145651 -123.912744
40.145467 -123.912822
40.145037 -123.912995
40.144730 -123.913111
40.144589 -123.913488
40.144480 -123.913766
40.144390 -123.913844
40.144140 -123.914061
40.143755 -123.914435
40.143432 -123.914530
40.143003 -123.914624
40.142909 -123.914862
40.142949 -123.915661
40.142943 -123.916419
40.143012 -123.917377
40.143293 -123.918658
40.143518 -123.919219
40.143528 -123.919918
40.143524 -123.920358
40.143521 -123.920735
40.143549 -123.921035
40.143624 -123.921295
40.143940 -123.921938
40.144111 -123.922309
40.144272 -123.922601
40.144224 -123.922840
40.144037 -123.923296
40.143742 -123.923731
40.143217 -123.924262
40.142645 -123.925033
40.142505 -123.925270
40.142026 -123.925882
40.141840 -123.926139
40.141392 -123.926572
40.140945 -123.927044
40.140620 -123.927439
40.140158 -123.927831
40.140002 -123.928148
40.139846 -123.928544
40.139814 -123.928625
40.139813 -123.928786
40.139809 -123.929303
40.139742 -123.929980
40.139550 -123.931055
40.139377 -123.931591
40.139126 -123.931946
40.138944 -123.932203
40.138914 -123.932223
40.138651 -123.932399
40.138340 -123.932416
40.138069 -123.932431
40.137563 -123.932524
40.137151 -123.932661
40.136419 -123.932904
40.135781 -123.933277
40.135632 -123.933557
40.135486 -123.933832
40.135361 -123.934109
40.135191 -123.934306
40.134899 -123.934422
40.134685 -123.934399
40.134046 -123.933912
40.133711 -123.933648
40.133604 -123.933532
40.133468 -123.933385
40.133102 -123.933280
40.132747 -123.933575
40.132531 -123.933949
40.132483 -123.934030
40.132128 -123.934484
40.131836 -123.934600
40.131423 -123.934574
40.131291 -123.934511
40.130477 -123.934122
40.130111 -123.933918
40.130072 -123.933934
40.129789 -123.934053
40.129709 -123.934491
40.129628 -123.934948
40.129595 -123.935327
40.129531 -123.935565
40.129391 -123.935882
40.129219 -123.936299
40.128929 -123.936766
40.128615 -123.937248
40.128428 -123.937604
40.128288 -123.938152
40.128154 -123.938408
40.128021 -123.938656
40.127780 -123.938927
40.127759 -123.938951
40.127605 -123.938989
40.127332 -123.938706
40.127274 -123.938628
40.127044 -123.938323
40.126390 -123.937876
40.125446 -123.937224
40.124607 -123.936814
40.124347 -123.936751
40.124132 -123.936887
40.124082 -123.937656
40.124079 -123.937704
40.124070 -123.937776
40.123981 -123.938521
40.123682 -123.939474
40.123693 -123.939972
40.123918 -123.940534
40.123993 -123.940759
40.124038 -123.940895
40.124044 -123.941134
40.124050 -123.941353
40.124047 -123.941730
40.124046 -123.941852
40.123954 -123.942216
40.123826 -123.942447
40.123700 -123.942864
40.123696 -123.943363
40.123901 -123.944602
40.124157 -123.945124
40.124277 -123.945425
40.124371 -123.945539
40.124443 -123.945627
40.124364 -123.945965
40.123947 -123.946497
40.123667 -123.946932
40.123405 -123.947188
40.123370 -123.947447
40.123356 -123.947546
40.123230 -123.948003
40.122981 -123.948419
40.122532 -123.949090
40.122099 -123.949563
40.121775 -123.949937
40.121451 -123.950212
40.121083 -123.950267
40.120913 -123.950218
40.120717 -123.950162
40.120203 -123.949975
40.119862 -123.949851
40.119650 -123.949529
40.119425 -123.948928
40.119182 -123.948745
40.118852 -123.948654
40.118647 -123.948598
40.118438 -123.948578
40.118142 -123.948551
40.117807 -123.948347
40.117578 -123.948284
40.117240 -123.948399
40.116611 -123.948629
40.115767 -123.948817
40.115384 -123.948851
40.115140 -123.948708
40.114930 -123.948227
40.114259 -123.947899
40.113509 -123.947567
40.113420 -123.947528
40.112961 -123.947502
40.112835 -123.947525
40.112654 -123.947557
40.112030 -123.947170
40.111680 -123.946926
40.111353 -123.946716
40.111299 -123.946681
40.110868 -123.947014
40.110496 -123.947527
40.110464 -123.947611
40.110105 -123.948539
40.110012 -123.948907
40.110010 -123.948961
40.110019 -123.949634
40.109860 -123.950390
40.109657 -123.950865
40.109008 -123.951654
40.108607 -123.951947
40.108266 -123.952519
40.108072 -123.952172
40.107921 -123.951917
40.107896 -123.951874
40.107863 -123.951856
40.107614 -123.951723
40.107369 -123.951651
40.107087 -123.951568
40.106766 -123.951563
40.106663 -123.951600
40.106368 -123.951705
40.106038 -123.951738
40.105424 -123.951729
40.105140 -123.951707
40.104830 -123.951684
40.104386 -123.951751
40.104303 -123.951779
40.103847 -123.951928
40.103310 -123.951859
40.102974 -123.951351
40.102619 -123.950928
40.102338 -123.950666
40.102050 -123.950121
40.101836 -123.949774
40.101442 -123.949449
40.101227 -123.949188
40.101071 -123.948961
40.101022 -123.948891
40.100956 -123.948868
40.100467 -123.948699
40.100157 -123.948522
40.099768 -123.948429
40.099724 -123.948418
40.099685 -123.948445
40.099601 -123.948502
40.099485 -123.948641
40.099420 -123.948721
40.099334 -123.948862
40.099228 -123.949038
40.098638 -123.949681
40.098344 -123.949898
40.097984 -123.950053
40.097775 -123.950197
40.097642 -123.950355
40.097422 -123.950622
40.096975 -123.950884
40.096664 -123.951066
40.096628 -123.951095
40.095885 -123.951694
40.095533 -123.951984
40.095153 -123.952360
40.094961 -123.952689
40.094829 -123.952712
40.094764 -123.952625
40.094597 -123.952303
40.094383 -123.951833
40.094262 -123.951672
40.093583 -123.950532
40.093128 -123.949617
40.092899 -123.949298
40.092745 -123.949083
40.092511 -123.948822
40.092395 -123.948736
40.092155 -123.948559
40.091989 -123.948227
40.091821 -123.947891
40.091534 -123.947651
40.091192 -123.947538
40.090919 -123.947374
40.090520 -123.946632
40.090229 -123.946345
40.089809 -123.945799
40.089381 -123.945279
40.088950 -123.944730
40.088846 -123.944665
40.088668 -123.944554
40.088302 -123.944365
40.088182 -123.944319
40.088104 -123.944289
40.088043 -123.944295
40.087282 -123.944375
40.086876 -123.944407
40.086515 -123.944370
40.086188 -123.944336
40.085914 -123.944381
40.085703 -123.944399
40.085537 -123.944413
40.085132 -123.944235
40.084823 -123.943900
40.084732 -123.943801
40.084623 -123.943675
40.084405 -123.943193
40.084360 -123.942947
40.084345 -123.942893
40.084295 -123.942713
40.083807 -123.942472
40.083319 -123.942097
40.083112 -123.941885
40.082870 -123.941636
40.082345 -123.941248
40.081953 -123.940703
40.081605 -123.940513
40.081171 -123.940557
40.080849 -123.940614
40.080810 -123.940624
40.080169 -123.940789
40.079392 -123.941183
40.079266 -123.941271
40.078973 -123.941477
40.078395 -123.941882
40.077948 -123.942318
40.077282 -123.942948
40.076884 -123.943225
40.076690 -123.943282
40.076554 -123.943195
40.076292 -123.942848
40.076145 -123.942391
40.076147 -123.942109
40.076107 -123.942007
40.075981 -123.941689
40.075684 -123.941046
40.075376 -123.940637
40.075113 -123.940338
40.074993 -123.940201
40.074797 -123.939941
40.074759 -123.939822
40.074659 -123.939509
40.074531 -123.938942
40.074535 -123.938451
40.074550 -123.938225
40.074589 -123.937616
40.074755 -123.936955
40.074873 -123.936380
40.075026 -123.936112
40.075182 -123.935932
40.075217 -123.935893
40.075408 -123.935552
40.075421 -123.935159
40.075396 -123.934953
40.075380 -123.934819
40.075359 -123.934642
40.075163 -123.934345
40.074712 -123.934068
40.074615 -123.934051
40.074024 -123.933948
40.073610 -123.933820
40.073329 -123.933570
40.073134 -123.933175
40.072921 -123.932754
40.072697 -123.932383
40.072341 -123.932095
40.072059 -123.932033
40.071991 -123.932277
40.071961 -123.932336
40.071656 -123.932523
40.071201 -123.932658
40.071043 -123.932704
40.070465 -123.932846
40.070429 -123.932855
40.070375 -123.932902
40.070039 -123.933194
40.069525 -123.933752
40.069326 -123.934006
40.069201 -123.934165
40.069135 -123.934266
40.069067 -123.934372
40.068894 -123.934812
40.068722 -123.935030
40.068304 -123.935332
40.067650 -123.935704
40.067413 -123.935835
40.067018 -123.935769
40.066642 -123.935530
40.066381 -123.935183
40.065895 -123.934550
40.065587 -123.934003
40.065337 -123.933560
40.064749 -123.932799
40.064664 -123.932691
40.064573 -123.932526
40.064506 -123.932406
40.064341 -123.931851
40.064194 -123.931404
40.064101 -123.931123
40.063859 -123.930788
40.063567 -123.930760
40.063341 -123.930818
40.063178 -123.931012
40.062799 -123.931155
40.062430 -123.931223
40.061979 -123.930984
40.061527 -123.930867
40.061160 -123.930801
40.060857 -123.930895
40.060580 -123.931076
40.060506 -123.931124
40.060279 -123.931280
40.059956 -123.931509
40.059879 -123.931717
40.059866 -123.931767
40.059840 -123.931876
40.059699 -123.931763
40.059315 -123.931476
40.058929 -123.931360
40.058599 -123.931331
40.058014 -123.931249
40.057517 -123.930837
40.057189 -123.930538
40.057069 -123.930303
40.056853 -123.930177
40.056384 -123.930226
40.056229 -123.930243
40.055530 -123.930344
40.055058 -123.930374
40.054909 -123.930413
40.054614 -123.930491
40.054394 -123.930444
40.054246 -123.930412
40.054174 -123.930416
40.054048 -123.930422
40.053689 -123.930454
40.053407 -123.930388
40.053032 -123.930015
40.052784 -123.929541
40.052754 -123.929483
40.052643 -123.929138
40.052447 -123.928853
40.052346 -123.928837
40.052278 -123.928826
40.052070 -123.928860
40.051201 -123.928897
40.050399 -123.928886
40.050004 -123.928697
40.049866 -123.928518
40.049696 -123.928300
40.049587 -123.928202
40.049378 -123.928013
40.049099 -123.927530
40.048642 -123.926849
40.048330 -123.926297
40.048251 -123.926156
40.047441 -123.925174
40.047288 -123.924989
40.047168 -123.924819
40.045894 -123.923011
40.045637 -123.922646
40.045238 -123.921732
40.045132 -123.921308
40.045028 -123.920894
40.044898 -123.920659
40.044876 -123.920630
40.044640 -123.920317
40.044543 -123.920188
40.044254 -123.919730
40.043981 -123.919616
40.043737 -123.919843
40.043090 -123.920119
40.042561 -123.920260
40.042390 -123.920417
40.042183 -123.920585
40.042019 -123.920719
40.041976 -123.920764
40.041705 -123.921046
40.041165 -123.921309
40.040731 -123.921364
40.040523 -123.921444
40.040500 -123.921470
40.040322 -123.921776
40.040110 -123.922277
40.039900 -123.922642
40.039673 -123.922651
40.039353 -123.922598
40.039091 -123.922251
40.038723 -123.921067
40.038529 -123.920549
40.038428 -123.920265
40.038191 -123.919872
40.037655 -123.918978
40.037560 -123.918849
40.037038 -123.918135
40.036215 -123.917314
40.035592 -123.916948
40.035444 -123.916862
40.035038 -123.916918
40.034880 -123.917147
40.034761 -123.917319
40.034571 -123.917476
40.034071 -123.917543
40.033381 -123.917620
40.032852 -123.917723
40.032531 -123.917780
40.032229 -123.917702
40.032061 -123.917491
40.031987 -123.917282
40.032057 -123.916865
40.032142 -123.916175
40.032158 -123.916044
40.032142 -123.915563
40.031957 -123.914948
40.031945 -123.914916
40.031624 -123.914331
40.031220 -123.914117
40.030666 -123.913790
40.030147 -123.913771
40.029543 -123.913775
40.028875 -123.913521
40.028659 -123.913420
40.028285 -123.912875
40.028213 -123.912530
40.028187 -123.912260
40.028226 -123.911990
40.028160 -123.910848
40.028249 -123.910337
40.028288 -123.910113
40.028300 -123.909831
40.028221 -123.909458
40.028127 -123.909018
40.027892 -123.907665
40.027738 -123.907188
40.027690 -123.907036
40.027410 -123.906591
40.027332 -123.906536
40.027157 -123.906416
40.026818 -123.906337
40.026347 -123.906172
40.026131 -123.906034
40.025653 -123.905684
40.025277 -123.905446
40.025060 -123.905381
40.024805 -123.905439
40.024387 -123.905814
40.023572 -123.906331
40.023287 -123.906536
40.022891 -123.906531
40.022686 -123.906185
40.022538 -123.905790
40.022630 -123.904920
40.022466 -123.904144
40.022153 -123.903097
40.021846 -123.902528
40.021593 -123.902304
40.021156 -123.901476
40.020654 -123.900524
40.020441 -123.900006
40.020445 -123.899429
40.020503 -123.899099
40.020564 -123.898756
40.020575 -123.898547
40.020480 -123.898413
40.020435 -123.898349
40.020211 -123.898027
40.020027 -123.897386
40.019880 -123.896930
40.019846 -123.896390
40.019844 -123.896147
40.019841 -123.895850
40.019820 -123.895742
40.019696 -123.895111
40.019566 -123.894785
40.019529 -123.894692
40.019445 -123.894602
40.019239 -123.894381
40.018799 -123.893958
40.018519 -123.893451
40.018221 -123.893006
40.017939 -123.892879
40.017806 -123.892939
40.017626 -123.893047
40.017164 -123.893053
40.016787 -123.893012
40.016486 -123.892836
40.016306 -123.892870
40.016060 -123.893014
40.015682 -123.893132
40.015378 -123.893398
40.015121 -123.893616
40.014951 -123.893628
40.014410 -123.894650
40.014265 -123.894939
40.013982 -123.895505
40.013675 -123.896284
40.013613 -123.896500
40.013551 -123.896713
40.013232 -123.897159
40.012923 -123.897454
40.012868 -123.897506
40.012548 -123.897991
40.012420 -123.898098
40.012200 -123.898280
40.011799 -123.898414
40.011039 -123.898578
40.010556 -123.898748
40.010374 -123.898941
40.010291 -123.899011
40.009844 -123.899384
40.009329 -123.899711
40.009292 -123.899736
40.008569 -123.900370
40.008284 -123.900734
40.008028 -123.900730
40.007829 -123.900647
40.007788 -123.900629
40.007189 -123.900191
40.007012 -123.899758
40.006834 -123.899443
40.006685 -123.899245
40.006312 -123.898888
40.005952 -123.898648
40.005502 -123.898466
40.004714 -123.898206
40.004392 -123.898100
40.003066 -123.898122
40.002299 -123.898288
40.001754 -123.898672
40.001577 -123.898808
40.001330 -123.898999
40.001265 -123.899076
40.000753 -123.899676
40.000317 -123.900016
40.000284 -123.900042
40.000058 -123.900097
39.999832 -123.900094
39.999605 -123.900267
39.999466 -123.900696
39.999369 -123.901089
39.999326 -123.901262
39.999081 -123.901845
39.998759 -123.902604
39.998439 -123.903128
39.998074 -123.903671
39.997695 -123.903999
39.997364 -123.904194
39.997241 -123.904267
39.995805 -123.905109
39.995748 -123.905148
39.995109 -123.905589
39.994519 -123.906050
39.994111 -123.906201
39.993766 -123.906223
39.993707 -123.906226
39.993584 -123.906234
39.993213 -123.906138
39.993099 -123.906109
39.992383 -123.905944
39.992183 -123.905929
39.991721 -123.905896
39.991542 -123.905776
39.991355 -123.905676
39.991167 -123.905576
39.990687 -123.905374
39.990249 -123.905544
39.989914 -123.906107
39.989565 -123.906513
39.989408 -123.906629
39.989100 -123.906859
39.988944 -123.906974
39.988749 -123.907052
39.988280 -123.907239
39.987870 -123.907723
39.987817 -123.907781
39.987395 -123.908239
39.987248 -123.908400
39.987095 -123.908691
39.987010 -123.908975
39.986997 -123.909006
39.986700 -123.909175
39.986340 -123.909206
39.986308 -123.909209
39.986097 -123.909149
39.985958 -123.909109
39.985619 -123.908887
39.985465 -123.908692
39.985321 -123.908511
39.985264 -123.908473
39.985106 -123.908368
39.984991 -123.908291
39.984674 -123.908424
39.984620 -123.908537
39.984552 -123.908677
39.984193 -123.910256
39.983872 -123.910976
39.983809 -123.911066
39.983574 -123.911405
39.983522 -123.911480
39.982677 -123.911762
39.982244 -123.911835
39.981847 -123.912005
39.981637 -123.912220
39.981544 -123.912314
39.981417 -123.912742
39.981405 -123.912782
39.981313 -123.912880
39.981116 -123.913091
39.980611 -123.913508
39.980556 -123.913553
39.980306 -123.913736
39.980057 -123.913918
39.979860 -123.914072
39.979799 -123.914078
39.979378 -123.914124
39.978893 -123.914141
39.978550 -123.914152
39.978334 -123.914251
39.978052 -123.914380
39.977764 -123.914611
39.977432 -123.914744
39.977302 -123.914757
39.977263 -123.914760
39.977086 -123.914778
39.976710 -123.914754
39.976454 -123.914731
39.976317 -123.914924
39.976119 -123.915176
39.976074 -123.915234
39.975816 -123.915426
39.975777 -123.915435
39.975304 -123.915537
39.973933 -123.915714
39.972865 -123.915685
39.972519 -123.915676
39.972416 -123.915702
39.972082 -123.915787
39.971601 -123.915742
39.971319 -123.915625
39.971016 -123.915499
39.970699 -123.915573
39.970604 -123.915631
39.970230 -123.915860
39.969083 -123.916295
39.968767 -123.916349
39.968467 -123.916208
39.968297 -123.916206
39.968260 -123.916239
39.968119 -123.916419
39.967906 -123.916709
39.967668 -123.916917
39.967621 -123.917002
39.967404 -123.917407
39.967174 -123.917931
39.967056 -123.918524
39.967120 -123.918805
39.967137 -123.918870
39.967316 -123.919087
39.967396 -123.919341
39.967477 -123.919598
39.967525 -123.919903
39.967563 -123.920147
39.967653 -123.920342
39.967933 -123.920953
39.968245 -123.921446
39.968527 -123.921900
39.968795 -123.922275
39.968967 -123.922390
39.969078 -123.922400
39.969952 -123.922447
39.970318 -123.922471
39.970351 -123.922479
39.970824 -123.922635
39.971198 -123.922914
39.971284 -123.923463
39.971670 -123.924035
39.972248 -123.924474
39.972403 -123.924592
39.972467 -123.924694
39.972849 -123.925302
39.972947 -123.925421
39.973147 -123.925662
39.973177 -123.925698
39.973748 -123.926426
39.973922 -123.926647
39.973943 -123.926752
39.973994 -123.927000
39.974006 -123.927259
39.973824 -123.927584
39.973610 -123.928031
39.973492 -123.928271
39.973380 -123.928498
39.973302 -123.928809
39.973174 -123.929261
39.973147 -123.929355
39.973015 -123.929471
39.972753 -123.929702
39.972398 -123.930048
39.972298 -123.930145
39.971967 -123.930219
39.971695 -123.930372
39.971269 -123.930933
39.970994 -123.931418
39.970657 -123.932216
39.970565 -123.932641
39.970547 -123.932723
39.970541 -123.933505
39.970448 -123.933856
39.970052 -123.934398
39.970020 -123.934691
39.970197 -123.934989
39.970243 -123.935065
39.970436 -123.935322
39.970452 -123.935424
39.970493 -123.935693
39.970355 -123.935994
39.970340 -123.936025
39.970083 -123.936217
39.969524 -123.936503
39.969176 -123.936694
39.969046 -123.936769
39.968980 -123.936808
39.968866 -123.937126
39.968841 -123.937198
39.968805 -123.937296
39.968641 -123.937742
39.968473 -123.938073
39.968330 -123.938579
39.968263 -123.938911
39.968173 -123.939362
39.967848 -123.939823
39.967704 -123.939926
39.967520 -123.940058
39.967465 -123.940089
39.967147 -123.940108
39.966891 -123.940252
39.966559 -123.940492
39.966200 -123.940598
39.965963 -123.940705
39.965839 -123.940912
39.965819 -123.940958
39.965685 -123.941278
39.965513 -123.941508
39.965303 -123.941671
39.965113 -123.941907
39.965019 -123.942152
39.965062 -123.942446
39.965040 -123.942838
39.964931 -123.943462
39.964909 -123.943548
39.964853 -123.943768
39.964804 -123.943976
39.964810 -123.944245
39.964818 -123.944626
39.964719 -123.945213
39.964684 -123.945309
39.964535 -123.945713
39.964551 -123.946143
39.964810 -123.946723
39.965475 -123.947382
39.965765 -123.947705
39.966113 -123.947869
39.966460 -123.948033
39.966949 -123.948224
39.967107 -123.948520
39.967207 -123.948988
39.967184 -123.949515
39.967211 -123.949720
39.967228 -123.949859
39.967340 -123.950106
39.967611 -123.950355
39.967674 -123.950420
39.968135 -123.950902
39.968160 -123.950958
39.968413 -123.951531
39.968514 -123.951689
39.968571 -123.951778
39.968504 -123.951986
39.968207 -123.952485
39.967768 -123.953116
39.967636 -123.953400
39.967576 -123.953530
39.967533 -123.954082
39.967427 -123.954436
39.967358 -123.954766
39.967359 -123.955013
39.967360 -123.955058
39.967362 -123.955416
39.967331 -123.955796
39.967099 -123.956357
39.966971 -123.957029
39.966807 -123.957518
39.966502 -123.957906
39.966101 -123.958379
39.965920 -123.958966
39.965811 -123.959319
39.965772 -123.959404
39.965522 -123.959965
39.965567 -123.960247
39.965581 -123.960287
39.965678 -123.960556
39.965549 -123.961302
39.965456 -123.961568
39.965442 -123.961607
39.965365 -123.961888
39.965428 -123.962146
39.965489 -123.962435
39.965655 -123.963229
39.965708 -123.963708
39.965706 -123.963990
39.965581 -123.964221
39.965361 -123.964537
39.965017 -123.964671
39.964907 -123.964702
39.964821 -123.964787
39.964717 -123.964920
39.964686 -123.965165
39.964645 -123.965569
39.964595 -123.965887
39.964736 -123.966472
39.964690 -123.966825
39.964660 -123.967012
39.964676 -123.967208
39.964706 -123.967351
39.964773 -123.967790
39.964727 -123.968247
39.964580 -123.968921
39.964494 -123.969121
39.964349 -123.969685
39.964243 -123.969938
39.964105 -123.970267
39.964095 -123.970299
39.963975 -123.970703
39.963788 -123.971139
39.963618 -123.971320
39.963434 -123.971463
39.963277 -123.971772
39.962949 -123.972261
39.962748 -123.972733
39.962676 -123.972933
39.962674 -123.973262
39.962712 -123.973683
39.962667 -123.974048
39.962565 -123.974412
39.962479 -123.974612
39.962308 -123.974865
39.962111 -123.974917
39.961769 -123.975036
39.961504 -123.975201
39.961305 -123.975436
39.961205 -123.975617
39.961200 -123.975661
39.961175 -123.975891
39.961228 -123.976257
39.961225 -123.976586
39.961179 -123.977024
39.961051 -123.977223
39.960983 -123.977266
39.960853 -123.977348
39.960655 -123.977455
39.960597 -123.977747
39.960593 -123.978112
39.960507 -123.978312
39.960422 -123.978439
39.960414 -123.978559
39.960406 -123.978676
39.960378 -123.979009
39.928095 -124.035318
39.928738 -124.036085
39.929392 -124.036837
39.930056 -124.037574
39.930729 -124.038297
39.931412 -124.039003
39.932105 -124.039694
39.932807 -124.040370
39.933517 -124.041029
39.934237 -124.041672
39.934965 -124.042299
39.935442 -124.042697
39.935683 -124.042981
39.936337 -124.043733
39.936671 -124.044108
39.937231 -124.044728
39.937904 -124.045450
39.938587 -124.046157
39.939280 -124.046848
39.939982 -124.047523
39.940692 -124.048183
39.941412 -124.048826
39.942140 -124.049453
39.942876 -124.050063
39.943620 -124.050656
39.944373 -124.051233
39.945132 -124.051792
39.945900 -124.052334
39.946674 -124.052859
39.947455 -124.053366
39.948243 -124.053855
39.948719 -124.054140
39.949305 -124.054814
39.949811 -124.055671
39.950354 -124.056559
39.950909 -124.057435
39.951476 -124.058298
39.952055 -124.059149
39.952644 -124.059986
39.953245 -124.060809
39.953857 -124.061619
39.954479 -124.062415
39.955113 -124.063196
39.955756 -124.063964
39.956410 -124.064716
39.957074 -124.065453
39.957747 -124.066176
39.958430 -124.066883
39.959123 -124.067574
39.959825 -124.068250
39.960535 -124.068909
39.960964 -124.069296
39.961558 -124.069887
39.962260 -124.070562
39.962970 -124.071222
39.963690 -124.071865
39.964418 -124.072492
39.965154 -124.073103
39.965898 -124.073696
39.966650 -124.074273
39.967410 -124.074833
39.968178 -124.075375
39.968952 -124.075900
39.969531 -124.076278
39.969640 -124.077115
39.969799 -124.078231
39.969973 -124.079344
39.970162 -124.080452
39.970366 -124.081556
39.970529 -124.082381
39.970575 -124.082697
39.970749 -124.083809
39.970938 -124.084917
39.971142 -124.086021
39.971360 -124.087120
39.971594 -124.088214
39.971842 -124.089302
39.972104 -124.090385
39.972381 -124.091461
39.972672 -124.092531
39.972978 -124.093595
39.973298 -124.094651
39.973632 -124.095700
39.973980 -124.096741
39.974342 -124.097774
39.974717 -124.098799
39.975107 -124.099815
39.975510 -124.100822
39.975926 -124.101820
39.976356 -124.102808
39.976799 -124.103786
39.977255 -124.104754
39.977724 -124.105712
39.978206 -124.106659
39.978700 -124.107594
39.979207 -124.108519
39.979726 -124.109432
39.980257 -124.110333
39.980801 -124.111221
39.981356 -124.112098
39.981923 -124.112961
39.982501 -124.113812
39.982997 -124.114519
39.983460 -124.115360
39.983979 -124.116273
39.984510 -124.117174
39.985053 -124.118063
39.985609 -124.118939
39.986175 -124.119803
39.986754 -124.120654
39.987343 -124.121491
39.987944 -124.122315
39.988556 -124.123125
39.989179 -124.123921
39.989812 -124.124703
39.990455 -124.125471
39.991109 -124.126224
39.991773 -124.126962
39.992447 -124.127684
39.993130 -124.128392
39.993822 -124.129083
39.994524 -124.129759
39.995235 -124.130419
39.995954 -124.131063
39.996682 -124.131690
39.997418 -124.132301
39.998163 -124.132895
39.998194 -124.132920
39.998535 -124.133269
39.999228 -124.133961
39.999929 -124.134637
40.000640 -124.135297
40.001359 -124.135941
40.002087 -124.136568
40.002824 -124.137179
40.003568 -124.137773
40.004320 -124.138350
40.005080 -124.138910
40.005847 -124.139452
40.006622 -124.139977
40.007403 -124.140485
40.008191 -124.140974
40.008985 -124.141446
40.009786 -124.141899
40.010593 -124.142335
40.011405 -124.142752
40.012223 -124.143150
40.013046 -124.143530
40.013874 -124.143891
40.014707 -124.144234
40.015544 -124.144557
40.016385 -124.144861
40.017231 -124.145146
40.018080 -124.145412
40.018932 -124.145659
40.019788 -124.145886
40.020646 -124.146094
40.021508 -124.146282
40.022371 -124.146451
40.023237 -124.146600
40.024105 -124.146729
40.024974 -124.146839
40.025844 -124.146929
40.026716 -124.146999
40.027589 -124.147050
40.028462 -124.147080
40.029335 -124.147091
40.030208 -124.147082
40.031081 -124.147053
40.031954 -124.147004
40.032825 -124.146936
40.033696 -124.146847
40.034565 -124.146739
40.035433 -124.146612
40.036099 -124.146500
40.036430 -124.146509
40.036714 -124.146515
40.037346 -124.146521
40.038219 -124.146511
40.039092 -124.146483
40.039965 -124.146434
40.040836 -124.146365
40.041332 -124.146318
40.041607 -124.146319
40.042481 -124.146310
40.043354 -124.146281
40.044226 -124.146232
40.045098 -124.146163
40.045968 -124.146075
40.046838 -124.145967
40.047706 -124.145839
40.048572 -124.145692
40.049435 -124.145525
40.050297 -124.145338
40.051027 -124.145164
40.051134 -124.145223
40.051941 -124.145659
40.052384 -124.145889
40.052729 -124.146219
40.053440 -124.146879
40.054159 -124.147523
40.054887 -124.148151
40.055623 -124.148762
40.055649 -124.148783
40.055828 -124.149085
40.056372 -124.149974
40.056927 -124.150852
40.057494 -124.151716
40.058072 -124.152568
40.058662 -124.153406
40.059263 -124.154231
40.059874 -124.155042
40.060497 -124.155839
40.061130 -124.156622
40.061774 -124.157390
40.062428 -124.158144
40.063091 -124.158882
40.063765 -124.159606
40.064448 -124.160314
40.065141 -124.161006
40.065842 -124.161683
40.066483 -124.162279
40.066590 -124.163021
40.066764 -124.164135
40.066953 -124.165244
40.067156 -124.166350
40.067375 -124.167450
40.067608 -124.168546
40.067856 -124.169636
40.068118 -124.170720
40.068395 -124.171798
40.068687 -124.172869
40.068992 -124.173934
40.069312 -124.174992
40.069646 -124.176042
40.069994 -124.177085
40.070356 -124.178119
40.070732 -124.179145
40.071121 -124.180163
40.071524 -124.181171
40.071941 -124.182170
40.072370 -124.183160
40.072813 -124.184140
40.073269 -124.185109
40.073290 -124.185240
40.073479 -124.186349
40.073683 -124.187455
40.073901 -124.188555
40.074135 -124.189651
40.074383 -124.190741
40.074645 -124.191825
40.074922 -124.192903
40.075213 -124.193975
40.075519 -124.195040
40.075839 -124.196098
40.076173 -124.197148
40.076521 -124.198191
40.076883 -124.199225
40.077258 -124.200252
40.077648 -124.201269
40.078051 -124.202278
40.078467 -124.203277
40.078897 -124.204267
40.079340 -124.205247
40.079796 -124.206216
40.080265 -124.207175
40.080747 -124.208123
40.081241 -124.209061
40.081748 -124.209987
40.082162 -124.210719
40.082280 -124.211103
40.082614 -124.212153
40.082962 -124.213196
40.083324 -124.214231
40.083700 -124.215257
40.084089 -124.216275
40.084492 -124.217284
40.084909 -124.218283
40.085338 -124.219273
40.085781 -124.220253
40.086237 -124.221222
40.086706 -124.222181
40.087188 -124.223130
40.087682 -124.224067
40.088189 -124.224993
40.088708 -124.225907
40.089240 -124.226810
40.089783 -124.227700
40.090338 -124.228578
40.090905 -124.229443
40.091483 -124.230295
40.092073 -124.231133
40.092674 -124.231959
40.092694 -124.231985
40.092854 -124.232202
40.093465 -124.233014
40.094088 -124.233811
40.094721 -124.234594
40.095365 -124.235363
40.096018 -124.236117
40.096682 -124.236856
40.097356 -124.237580
40.097508 -124.237740
40.097854 -124.238228
40.098455 -124.239053
40.099066 -124.239865
40.099689 -124.240662
40.100322 -124.241446
40.100966 -124.242214
40.101619 -124.242968
40.102283 -124.243708
40.102957 -124.244431
40.103640 -124.245140
40.104332 -124.245833
40.105034 -124.246510
40.105745 -124.247171
40.105803 -124.247224
40.106142 -124.247640
40.106785 -124.248408
40.107439 -124.249163
40.108103 -124.249902
40.108777 -124.250626
40.109460 -124.251334
40.110152 -124.252027
40.110854 -124.252704
40.111565 -124.253365
40.111575 -124.253375
40.112139 -124.253980
40.112823 -124.254688
40.113515 -124.255381
40.113808 -124.255667
40.114064 -124.256114
40.114595 -124.257016
40.115139 -124.257907
40.115694 -124.258785
40.116261 -124.259650
40.116839 -124.260502
40.117429 -124.261341
40.118030 -124.262167
40.118641 -124.262979
40.119257 -124.263767
40.119456 -124.264019
40.120089 -124.264803
40.120732 -124.265572
40.121386 -124.266326
40.122050 -124.267065
40.122723 -124.267789
40.123407 -124.268498
40.124099 -124.269191
40.124801 -124.269868
40.125511 -124.270529
40.126231 -124.271174
40.126959 -124.271803
40.127695 -124.272415
40.128439 -124.273010
40.129192 -124.273588
40.129951 -124.274149
40.130262 -124.274371
40.130370 -124.274508
40.131003 -124.275291
40.131646 -124.276060
40.132300 -124.276815
40.132440 -124.276973
40.132482 -124.277115
40.132802 -124.278174
40.133136 -124.279225
40.133484 -124.280268
40.133846 -124.281304
40.134221 -124.282331
40.134611 -124.283349
40.135014 -124.284359
40.135430 -124.285359
40.135860 -124.286349
40.136303 -124.287330
40.136759 -124.288300
40.137228 -124.289260
40.137710 -124.290209
40.138204 -124.291147
40.138711 -124.292074
40.139230 -124.292989
40.139736 -124.293849
40.139851 -124.294082
40.140333 -124.295031
40.140827 -124.295969
40.141334 -124.296896
40.141853 -124.297811
40.142385 -124.298714
40.142928 -124.299605
40.143483 -124.300483
40.144050 -124.301349
40.144628 -124.302202
40.145218 -124.303041
40.145819 -124.303867
40.146157 -124.304319
40.146227 -124.304449
40.146733 -124.305376
40.147253 -124.306291
40.147784 -124.307194
40.148327 -124.308085
40.148882 -124.308964
40.148890 -124.308975
40.148905 -124.309003
40.149412 -124.309930
40.149931 -124.310845
40.150462 -124.311748
40.151005 -124.312639
40.151561 -124.313518
40.152127 -124.314384
40.152706 -124.315236
40.153295 -124.316076
40.153896 -124.316902
40.154508 -124.317714
40.155131 -124.318512
40.155364 -124.318804
40.155587 -124.319536
40.155921 -124.320588
40.156269 -124.321632
40.156631 -124.322667
40.157006 -124.323695
40.157396 -124.324714
40.157799 -124.325723
40.158215 -124.326724
40.158645 -124.327715
40.159088 -124.328696
40.159544 -124.329666
40.160013 -124.330626
40.160495 -124.331576
40.160989 -124.332514
40.161496 -124.333441
40.162015 -124.334356
40.162546 -124.335260
40.163090 -124.336151
40.163645 -124.337029
40.164212 -124.337895
40.164790 -124.338748
40.165380 -124.339588
40.165500 -124.339755
40.165564 -124.339846
40.166165 -124.340672
40.166777 -124.341484
40.167399 -124.342282
40.168032 -124.343066
40.168676 -124.343836
40.169330 -124.344591
40.169993 -124.345330
40.170667 -124.346055
40.171350 -124.346764
40.172042 -124.347458
40.172744 -124.348135
40.173455 -124.348797
40.174174 -124.349442
40.174561 -124.349780
40.174909 -124.350326
40.175476 -124.351192
40.176054 -124.352045
40.176644 -124.352885
40.177244 -124.353711
40.177856 -124.354524
40.178479 -124.355322
40.179112 -124.356106
40.179755 -124.356876
40.180409 -124.357631
40.181073 -124.358371
40.181418 -124.358745
40.181639 -124.359177
40.182134 -124.360116
40.182640 -124.361043
40.183160 -124.361958
40.183691 -124.362862
40.184234 -124.363753
40.184789 -124.364632
40.185356 -124.365499
40.185935 -124.366352
40.186524 -124.367192
40.187125 -124.368018
40.187737 -124.368831
40.188359 -124.369629
40.188992 -124.370413
40.189636 -124.371183
40.190290 -124.371938
40.190954 -124.372678
40.191627 -124.373403
40.192310 -124.374112
40.193003 -124.374806
40.193704 -124.375484
40.194415 -124.376146
40.195134 -124.376791
40.195553 -124.377156
40.195800 -124.377543
40.196367 -124.378410
40.196945 -124.379263
40.197535 -124.380103
40.198136 -124.380929
40.198747 -124.381742
40.199370 -124.382541
40.200003 -124.383325
40.200647 -124.384095
40.200843 -124.384324
40.200981 -124.385012
40.201214 -124.386110
40.201462 -124.387202
40.201724 -124.388288
40.202001 -124.389368
40.202293 -124.390442
40.202598 -124.391509
40.202918 -124.392569
40.203252 -124.393621
40.203600 -124.394666
40.203962 -124.395702
40.204338 -124.396730
40.204727 -124.397750
40.205130 -124.398760
40.205546 -124.399762
40.205976 -124.400753
40.206419 -124.401735
40.206875 -124.402706
40.207344 -124.403667
40.207826 -124.404617
40.208320 -124.405556
40.208827 -124.406484
40.209346 -124.407399
40.209877 -124.408303
40.210421 -124.409195
40.210976 -124.410074
40.211543 -124.410941
40.212121 -124.411794
40.212711 -124.412635
40.213312 -124.413461
40.213923 -124.414274
40.214546 -124.415073
40.215179 -124.415858
40.215823 -124.416628
40.216476 -124.417383
40.217140 -124.418123
40.217814 -124.418848
40.218138 -124.419188
40.218638 -124.419705
40.219330 -124.420399
40.220032 -124.421077
40.220742 -124.421739
40.221462 -124.422385
40.222190 -124.423014
40.222926 -124.423627
40.223670 -124.424223
40.224422 -124.424802
40.225182 -124.425364
40.225949 -124.425908
40.226724 -124.426435
40.227505 -124.426944
40.228293 -124.427435
40.229087 -124.427908
40.229888 -124.428363
40.230695 -124.428800
40.231507 -124.429218
40.232325 -124.429618
40.233148 -124.429999
40.233976 -124.430361
40.234808 -124.430705
40.235646 -124.431029
40.236487 -124.431334
40.237332 -124.431620
40.238181 -124.431887
40.239034 -124.432135
40.239889 -124.432363
40.240748 -124.432571
40.241609 -124.432760
40.242473 -124.432929
40.243338 -124.433079
40.244206 -124.433209
40.245075 -124.433319
40.245946 -124.433409
40.246817 -124.433479
40.247690 -124.433530
40.248563 -124.433561
40.249436 -124.433571
40.250309 -124.433562
40.250402 -124.433560
40.251237 -124.433532
40.252110 -124.433483
40.252981 -124.433414
40.253852 -124.433326
40.254721 -124.433217
40.255446 -124.433112
40.255803 -124.433179
40.256668 -124.433329
40.257536 -124.433459
40.258405 -124.433569
40.259276 -124.433659
40.260147 -124.433730
40.261020 -124.433780
40.261893 -124.433811
40.262766 -124.433822
40.262792 -124.433822
40.263418 -124.433870
40.264290 -124.433921
40.265163 -124.433952
40.265630 -124.433960
40.266095 -124.433963
40.266968 -124.433954
40.267841 -124.433925
40.268714 -124.433876
40.269586 -124.433807
40.270456 -124.433719
40.271326 -124.433610
40.272193 -124.433482
40.273059 -124.433334
40.273923 -124.433166
40.274480 -124.433048
40.275178 -124.432975
40.276048 -124.432866
40.276915 -124.432738
40.277781 -124.432590
40.278645 -124.432422
40.279506 -124.432235
40.280365 -124.432028
40.281221 -124.431802
40.282074 -124.431556
40.282923 -124.431290
40.283769 -124.431005
40.284071 -124.430899
40.284801 -124.430890
40.285674 -124.430861
40.286547 -124.430812
40.287418 -124.430743
40.288289 -124.430655
40.289158 -124.430546
40.290026 -124.430418
40.290892 -124.430270
40.291756 -124.430102
40.292617 -124.429915
40.293476 -124.429708
40.294332 -124.429481
40.295184 -124.429235
40.296034 -124.428970
40.296879 -124.428685
40.297721 -124.428381
40.298559 -124.428058
40.299392 -124.427715
40.300220 -124.427354
40.301043 -124.426974
40.301862 -124.426576
40.302674 -124.426158
40.303481 -124.425723
40.304282 -124.425268
40.305077 -124.424796
40.305866 -124.424306
40.306647 -124.423797
40.307073 -124.423511
40.307673 -124.423819
40.308491 -124.424219
40.309314 -124.424601
40.310142 -124.424963
40.310940 -124.425293
40.311379 -124.425565
40.312174 -124.426038
40.312974 -124.426494
40.313781 -124.426931
40.314593 -124.427350
40.315411 -124.427750
40.316234 -124.428132
40.317062 -124.428495
40.317895 -124.428839
40.318732 -124.429163
40.319573 -124.429469
40.320418 -124.429755
40.321267 -124.430023
40.322120 -124.430270
40.322976 -124.430499
40.323834 -124.430707
40.324695 -124.430896
40.325559 -124.431066
40.326425 -124.431216
40.327292 -124.431346
40.328161 -124.431456
40.329032 -124.431546
40.329903 -124.431617
40.330776 -124.431667
40.331649 -124.431698
40.331656 -124.431698
40.331733 -124.431700
40.332607 -124.431711
40.333480 -124.431702
40.334353 -124.431673
40.335225 -124.431624
40.335299 -124.431619
40.335692 -124.431740
40.336544 -124.431988
40.337400 -124.432216
40.338258 -124.432425
40.338809 -124.432548
40.339331 -124.432661
40.340195 -124.432830
40.341061 -124.432980
40.341928 -124.433110
40.342798 -124.433220
40.343668 -124.433311
40.344540 -124.433381
40.345412 -124.433432
40.346285 -124.433462
40.346634 -124.433469
40.347205 -124.433474
40.348078 -124.433465
40.348951 -124.433436
40.349824 -124.433387
40.350696 -124.433318
40.351566 -124.433229
40.352436 -124.433121
40.353303 -124.432992
40.354169 -124.432844
40.354796 -124.432724
40.354823 -124.432774
40.355330 -124.433704
40.355849 -124.434622
40.356380 -124.435527
40.356923 -124.436421
40.357478 -124.437302
40.358045 -124.438171
40.358624 -124.439026
40.359213 -124.439868
40.359814 -124.440697
40.360426 -124.441511
40.361048 -124.442312
40.361681 -124.443098
40.362325 -124.443870
40.362979 -124.444627
40.363642 -124.445369
40.364316 -124.446095
40.364999 -124.446806
40.365692 -124.447502
40.366393 -124.448182
40.367104 -124.448845
40.367823 -124.449492
40.368551 -124.450123
40.369287 -124.450737
40.370032 -124.451334
40.370784 -124.451914
40.371078 -124.452135
40.371573 -124.452948
40.372128 -124.453829
40.372695 -124.454698
40.373273 -124.455553
40.373863 -124.456395
40.374464 -124.457224
40.375075 -124.458039
40.375698 -124.458840
40.376331 -124.459626
40.376975 -124.460398
40.377628 -124.461155
40.378292 -124.461897
40.378966 -124.462624
40.379649 -124.463335
40.380341 -124.464031
40.381043 -124.464711
40.381753 -124.465374
40.382473 -124.466022
40.383201 -124.466653
40.383937 -124.467267
40.384681 -124.467864
40.385433 -124.468444
40.386193 -124.469007
40.386960 -124.469553
40.387735 -124.470081
40.388516 -124.470591
40.389304 -124.471084
40.390098 -124.471558
40.390899 -124.472014
40.391705 -124.472452
40.392518 -124.472871
40.393335 -124.473272
40.394158 -124.473654
40.394986 -124.474017
40.395819 -124.474361
40.396656 -124.474686
40.397498 -124.474992
40.398343 -124.475279
40.398826 -124.475434
40.398903 -124.476471
40.399002 -124.477606
40.399116 -124.478738
40.399245 -124.479868
40.399389 -124.480995
40.399548 -124.482118
40.399722 -124.483237
40.399911 -124.484352
40.400115 -124.485463
40.400333 -124.486569
40.400566 -124.487670
40.400814 -124.488765
40.401076 -124.489854
40.401353 -124.490938
40.401645 -124.492015
40.401950 -124.493085
40.402270 -124.494148
40.402604 -124.495203
40.402952 -124.496251
40.403314 -124.497290
40.403690 -124.498322
40.404079 -124.499344
40.404482 -124.500357
40.404898 -124.501362
40.405328 -124.502356
40.405771 -124.503340
40.406227 -124.504315
40.406696 -124.505278
40.407178 -124.506231
40.407672 -124.507173
40.408179 -124.508103
40.408698 -124.509022
40.409229 -124.509929
40.409773 -124.510823
40.410328 -124.511705
40.410894 -124.512574
40.411473 -124.513430
40.412062 -124.514273
40.412663 -124.515102
40.413275 -124.515917
40.413898 -124.516718
40.414531 -124.517505
40.415174 -124.518277
40.415828 -124.519035
40.416492 -124.519777
40.417165 -124.520505
40.417848 -124.521216
40.418541 -124.521912
40.419242 -124.522593
40.419953 -124.523257
40.420672 -124.523904
40.421400 -124.524536
40.422136 -124.525150
40.422881 -124.525748
40.423633 -124.526328
40.424393 -124.526892
40.425160 -124.527438
40.425934 -124.527966
40.426715 -124.528476
40.427503 -124.528969
40.428298 -124.529444
40.429098 -124.529900
40.429905 -124.530338
40.430717 -124.530758
40.431535 -124.531159
40.432358 -124.531541
40.433186 -124.531904
40.434018 -124.532249
40.434856 -124.532574
40.435697 -124.532880
40.436542 -124.533167
40.437391 -124.533435
40.438244 -124.533683
40.439099 -124.533912
40.439958 -124.534121
40.440819 -124.534310
40.441682 -124.534480
40.442548 -124.534630
40.443416 -124.534760
40.444285 -124.534870
40.445155 -124.534961
40.446027 -124.535032
40.446899 -124.535082
40.447772 -124.535113
40.448646 -124.535124
40.449519 -124.535115
40.450392 -124.535086
40.451264 -124.535037
40.452136 -124.534968
40.453007 -124.534879
40.453876 -124.534770
40.454744 -124.534642
40.455609 -124.534493
40.456473 -124.534325
40.457335 -124.534137
40.458193 -124.533930
40.459049 -124.533703
40.459902 -124.533456
40.460751 -124.533190
40.461597 -124.532904
40.462438 -124.532600
40.463276 -124.532276
40.464109 -124.531933
40.464937 -124.531571
40.465761 -124.531190
40.466579 -124.530790
40.467391 -124.530372
40.468198 -124.529935
40.469000 -124.529480
40.469794 -124.529006
40.470583 -124.528515
40.471365 -124.528005
40.472139 -124.527478
40.472907 -124.526933
40.473667 -124.526370
40.474420 -124.525791
40.475165 -124.525194
40.475902 -124.524580
40.476630 -124.523949
40.477350 -124.523302
40.478061 -124.522639
40.478764 -124.521959
40.479457 -124.521263
40.480141 -124.520552
40.480815 -124.519825
40.481479 -124.519083
40.482133 -124.518326
40.482778 -124.517553
40.483411 -124.516767
40.484035 -124.515966
40.484647 -124.515150
40.485248 -124.514321
40.485839 -124.513478
40.486418 -124.512622
40.486985 -124.511753
40.487541 -124.510870
40.488085 -124.509976
40.488617 -124.509069
40.489136 -124.508149
40.489644 -124.507219
40.490139 -124.506276
40.490621 -124.505323
40.491090 -124.504358
40.491547 -124.503383
40.491991 -124.502398
40.492421 -124.501403
40.492838 -124.500398
40.493241 -124.499383
40.493631 -124.498360
40.494007 -124.497328
40.494370 -124.496287
40.494718 -124.495238
40.495053 -124.494181
40.495373 -124.493117
40.495679 -124.492046
40.495750 -124.491790
40.495841 -124.491495
40.496161 -124.490431
40.496467 -124.489360
40.496759 -124.488282
40.497036 -124.487197
40.497299 -124.486106
40.497547 -124.485009
40.497781 -124.483907
40.498000 -124.482800
40.498204 -124.481688
40.498393 -124.480571
40.498567 -124.479450
40.498726 -124.478325
40.498871 -124.477197
40.499000 -124.476066
40.499114 -124.474931
40.499213 -124.473795
40.499297 -124.472656
40.499365 -124.471516
40.499418 -124.470374
40.499457 -124.469231
40.499479 -124.468088
40.499487 -124.466944
40.499479 -124.465800
40.499458 -124.464724
40.499880 -124.464845
40.500736 -124.465074
40.501594 -124.465283
40.502455 -124.465473
40.503319 -124.465643
40.504185 -124.465793
40.505052 -124.465923
40.505921 -124.466034
40.506792 -124.466124
40.507664 -124.466195
40.508536 -124.466246
40.509409 -124.466276
40.510282 -124.466287
40.511155 -124.466278
40.512028 -124.466249
40.512901 -124.466200
40.513772 -124.466131
40.514643 -124.466042
40.515512 -124.465933
40.516380 -124.465805
40.517246 -124.465656
40.518110 -124.465488
40.518971 -124.465300
40.519830 -124.465092
40.520685 -124.464865
40.521538 -124.464618
40.522387 -124.464351
40.523233 -124.464066
40.524075 -124.463761
40.524912 -124.463437
40.525745 -124.463093
40.526573 -124.462731
40.527397 -124.462350
40.528215 -124.461950
40.529028 -124.461531
40.529835 -124.461094
40.530636 -124.460638
40.531431 -124.460164
40.532219 -124.459672
40.533001 -124.459162
40.533776 -124.458634
40.534543 -124.458089
40.535304 -124.457526
40.536056 -124.456946
40.536801 -124.456348
40.537538 -124.455734
40.538266 -124.455103
40.538986 -124.454455
40.539698 -124.453791
40.540400 -124.453111
40.541093 -124.452414
40.541777 -124.451702
40.542451 -124.450975
40.542535 -124.450882
40.542769 -124.450747
40.543564 -124.450273
40.544352 -124.449781
40.545134 -124.449271
40.545655 -124.448918
40.545979 -124.448694
40.546747 -124.448149
40.547507 -124.447586
40.548260 -124.447005
40.549005 -124.446408
40.549741 -124.445793
40.550470 -124.445162
40.551190 -124.444514
40.551901 -124.443850
40.552603 -124.443170
40.553296 -124.442473
40.553980 -124.441761
40.554654 -124.441033
40.555319 -124.440290
40.555973 -124.439532
40.556617 -124.438759
40.557251 -124.437972
40.557874 -124.437169
40.558486 -124.436353
40.559088 -124.435523
40.559678 -124.434679
40.560257 -124.433822
40.560824 -124.432952
40.561380 -124.432069
40.561924 -124.431173
40.562456 -124.430265
40.562976 -124.429345
40.563407 -124.428555
40.563706 -124.428444
40.564543 -124.428120
40.565376 -124.427776
40.566204 -124.427414
40.567028 -124.427032
40.567846 -124.426632
40.568659 -124.426213
40.569466 -124.425776
40.570191 -124.425364
40.570779 -124.425104
40.571603 -124.424722
40.572421 -124.424322
40.573234 -124.423903
40.574041 -124.423466
40.574307 -124.423317
40.574878 -124.423079
40.575707 -124.422716
40.576530 -124.422334
40.577348 -124.421934
40.578161 -124.421515
40.578592 -124.421284
40.579085 -124.421091
40.579918 -124.420747
40.580746 -124.420384
40.581569 -124.420003
40.582387 -124.419603
40.583200 -124.419184
40.584007 -124.418746
40.584808 -124.418290
40.584892 -124.418241
40.585184 -124.418118
40.586012 -124.417755
40.586836 -124.417374
40.587654 -124.416973
40.588467 -124.416554
40.589274 -124.416117
40.590075 -124.415661
40.590418 -124.415459
40.591098 -124.415159
40.591922 -124.414777
40.592740 -124.414377
40.593553 -124.413958
40.594360 -124.413520
40.595161 -124.413064
40.595956 -124.412590
40.596744 -124.412097
40.597011 -124.411926
40.597610 -124.411599
40.598411 -124.411143
40.599206 -124.410668
40.599994 -124.410176
40.600776 -124.409665
40.601551 -124.409137
40.601703 -124.409031
40.602011 -124.408849
40.602049 -124.408831
40.602867 -124.408430
40.603680 -124.408011
40.604487 -124.407574
40.605288 -124.407117
40.606083 -124.406643
40.606871 -124.406150
40.607118 -124.405992
40.607854 -124.405611
40.608661 -124.405173
40.609462 -124.404717
40.609914 -124.404450
40.610514 -124.404155
40.611326 -124.403735
40.612133 -124.403298
40.612808 -124.402915
40.613023 -124.402818
40.613847 -124.402437
40.614665 -124.402036
40.615478 -124.401617
40.616285 -124.401179
40.617086 -124.400723
40.617881 -124.400248
40.618669 -124.399756
40.618700 -124.399736
40.618827 -124.399672
40.619640 -124.399253
40.620447 -124.398815
40.621248 -124.398359
40.621810 -124.398026
40.622540 -124.397686
40.623359 -124.397285
40.624171 -124.396866
40.624978 -124.396428
40.625779 -124.395972
40.626574 -124.395497
40.627363 -124.395004
40.628144 -124.394494
40.628919 -124.393965
40.629343 -124.393666
40.629416 -124.393632
40.630234 -124.393231
40.631046 -124.392812
40.631853 -124.392374
40.632654 -124.391918
40.633401 -124.391473
40.633496 -124.391430
40.634319 -124.391048
40.635138 -124.390647
40.635950 -124.390228
40.636757 -124.389790
40.637558 -124.389334
40.638353 -124.388859
40.639141 -124.388366
40.639356 -124.388228
40.639385 -124.388214
40.640204 -124.387814
40.641016 -124.387394
40.641823 -124.386956
40.642624 -124.386500
40.643419 -124.386025
40.644207 -124.385532
40.644989 -124.385021
40.645670 -124.384558
40.645729 -124.384527
40.646536 -124.384089
40.647337 -124.383633
40.648132 -124.383158
40.648920 -124.382665
40.649702 -124.382154
40.650477 -124.381626
40.650533 -124.381586
40.650859 -124.381457
40.651692 -124.381113
40.652520 -124.380750
40.653344 -124.380368
40.654162 -124.379967
40.654974 -124.379548
40.655781 -124.379110
40.656582 -124.378653
40.657377 -124.378179
40.658166 -124.377686
40.658947 -124.377175
40.659722 -124.376646
40.660490 -124.376099
40.661250 -124.375535
40.662003 -124.374954
40.662262 -124.374749
40.662687 -124.374538
40.662718 -124.374522
40.663046 -124.374376
40.663870 -124.373994
40.664688 -124.373593
40.665501 -124.373173
40.666308 -124.372735
40.667109 -124.372279
40.667904 -124.371804
40.668692 -124.371311
40.669474 -124.370800
40.670248 -124.370271
40.671016 -124.369724
40.671776 -124.369160
40.672097 -124.368916
40.672844 -124.368448
40.673626 -124.367937
40.674401 -124.367408
40.674583 -124.367280
40.674588 -124.367277
40.675377 -124.366784
40.675559 -124.366666
40.675726 -124.366574
40.676527 -124.366117
40.677322 -124.365642
40.678110 -124.365149
40.678892 -124.364638
40.645146 -124.311010
40.644372 -124.311516
40.642256 -124.312898
40.640735 -124.313967
40.640578 -124.313298
40.640449 -124.312978
40.640306 -124.312819
40.639681 -124.313262
40.638963 -124.313874
40.638586 -124.314069
40.637170 -124.314891
40.636537 -124.315356
40.635737 -124.315947
40.635020 -124.316475
40.633905 -124.317169
40.633189 -124.317632
40.632129 -124.317872
40.631346 -124.318420
40.630915 -124.318607
40.630268 -124.318833
40.629620 -124.319102
40.628657 -124.319385
40.628174 -124.319231
40.627645 -124.319249
40.626762 -124.319405
40.625990 -124.319506
40.625081 -124.319979
40.624163 -124.321262
40.622867 -124.322885
40.620866 -124.324465
40.620397 -124.325034
40.620140 -124.325258
40.619685 -124.325656
40.619021 -124.325903
40.618608 -124.326066
40.618534 -124.326095
40.616777 -124.327403
40.614958 -124.328524
40.611879 -124.329966
40.608511 -124.331634
40.603236 -124.334390
40.597939 -124.337146
40.593082 -124.339911
40.584858 -124.344284
40.578495 -124.347681
40.576478 -124.348710
40.575677 -124.348888
40.574932 -124.348954
40.574498 -124.349043
40.574311 -124.349088
40.574112 -124.349133
40.573964 -124.349130
40.573705 -124.349027
40.573370 -124.349085
40.573021 -124.349257
40.572772 -124.349333
40.572536 -124.349377
40.572151 -124.349418
40.571754 -124.349427
40.571420 -124.349404
40.571050 -124.349282
40.570582 -124.348997
40.570374 -124.348798
40.570056 -124.348434
40.569565 -124.348001
40.569024 -124.347649
40.568690 -124.347626
40.568442 -124.347637
40.568291 -124.347797
40.568089 -124.348150
40.567941 -124.348115
40.567535 -124.347782
40.567295 -124.348183
40.567020 -124.348389
40.566325 -124.348489
40.565693 -124.348525
40.565147 -124.348530
40.564316 -124.348611
40.563648 -124.348549
40.563105 -124.348343
40.562513 -124.348104
40.561845 -124.347976
40.561424 -124.347935
40.561028 -124.347944
