OR_All
46.257458 -123.615257
46.256062 -123.585701
46.259735 -123.542679
46.271172 -123.500000
46.268002 -123.473602
46.250000 -123.446350
46.229515 -123.426392
46.181995 -123.429611
46.146542 -123.370201
46.146500 -123.362396
46.145012 -123.278938
46.172707 -123.211823
46.189140 -123.165184
46.185436 -123.114670
46.178474 -123.105370
46.153767 -123.049843
46.146519 -123.040070
46.133991 -123.003006
46.104984 -122.961456
46.083900 -122.902893
46.060444 -122.883255
46.031448 -122.876869
46.014637 -122.854942
45.980984 -122.836426
45.961147 -122.812782
45.932579 -122.804977
45.912888 -122.810295
45.884495 -122.796883
45.867863 -122.783813
45.850700 -122.784302
45.844379 -122.784477
45.825188 -122.794754
45.810165 -122.794395
45.780746 -122.768318
45.759327 -122.760239
45.734577 -122.758896
45.728401 -122.761398
45.699799 -122.771301
45.680599 -122.773308
45.657299 -122.762604
45.644299 -122.736900
45.637600 -122.712105
45.618198 -122.673798
45.609901 -122.642700
45.607800 -122.601402
45.596928 -122.546944
45.579922 -122.478111
45.567471 -122.452690
45.563744 -122.437469
45.567791 -122.409508
45.574699 -122.390602
45.576099 -122.379105
45.569599 -122.351601
45.548401 -122.330307
45.543701 -122.293701
45.543999 -122.265503
45.547905 -122.247795
45.564301 -122.200500
45.577866 -122.182465
45.584667 -122.139549
45.581570 -122.111160
45.583675 -122.100479
45.609676 -122.043175
45.615311 -122.021378
45.616093 -122.002495
45.622971 -121.981850
45.632942 -121.962349
45.643719 -121.954544
45.644333 -121.933960
45.649288 -121.921051
45.654560 -121.907082
45.662170 -121.899666
45.670876 -121.900665
45.693439 -121.865974
45.706924 -121.810120
45.694199 -121.733917
45.694973 -121.706177
45.705242 -121.667175
45.704815 -121.629982
45.726700 -121.531921
45.724834 -121.521210
45.721004 -121.497971
45.701527 -121.461662
45.697395 -121.439865
45.693047 -121.400558
45.703266 -121.371391
45.705109 -121.336586
45.700085 -121.311012
45.687176 -121.286140
45.671394 -121.214600
45.649986 -121.199181
45.629673 -121.194046
45.616848 -121.195374
45.606602 -121.182655
45.608044 -121.144356
45.612122 -121.138306
45.609921 -121.130775
45.618275 -121.115875
45.623291 -121.118881
45.648048 -121.083755
45.652702 -121.063194
45.651157 -121.032402
45.653374 -121.006271
45.648499 -120.982307
45.656898 -120.951904
45.656601 -120.942802
45.641499 -120.914703
45.640202 -120.912308
45.643101 -120.894402
45.671700 -120.854507
45.686401 -120.787704
45.716000 -120.688202
45.730301 -120.667801
45.737400 -120.652397
45.745998 -120.633797
45.746700 -120.589996
45.738499 -120.558304
45.700199 -120.504707
45.694599 -120.481201
45.699402 -120.402802
45.711399 -120.325905
45.721298 -120.282600
45.726101 -120.209602
45.762100 -120.169304
45.773300 -120.140198
45.785301 -120.069000
45.812630 -119.998352
45.824512 -119.964600
45.828285 -119.906319
45.836109 -119.866989
45.847675 -119.801514
45.845722 -119.771782
45.857014 -119.668739
45.905785 -119.622253
45.919727 -119.599419
45.925598 -119.570450
45.908752 -119.523499
45.906452 -119.486694
45.917500 -119.449127
45.918396 -119.430763
45.921753 -119.363266
45.933327 -119.321381
45.940071 -119.256027
45.928017 -119.194405
45.927750 -119.168373
45.933002 -119.125000
45.942890 -119.092102
45.958672 -119.060341
45.969280 -119.025948
45.979416 -119.007439
46.000000 -118.986015
46.000927 -117.995865
46.000874 -117.976723
45.999020 -117.602142
45.998001 -117.479095
45.998730 -117.389732
45.996479 -117.352928
45.998791 -117.336670
45.997662 -117.089317
45.995541 -116.915009
45.989037 -116.910431
45.977703 -116.892624
45.969048 -116.893929
45.960453 -116.890320
45.958633 -116.879524
45.954899 -116.875000
45.923923 -116.868675
45.904285 -116.856270
45.892395 -116.842567
45.877674 -116.813164
45.866211 -116.804405
45.861347 -116.795479
45.856171 -116.793587
45.844391 -116.786819
45.832050 -116.787354
45.825500 -116.781693
45.823490 -116.773247
45.816704 -116.762421
45.817551 -116.752945
45.826649 -116.733566
45.825851 -116.708778
45.820255 -116.696213
45.794510 -116.679840
45.782120 -116.664368
45.779938 -116.645370
45.785099 -116.631058
45.781933 -116.622765
45.779202 -116.593231
45.763123 -116.566360
45.755306 -116.558464
45.752483 -116.547112
45.734352 -116.534721
45.716270 -116.537224
45.691853 -116.534424
45.677757 -116.522987
45.675156 -116.516693
45.662033 -116.504456
45.651257 -116.488144
45.636883 -116.481781
45.632786 -116.481010
45.629314 -116.471130
45.625000 -116.471909
45.615898 -116.462524
45.602901 -116.462662
45.593727 -116.470711
45.586800 -116.481194
45.577564 -116.481438
45.566723 -116.501785
45.558544 -116.505989
45.556316 -116.519768
45.551628 -116.527344
45.546726 -116.522667
45.536800 -116.530754
45.525196 -116.534508
45.514309 -116.542862
45.504288 -116.556488
45.496326 -116.552109
45.481304 -116.557831
45.472916 -116.554008
45.463047 -116.553856
45.460289 -116.563011
45.443035 -116.587219
45.412888 -116.596474
45.394081 -116.622406
45.377533 -116.631371
45.321632 -116.672813
45.280743 -116.672325
45.274986 -116.674606
45.267975 -116.686050
45.240211 -116.702728
45.228271 -116.703133
45.217365 -116.708778
45.203136 -116.708557
45.171623 -116.723221
45.142212 -116.728622
45.133160 -116.744553
45.124344 -116.745880
45.121891 -116.751854
45.114098 -116.753662
45.105659 -116.773865
45.093727 -116.782555
45.079144 -116.782921
45.056423 -116.800758
45.037964 -116.824142
45.031029 -116.840324
45.022724 -116.846954
45.015434 -116.843811
45.011620 -116.846199
45.001556 -116.843643
44.984421 -116.855766
44.978130 -116.857285
44.973110 -116.852524
44.971840 -116.847588
44.983189 -116.838753
44.984001 -116.825905
44.969360 -116.835457
44.965485 -116.846054
44.959965 -116.850418
44.940758 -116.834709
44.931496 -116.831184
44.923725 -116.837471
44.880894 -116.856049
44.870720 -116.864342
44.866173 -116.876144
44.858387 -116.882599
44.855293 -116.888893
44.854969 -116.896729
44.848454 -116.895256
44.840729 -116.898712
44.836792 -116.899155
44.834915 -116.904778
44.812000 -116.921104
44.804901 -116.930107
44.796902 -116.932800
44.790001 -116.929703
44.784000 -116.933701
44.778099 -116.947998
44.773998 -116.969902
44.756500 -116.997902
44.756962 -117.012802
44.751137 -117.018997
44.751221 -117.028419
44.748295 -117.037262
44.741646 -117.046814
44.732670 -117.049210
44.727261 -117.061264
44.706772 -117.060791
44.703739 -117.062813
44.700638 -117.071213
44.692291 -117.078110
44.673885 -117.079788
44.664856 -117.094864
44.652126 -117.093964
44.647766 -117.097198
44.640808 -117.097214
44.627228 -117.107224
44.625000 -117.113747
44.614777 -117.119514
44.583954 -117.123741
44.575356 -117.132950
44.568722 -117.145027
44.564487 -117.147247
44.557350 -117.141922
44.545765 -117.143150
44.536266 -117.148232
44.525284 -117.160027
44.523075 -117.180565
44.513500 -117.188744
44.503387 -117.191483
44.492146 -117.199226
44.485775 -117.207916
44.484646 -117.220444
44.482464 -117.224068
44.477341 -117.224747
44.453865 -117.214561
44.427280 -117.214066
44.405701 -117.225967
44.396664 -117.241661
44.391090 -117.242020
44.373966 -117.234100
44.347523 -117.196327
44.336700 -117.188759
44.329735 -117.190536
44.326721 -117.195328
44.313141 -117.202309
44.308353 -117.215782
44.301498 -117.219063
44.297695 -117.221642
44.288475 -117.215965
44.273945 -117.197136
44.259007 -117.169334
44.257607 -117.156059
44.259487 -117.137520
44.277699 -117.120033
44.280785 -117.110619
44.280056 -117.103203
44.271091 -117.093567
44.258347 -117.088493
44.244125 -117.066277
44.229191 -117.052032
44.229855 -117.046066
44.242893 -117.041283
44.248753 -117.030861
44.245502 -117.015923
44.245590 -116.985870
44.242962 -116.974907
44.235790 -116.970963
44.226048 -116.972946
44.220955 -116.969246
44.208134 -116.972702
44.197372 -116.970680
44.194241 -116.964500
44.191380 -116.946594
44.194077 -116.934448
44.191883 -116.925072
44.182804 -116.913879
44.179581 -116.901756
44.168194 -116.894043
44.158230 -116.893318
44.152660 -116.896858
44.145283 -116.901413
44.140106 -116.910225
44.127419 -116.913239
44.115273 -116.927567
44.107441 -116.927315
44.100151 -116.932709
44.094177 -116.942139
44.091053 -116.966209
44.085480 -116.976357
44.049541 -116.972191
44.044823 -116.956619
44.035759 -116.942368
44.023918 -116.933739
44.010723 -116.935776
44.003868 -116.943871
44.001495 -116.943115
43.990993 -116.934853
43.986664 -116.935333
43.983898 -116.949577
43.972561 -116.956535
43.967941 -116.971657
43.962479 -116.977654
43.958328 -116.976334
43.955219 -116.959488
43.947109 -116.961555
43.938980 -116.968155
43.935413 -116.967155
43.932480 -116.960030
43.928852 -116.958160
43.918118 -116.960732
43.914391 -116.979866
43.895664 -116.975029
43.880165 -116.982841
43.866913 -116.983162
43.863979 -116.990425
43.864990 -116.996399
43.862568 -117.010529
43.859074 -117.019043
43.854076 -117.019127
43.849873 -117.009712
43.841160 -117.010590
43.839760 -117.013626
43.841625 -117.023346
43.833393 -117.031105
43.828884 -117.031296
43.823929 -117.022583
43.819519 -117.020561
43.808220 -117.025642
43.680984 -117.025551
42.000362 -117.025261
41.998196 -117.631386
41.997101 -118.196198
41.995552 -118.500000
41.991901 -118.695396
41.994308 -119.323151
41.994492 -119.359146
41.997753 -119.871872
41.994652 -119.998116
41.993053 -120.293373
41.993900 -120.878403
41.993443 -121.034210
41.997692 -121.250000
41.997303 -121.446503
42.007900 -122.288399
42.009655 -122.377068
42.005001 -122.633598
42.002750 -122.892815
42.003201 -123.044106
42.009399 -123.144798
42.004002 -123.229599
41.999264 -123.346390
42.001801 -123.433601
42.001015 -123.516739
42.000000 -123.623375
41.995300 -123.655823
41.997173 -123.726974
41.995640 -123.820290
41.998016 -124.210136
41.998627 -124.210411
42.005611 -124.214134
42.013481 -124.229706
42.024231 -124.239174
42.028568 -124.251213
42.044621 -124.267914
42.045746 -124.286850
42.051846 -124.298088
42.063240 -124.302422
42.068214 -124.314461
42.082985 -124.323456
42.087158 -124.333725
42.101284 -124.350578
42.117416 -124.355957
42.134590 -124.350418
42.142113 -124.354523
42.143974 -124.360374
42.158352 -124.365608
42.161194 -124.359840
42.170425 -124.362770
42.171490 -124.360550
42.182316 -124.360291
42.184269 -124.365341
42.197487 -124.374039
42.219070 -124.376534
42.245647 -124.402763
42.251263 -124.413063
42.260979 -124.407211
42.269291 -124.405922
42.298325 -124.408264
42.323952 -124.431587
42.360729 -124.424225
42.386627 -124.423264
42.420208 -124.427101
42.438751 -124.434776
42.458580 -124.420715
42.491840 -124.420715
42.544285 -124.395767
42.574986 -124.388405
42.591118 -124.397743
42.591118 -124.403252
42.595089 -124.406609
42.595390 -124.400803
42.600281 -124.399582
42.613419 -124.398361
42.629005 -124.402023
42.637562 -124.405380
42.640617 -124.410271
42.646420 -124.412109
42.648865 -124.409058
42.661087 -124.413940
42.675449 -124.449387
42.688286 -124.446945
42.701115 -124.457642
42.707230 -124.457642
42.734116 -124.474442
42.742062 -124.490326
42.740227 -124.497665
42.732590 -124.509277
42.735340 -124.512642
42.745422 -124.512642
42.792786 -124.524246
42.813564 -124.534637
42.828838 -124.549919
42.835503 -124.565460
42.840572 -124.563431
42.838795 -124.555588
42.841583 -124.550766
42.861855 -124.536324
42.869713 -124.533035
42.871990 -124.534798
42.888206 -124.519341
42.930523 -124.490967
42.954811 -124.478676
42.973095 -124.469421
43.041512 -124.442566
43.070904 -124.434967
43.106380 -124.432434
43.114487 -124.434967
43.131210 -124.421791
43.175304 -124.403542
43.215511 -124.394081
43.220024 -124.396667
43.272251 -124.381187
43.279022 -124.386986
43.286758 -124.386345
43.295467 -124.390854
43.306107 -124.401817
43.330608 -124.384727
43.332542 -124.376991
43.340923 -124.372803
43.339638 -124.368607
43.341572 -124.357330
43.345116 -124.348297
43.351563 -124.340561
43.384453 -124.316383
43.454411 -124.276726
43.561771 -124.230942
43.600464 -124.219337
43.610470 -124.217445
43.661720 -124.207726
43.708794 -124.191605
43.753929 -124.180000
43.828194 -124.163277
43.863422 -124.157173
43.928158 -124.145950
44.005905 -124.135284
44.020569 -124.137062
44.035671 -124.132179
44.102318 -124.121071
44.121422 -124.127289
44.127640 -124.124184
44.137859 -124.127289
44.146748 -124.120621
44.171185 -124.115738
44.237637 -124.110367
44.248104 -124.112610
44.264927 -124.107376
44.270908 -124.108871
44.272781 -124.113350
44.275822 -124.114372
44.276142 -124.114479
44.283241 -124.110641
44.286606 -124.113930
44.314468 -124.108139
44.330437 -124.100311
44.391167 -124.087158
44.439693 -124.080902
44.499176 -124.082153
44.523598 -124.075897
44.631287 -124.064003
44.656960 -124.057114
44.673241 -124.062119
44.672615 -124.075897
44.676373 -124.080902
44.678249 -124.072136
44.685135 -124.068375
44.718319 -124.059616
44.735851 -124.058357
44.761524 -124.065872
44.772167 -124.074013
44.797840 -124.073395
44.804100 -124.066505
44.831024 -124.065872
44.840416 -124.052727
44.851059 -124.046463
44.932457 -124.023293
44.957413 -124.020866
45.015263 -124.008278
45.032265 -124.010490
45.041317 -124.003860
45.044250 -124.003860
45.046177 -124.003860
45.049927 -124.016663
45.078854 -124.010490
45.084976 -124.004753
45.093384 -123.988823
45.157547 -123.970680
45.201801 -123.967133
45.215519 -123.970680
45.216427 -123.978935
45.218246 -123.979034
45.225735 -123.972046
45.271675 -123.962029
45.316990 -123.962967
45.336380 -123.971848
45.338715 -123.976982
45.336380 -124.002922
45.337078 -124.006653
45.339886 -124.006653
45.344788 -123.990540
45.355068 -123.972076
45.394550 -123.963203
45.431000 -123.959465
45.446419 -123.961098
45.462543 -123.971619
45.489643 -123.975349
45.493736 -123.965248
45.509819 -123.956367
45.534225 -123.953598
45.551418 -123.948051
45.571941 -123.955818
45.595791 -123.948608
45.663460 -123.938065
45.700066 -123.937515
45.731125 -123.943619
45.737782 -123.949715
45.743885 -123.962471
45.755531 -123.967461
45.761078 -123.979668
45.768845 -123.981331
45.780487 -123.968575
45.783394 -123.968170
45.844276 -123.959694
45.901958 -123.965248
45.916382 -123.970795
45.919151 -123.976898
45.930801 -123.979111
45.937454 -123.990211
45.946884 -123.992424
45.954098 -123.979668
45.969624 -123.969131
45.973488 -123.960121
45.975647 -123.939606
45.980503 -123.934219
46.014503 -123.926659
46.071712 -123.932053
46.125679 -123.950401
46.164536 -123.971451
46.212029 -124.001137
46.229301 -124.022186
46.236855 -124.010307
46.237930 -124.001137
46.212566 -123.971451
46.206093 -123.948784
46.190441 -123.921799
46.182346 -123.920723
46.166157 -123.892120
46.164536 -123.876465
46.158058 -123.861893
46.156979 -123.853256
46.160217 -123.843010
46.171551 -123.840851
46.181808 -123.861893
46.187744 -123.865135
46.193680 -123.843544
46.190441 -123.823036
46.195301 -123.799835
46.200695 -123.779861
46.213108 -123.756119
46.205013 -123.743706
46.200695 -123.731285
46.201237 -123.707008
46.206631 -123.686493
46.217964 -123.669228
46.218506 -123.655739
46.239552 -123.616882
46.257397 -123.615227
46.257458 -123.615257
