Rock_Creek-French_Camp_Slough
38.075526 -120.685870
38.075373 -120.685792
38.075208 -120.685688
38.075065 -120.685542
38.074996 -120.685366
38.074928 -120.685177
38.074855 -120.684768
38.074818 -120.684321
38.074798 -120.684099
38.074793 -120.683866
38.074737 -120.683731
38.074637 -120.683598
38.074505 -120.683520
38.074419 -120.683452
38.074219 -120.683296
38.073846 -120.683034
38.073604 -120.682836
38.073383 -120.682583
38.073139 -120.682317
38.072863 -120.682038
38.072620 -120.681785
38.072510 -120.681679
38.072390 -120.681615
38.072190 -120.681361
38.071923 -120.681000
38.071601 -120.680585
38.071248 -120.680254
38.070907 -120.679978
38.070752 -120.679832
38.070683 -120.679629
38.070362 -120.679255
38.070040 -120.678814
38.069815 -120.678557
38.069731 -120.678509
38.069521 -120.678423
38.069246 -120.678371
38.069066 -120.678297
38.068849 -120.678290
38.068566 -120.678203
38.068379 -120.678031
38.068248 -120.677981
38.067911 -120.677923
38.067799 -120.677909
38.067651 -120.677890
38.067477 -120.677841
38.067226 -120.677766
38.067017 -120.677568
38.066807 -120.677369
38.066653 -120.677210
38.066368 -120.677027
38.066115 -120.676830
38.065827 -120.676524
38.065643 -120.676202
38.065406 -120.676003
38.065079 -120.675890
38.064545 -120.675743
38.064317 -120.675695
38.064187 -120.675672
38.064122 -120.675660
38.063915 -120.675585
38.063749 -120.675440
38.063704 -120.675331
38.063610 -120.674951
38.063535 -120.674474
38.063487 -120.674173
38.063437 -120.673861
38.063257 -120.673696
38.063106 -120.673557
38.062906 -120.673303
38.062794 -120.673088
38.062544 -120.672521
38.062007 -120.671634
38.061829 -120.671380
38.061677 -120.670810
38.061321 -120.670314
38.060978 -120.669928
38.060645 -120.669514
38.060268 -120.669088
38.059802 -120.668515
38.059133 -120.668057
38.058836 -120.667833
38.058382 -120.667328
38.058038 -120.666873
38.057693 -120.666391
38.057482 -120.666138
38.057140 -120.665793
38.056595 -120.665085
38.056110 -120.664648
38.055999 -120.664488
38.055809 -120.664179
38.055697 -120.663977
38.055627 -120.663733
38.055372 -120.663440
38.055150 -120.663159
38.054948 -120.662810
38.054708 -120.662576
38.054596 -120.662506
38.054498 -120.662482
38.054348 -120.662569
38.054220 -120.662642
38.054006 -120.662772
38.053815 -120.662969
38.053539 -120.663252
38.053443 -120.663380
38.053297 -120.663574
38.053084 -120.663786
38.052861 -120.663999
38.052629 -120.664266
38.052319 -120.664495
38.051987 -120.664684
38.051676 -120.664789
38.051450 -120.664851
38.051202 -120.664900
38.050964 -120.664908
38.050877 -120.664885
38.050779 -120.664859
38.050583 -120.664797
38.050299 -120.664669
38.050015 -120.664568
38.049912 -120.664491
38.049806 -120.664411
38.049555 -120.664282
38.049362 -120.663836
38.049129 -120.663570
38.048744 -120.663213
38.048455 -120.662852
38.048178 -120.662519
38.047706 -120.662205
38.047160 -120.661963
38.046984 -120.661841
38.046820 -120.661727
38.046536 -120.661599
38.046297 -120.661539
38.045983 -120.661535
38.045669 -120.661545
38.045257 -120.661531
38.044965 -120.661526
38.044857 -120.661530
38.044637 -120.661372
38.044435 -120.661196
38.044355 -120.661149
38.044027 -120.660920
38.043718 -120.660700
38.043513 -120.660466
38.043397 -120.660361
38.043061 -120.660275
38.042804 -120.660239
38.042458 -120.660126
38.042308 -120.660050
38.042012 -120.659835
38.041804 -120.659632
38.041508 -120.659401
38.041299 -120.659118
38.041012 -120.658758
38.040843 -120.658570
38.040724 -120.658333
38.040664 -120.657901
38.040647 -120.657676
38.040632 -120.657555
38.040602 -120.657308
38.040406 -120.657057
38.039704 -120.656276
38.039313 -120.655790
38.038950 -120.655448
38.038707 -120.655344
38.038351 -120.655339
38.038109 -120.655347
38.037868 -120.655354
38.037625 -120.655298
38.037268 -120.655229
38.036997 -120.654996
38.036805 -120.654954
38.036666 -120.654975
38.036477 -120.655061
38.036417 -120.655092
38.036112 -120.655250
38.035858 -120.655290
38.035528 -120.655284
38.035109 -120.655298
38.034692 -120.655456
38.034324 -120.655451
38.033991 -120.655317
38.033692 -120.655179
38.033503 -120.655092
38.033095 -120.655008
38.032635 -120.654878
38.032315 -120.654808
38.032161 -120.654701
38.031902 -120.654452
38.031651 -120.654010
38.031443 -120.653743
38.031185 -120.653591
38.030802 -120.653475
38.030395 -120.653456
38.030076 -120.653417
38.029512 -120.653162
38.029097 -120.652758
38.028722 -120.652432
38.028476 -120.652215
38.028218 -120.652031
38.027978 -120.652103
38.027738 -120.652191
38.027473 -120.652279
38.027193 -120.652240
38.026784 -120.652157
38.026492 -120.652134
38.026299 -120.652339
38.026243 -120.652399
38.026057 -120.652646
38.025780 -120.652767
38.025511 -120.652954
38.025416 -120.653020
38.025179 -120.653252
38.025093 -120.653384
38.024965 -120.653340
38.024733 -120.653186
38.024451 -120.653083
38.023626 -120.653125
38.023245 -120.653137
38.022941 -120.653195
38.022716 -120.653395
38.022652 -120.653481
38.022506 -120.653675
38.022293 -120.653843
38.022039 -120.653835
38.021759 -120.653827
38.021571 -120.653946
38.021448 -120.654159
38.021285 -120.654292
38.021184 -120.654296
38.021106 -120.654242
38.020874 -120.654081
38.020643 -120.653959
38.020423 -120.653742
38.020200 -120.653427
38.019949 -120.652937
38.019792 -120.652717
38.019265 -120.652429
38.019049 -120.652404
38.018908 -120.652379
38.018453 -120.652471
38.018136 -120.652545
38.017832 -120.652555
38.017615 -120.652546
38.017346 -120.652426
38.017166 -120.652303
38.017109 -120.652291
38.016846 -120.652233
38.016728 -120.652303
38.016646 -120.652352
38.016384 -120.652633
38.016173 -120.652897
38.016116 -120.652939
38.016036 -120.652998
38.015820 -120.653005
38.015438 -120.652969
38.015146 -120.653026
38.014934 -120.653194
38.014874 -120.653266
38.014797 -120.653359
38.014743 -120.653294
38.014407 -120.652889
38.014023 -120.652146
38.013782 -120.651544
38.013584 -120.651164
38.013298 -120.650836
38.013116 -120.650617
38.012972 -120.650413
38.012966 -120.650156
38.013057 -120.649575
38.013112 -120.649155
38.013103 -120.648738
38.013067 -120.648193
38.012999 -120.647970
38.012787 -120.647543
38.012683 -120.647402
38.012362 -120.647251
38.012017 -120.647150
38.011646 -120.647065
38.011419 -120.647137
38.011389 -120.647184
38.011136 -120.647580
38.010950 -120.647827
38.010781 -120.647888
38.010710 -120.647915
38.010510 -120.648098
38.010349 -120.648312
38.010229 -120.648669
38.010059 -120.649044
38.009974 -120.649223
38.009764 -120.649567
38.009469 -120.650027
38.009248 -120.650419
38.009097 -120.650736
38.009016 -120.650909
38.008844 -120.651187
38.008685 -120.651497
38.008605 -120.651966
38.008498 -120.652355
38.008303 -120.652763
38.008182 -120.653040
38.008022 -120.653318
38.007852 -120.653741
38.007474 -120.654540
38.007303 -120.654867
38.007105 -120.655146
38.007016 -120.655165
38.006860 -120.655620
38.006689 -120.655963
38.006407 -120.656486
38.006271 -120.656683
38.006023 -120.656964
38.005589 -120.657540
38.005460 -120.657675
38.005415 -120.657722
38.005240 -120.657856
38.005177 -120.657874
38.004996 -120.657719
38.004854 -120.657627
38.004639 -120.657682
38.004385 -120.657860
38.004351 -120.657884
38.003974 -120.658137
38.003776 -120.658284
38.003611 -120.658406
38.003498 -120.658531
38.003313 -120.658737
38.003165 -120.658982
38.003016 -120.659132
38.002699 -120.659246
38.002624 -120.659273
38.002386 -120.659409
38.002172 -120.659544
38.002022 -120.659645
38.001873 -120.659827
38.001752 -120.660136
38.001657 -120.660460
38.001564 -120.660929
38.001544 -120.661170
38.001449 -120.661527
38.001326 -120.661755
38.001145 -120.662227
38.000962 -120.662618
38.000739 -120.662914
38.000580 -120.663193
38.000359 -120.663585
38.000146 -120.663753
37.999768 -120.663941
37.999559 -120.664269
37.999400 -120.664611
37.999181 -120.665084
37.999034 -120.665310
37.998947 -120.665445
37.998690 -120.665951
37.998483 -120.666439
37.998350 -120.666749
37.998157 -120.666643
37.998000 -120.666423
37.997818 -120.666204
37.997663 -120.666080
37.997446 -120.666039
37.996999 -120.665956
37.996755 -120.665820
37.996573 -120.665601
37.996513 -120.665558
37.996251 -120.665370
37.995979 -120.665154
37.995759 -120.664920
37.995614 -120.664699
37.995318 -120.664484
37.995047 -120.664300
37.994880 -120.664193
37.994661 -120.664039
37.994492 -120.663852
37.994243 -120.663506
37.993966 -120.662969
37.993766 -120.662526
37.993581 -120.662130
37.993384 -120.661847
37.993179 -120.661741
37.992832 -120.661559
37.992536 -120.661392
37.992393 -120.661236
37.992214 -120.661161
37.992061 -120.661118
37.991768 -120.661111
37.991615 -120.661068
37.991421 -120.660914
37.991137 -120.660714
37.990792 -120.660580
37.990522 -120.660428
37.990418 -120.660335
37.990350 -120.660113
37.990139 -120.659734
37.989902 -120.659292
37.989667 -120.658994
37.989407 -120.658713
37.989266 -120.658637
37.989143 -120.658641
37.989037 -120.658645
37.988785 -120.658733
37.988606 -120.658707
37.988401 -120.658617
37.988145 -120.658528
37.987850 -120.658377
37.987812 -120.658349
37.987566 -120.658161
37.987335 -120.658040
37.987115 -120.657871
37.986882 -120.657653
37.986587 -120.657534
37.986153 -120.657436
37.985821 -120.657366
37.985567 -120.657358
37.985477 -120.657313
37.985455 -120.657474
37.985436 -120.657826
37.985427 -120.657989
37.985394 -120.658231
37.985339 -120.658650
37.985134 -120.659218
37.984977 -120.659657
37.984657 -120.660149
37.984560 -120.660425
37.984439 -120.660702
37.984434 -120.661087
37.984441 -120.661441
37.984409 -120.661763
37.984327 -120.662103
37.984143 -120.662462
37.984075 -120.662849
37.983906 -120.663320
37.983747 -120.663614
37.983302 -120.664255
37.982930 -120.664732
37.982493 -120.665116
37.981990 -120.665372
37.981726 -120.665464
37.981384 -120.665584
37.980788 -120.665683
37.980359 -120.665826
37.979996 -120.666094
37.979835 -120.666324
37.979613 -120.666652
37.979580 -120.666675
37.979299 -120.666871
37.979058 -120.666878
37.978470 -120.666720
37.977897 -120.666642
37.977399 -120.666546
37.977170 -120.666521
37.977129 -120.666377
37.977177 -120.666282
37.977300 -120.666035
37.977468 -120.665548
37.977507 -120.664920
37.977498 -120.664487
37.977399 -120.663976
37.977249 -120.663451
37.976973 -120.663010
37.976353 -120.661858
37.975909 -120.661294
37.975482 -120.660874
37.975182 -120.660514
37.974921 -120.660169
37.974556 -120.659699
37.974115 -120.659263
37.973650 -120.658877
37.973322 -120.658357
37.972889 -120.657697
37.972617 -120.657465
37.972376 -120.657456
37.972033 -120.657499
37.971792 -120.657507
37.971485 -120.657404
37.971214 -120.657220
37.970970 -120.657051
37.970624 -120.656934
37.970176 -120.656788
37.969893 -120.656604
37.969590 -120.656694
37.969288 -120.656848
37.968988 -120.657098
37.968737 -120.657299
37.968384 -120.657423
37.968081 -120.657512
37.967954 -120.657517
37.967875 -120.657375
37.967618 -120.656628
37.967509 -120.656230
37.967477 -120.655926
37.967461 -120.655766
37.967258 -120.655773
37.967094 -120.655826
37.966643 -120.656161
37.966304 -120.656397
37.965951 -120.656521
37.965676 -120.656770
37.965415 -120.657035
37.965239 -120.657121
37.965110 -120.657029
37.965078 -120.656725
37.965084 -120.656404
37.965001 -120.656037
37.964916 -120.655590
37.964861 -120.655399
37.964694 -120.655292
37.964537 -120.655105
37.964450 -120.655204
37.964077 -120.655585
37.964022 -120.655622
37.963801 -120.655770
37.963613 -120.655937
37.963500 -120.656004
37.963509 -120.655779
37.963542 -120.655554
37.963554 -120.655490
37.963622 -120.655102
37.963654 -120.654795
37.963634 -120.654411
37.963627 -120.654058
37.963254 -120.653829
37.962993 -120.653532
37.962901 -120.653359
37.962661 -120.653446
37.962383 -120.653487
37.962217 -120.653493
37.961897 -120.653374
37.961627 -120.653190
37.961483 -120.652986
37.961313 -120.652783
37.961082 -120.652646
37.960801 -120.652591
37.960521 -120.652583
37.960280 -120.652591
37.959883 -120.652427
37.959397 -120.652298
37.958977 -120.652263
37.958725 -120.652384
37.958537 -120.652486
37.958297 -120.652574
37.958105 -120.652500
37.957911 -120.652329
37.957742 -120.652174
37.957575 -120.652067
37.957386 -120.652170
37.957223 -120.652239
37.957043 -120.652164
37.956835 -120.651914
37.956408 -120.651527
37.956137 -120.651343
37.955904 -120.651125
37.955470 -120.651043
37.955240 -120.650970
37.955062 -120.650959
37.954872 -120.650998
37.954583 -120.651167
37.954244 -120.651403
37.954109 -120.651478
37.953968 -120.651556
37.953728 -120.651660
37.953562 -120.651601
37.953443 -120.651531
37.953305 -120.651449
37.952651 -120.651197
37.952187 -120.650842
37.951941 -120.650625
37.951568 -120.650413
37.951233 -120.650166
37.950948 -120.649919
37.950728 -120.649717
37.950550 -120.649723
37.950287 -120.649924
37.949976 -120.650223
37.949882 -120.650452
37.949757 -120.650759
37.949653 -120.651276
37.949487 -120.651639
37.949352 -120.651996
37.949216 -120.652358
37.949138 -120.652516
37.948959 -120.652883
37.948783 -120.653130
37.948660 -120.653170
37.948459 -120.653104
37.948358 -120.653041
37.948092 -120.652875
37.947896 -120.652628
37.947631 -120.652215
37.947360 -120.652007
37.947088 -120.651799
37.946930 -120.651491
37.946742 -120.651160
37.946451 -120.650905
37.946201 -120.650780
37.946038 -120.650773
37.945855 -120.650683
37.945756 -120.650493
37.945662 -120.650063
37.945583 -120.649933
37.945515 -120.649851
37.945446 -120.649745
37.945414 -120.649602
37.945458 -120.649383
37.945492 -120.649214
37.945488 -120.648973
37.945398 -120.648795
37.945311 -120.648702
37.945196 -120.648706
37.945016 -120.648735
37.944789 -120.648839
37.944525 -120.649004
37.944254 -120.649241
37.943971 -120.649395
37.943877 -120.649418
37.943807 -120.649436
37.943609 -120.649418
37.943391 -120.649354
37.943090 -120.649182
37.942696 -120.649038
37.942389 -120.648952
37.942252 -120.648883
37.942052 -120.648782
37.941822 -120.648741
37.941595 -120.648327
37.941346 -120.647817
37.941101 -120.647488
37.940944 -120.647252
37.940804 -120.646896
37.940747 -120.646452
37.940711 -120.646056
37.940691 -120.645563
37.940690 -120.645491
37.940519 -120.645548
37.940453 -120.645571
37.940377 -120.645585
37.940195 -120.645519
37.940081 -120.645437
37.939875 -120.645288
37.939594 -120.645020
37.939396 -120.644690
37.939313 -120.644355
37.939230 -120.643997
37.938819 -120.643962
37.938503 -120.643864
37.938280 -120.643678
37.938198 -120.643416
37.938201 -120.643079
37.938168 -120.642839
37.938132 -120.642503
37.938077 -120.642120
37.938065 -120.641530
37.938069 -120.641241
37.938169 -120.641010
37.938043 -120.640893
37.937770 -120.640589
37.937633 -120.640437
37.937369 -120.640108
37.937233 -120.639944
37.937081 -120.639973
37.936683 -120.640130
37.936334 -120.640274
37.936121 -120.640314
37.936030 -120.640332
37.935592 -120.640358
37.935371 -120.640305
37.935178 -120.640154
37.935069 -120.639977
37.934936 -120.639536
37.934797 -120.639240
37.934543 -120.638935
37.934282 -120.638739
37.933972 -120.638555
37.933896 -120.638510
37.933511 -120.638354
37.933212 -120.638159
37.933056 -120.637996
37.932968 -120.637890
37.932863 -120.637893
37.932767 -120.637824
37.932522 -120.637519
37.932120 -120.636954
37.931964 -120.636755
37.931874 -120.636577
37.931742 -120.636172
37.931746 -120.635883
37.931674 -120.635621
37.931648 -120.635297
37.931499 -120.634964
37.931281 -120.634586
37.931095 -120.634351
37.930862 -120.634118
37.930680 -120.634076
37.930573 -120.633959
37.930348 -120.633701
37.930019 -120.633435
37.929780 -120.632937
37.929605 -120.632762
37.929413 -120.632684
37.929211 -120.632619
37.929077 -120.632587
37.928824 -120.632595
37.928782 -120.632596
37.928601 -120.632590
37.928265 -120.632505
37.927833 -120.632350
37.927564 -120.632226
37.927218 -120.632081
37.926791 -120.631746
37.926449 -120.631450
37.926099 -120.630973
37.925672 -120.630578
37.925401 -120.630394
37.925035 -120.630201
37.924753 -120.629934
37.924401 -120.629512
37.924184 -120.629109
37.924101 -120.628823
37.923979 -120.628442
37.923848 -120.628085
37.923727 -120.627728
37.923560 -120.627505
37.923221 -120.627227
37.922846 -120.627071
37.922663 -120.626980
37.922508 -120.626877
37.922331 -120.626606
37.922201 -120.626285
37.922081 -120.625988
37.921861 -120.625478
37.921564 -120.624970
37.921301 -120.624677
37.921097 -120.624554
37.920809 -120.624380
37.920401 -120.624032
37.920097 -120.623609
37.920021 -120.623480
37.919860 -120.623207
37.919737 -120.622766
37.919692 -120.622431
37.919696 -120.622142
37.919745 -120.621719
37.919737 -120.621346
37.919719 -120.620938
37.919716 -120.620793
37.919601 -120.620737
37.919401 -120.620743
37.919239 -120.620737
37.919104 -120.620669
37.918986 -120.620528
37.918856 -120.620219
37.918815 -120.620064
37.918774 -120.619909
37.918735 -120.619886
37.918402 -120.619921
37.918241 -120.619974
37.918099 -120.620003
37.917983 -120.619911
37.917855 -120.619710
37.917782 -120.619424
37.917764 -120.618979
37.917703 -120.618801
37.917415 -120.618726
37.917283 -120.618679
37.917117 -120.618620
37.917041 -120.618593
37.916752 -120.618470
37.916444 -120.618324
37.916178 -120.618144
37.916019 -120.618037
37.915903 -120.617944
37.915746 -120.617757
37.915739 -120.617711
37.915712 -120.617550
37.915681 -120.617362
37.915676 -120.617121
37.915621 -120.616750
37.915560 -120.616571
37.915411 -120.616251
37.915165 -120.615862
37.914848 -120.615307
37.914700 -120.615023
37.914572 -120.614822
37.914375 -120.614528
37.914264 -120.614475
37.914067 -120.614382
37.913825 -120.614185
37.913420 -120.613969
37.913028 -120.613934
37.912828 -120.613928
37.912656 -120.613898
37.912539 -120.613781
37.912362 -120.613510
37.912242 -120.613217
37.912212 -120.613142
37.911988 -120.612909
37.911880 -120.612756
37.911735 -120.612676
37.911448 -120.612613
37.911286 -120.612606
37.911135 -120.612620
37.910857 -120.612644
37.910599 -120.612605
37.910445 -120.612501
37.910318 -120.612397
37.909992 -120.612287
37.909712 -120.612104
37.909618 -120.612031
37.909431 -120.611884
37.909352 -120.611789
37.909255 -120.611673
37.909196 -120.611573
37.909068 -120.611355
37.908902 -120.611179
37.908728 -120.611053
37.908575 -120.611035
37.908211 -120.610961
37.907980 -120.610860
37.907787 -120.610722
37.907660 -120.610558
37.907530 -120.610273
37.907413 -120.609793
37.907372 -120.609545
37.907232 -120.609212
37.907047 -120.609038
37.906718 -120.608796
37.906463 -120.608431
37.906374 -120.608306
37.906348 -120.608264
37.906253 -120.608426
37.906217 -120.608531
37.906145 -120.608742
37.905846 -120.609053
37.905621 -120.609216
37.905196 -120.609410
37.904763 -120.609689
37.904559 -120.609731
37.904488 -120.609746
37.904210 -120.609695
37.903941 -120.609559
37.903538 -120.609440
37.903241 -120.609365
37.903002 -120.609361
37.902726 -120.609370
37.902359 -120.609623
37.902152 -120.609792
37.902022 -120.609898
37.901815 -120.610013
37.901605 -120.610020
37.901576 -120.610012
37.901442 -120.609977
37.901154 -120.609878
37.901011 -120.609895
37.900881 -120.610043
37.900781 -120.610311
37.900722 -120.610674
37.900659 -120.610833
37.900550 -120.610948
37.900519 -120.610981
37.900282 -120.611061
37.900120 -120.611091
37.899918 -120.610977
37.899706 -120.610763
37.899675 -120.610732
37.899517 -120.610485
37.899268 -120.610670
37.899151 -120.610773
37.898736 -120.610991
37.898272 -120.611138
37.897952 -120.611329
37.897707 -120.611481
37.897427 -120.611755
37.897143 -120.611960
37.897060 -120.612020
37.896853 -120.612135
37.896624 -120.612142
37.896442 -120.612100
37.896250 -120.612022
37.895896 -120.611973
37.895696 -120.611967
37.895457 -120.611939
37.895283 -120.611824
37.894983 -120.611594
37.894769 -120.611396
37.894752 -120.611372
37.894514 -120.611031
37.894319 -120.610809
37.894212 -120.610728
37.894146 -120.610742
37.893976 -120.610844
37.893740 -120.610965
37.893540 -120.610955
37.893185 -120.610822
37.892790 -120.610630
37.892405 -120.610450
37.891906 -120.610310
37.891522 -120.610178
37.891084 -120.610192
37.890754 -120.610359
37.890500 -120.610548
37.889978 -120.611118
37.889705 -120.611283
37.889192 -120.611384
37.888934 -120.611332
37.888759 -120.611169
37.888506 -120.610913
37.888313 -120.610811
37.887760 -120.610793
37.887311 -120.610735
37.887081 -120.610706
37.886650 -120.610588
37.886292 -120.610323
37.886138 -120.610148
37.886106 -120.610112
37.885931 -120.609926
37.885787 -120.609858
37.885499 -120.609795
37.885270 -120.609766
37.884956 -120.609765
37.884717 -120.609736
37.884611 -120.609738
37.884342 -120.609616
37.884118 -120.609371
37.883933 -120.609148
37.883795 -120.608936
37.883744 -120.608806
37.883396 -120.609021
37.883150 -120.609113
37.882770 -120.609150
37.882636 -120.609154
37.882625 -120.609204
37.882540 -120.609578
37.882462 -120.609990
37.882284 -120.610573
37.882147 -120.610902
37.881898 -120.611307
37.881725 -120.611685
37.881505 -120.612125
37.881322 -120.612528
37.881166 -120.612822
37.881009 -120.613055
37.880583 -120.613226
37.880274 -120.613464
37.879973 -120.613678
37.879793 -120.613720
37.879336 -120.613759
37.878852 -120.613847
37.878721 -120.613937
37.878617 -120.614011
37.878470 -120.614328
37.878428 -120.614594
37.878433 -120.614822
37.878430 -120.615159
37.878405 -120.615352
37.878271 -120.615766
37.878106 -120.616120
37.877959 -120.616353
37.877725 -120.616577
37.877462 -120.616790
37.877283 -120.616880
37.877067 -120.617019
37.876843 -120.617267
37.876743 -120.617511
37.876700 -120.617753
37.876526 -120.618095
37.876395 -120.618207
37.876225 -120.618309
37.876045 -120.618375
37.875905 -120.618524
37.875830 -120.618574
37.875769 -120.618841
37.875714 -120.618975
37.875492 -120.619307
37.875302 -120.619549
37.875274 -120.619594
37.874737 -120.620233
37.874415 -120.620644
37.873866 -120.621159
37.873565 -120.621488
37.873518 -120.621539
37.873270 -120.621852
37.873058 -120.622051
37.872897 -120.622281
37.872652 -120.622689
37.872504 -120.622919
37.872116 -120.623252
37.872079 -120.623273
37.871689 -120.623495
37.871488 -120.623609
37.871162 -120.623828
37.870721 -120.624034
37.870321 -120.624352
37.869851 -120.625008
37.869437 -120.625887
37.869300 -120.626645
37.869180 -120.627018
37.869151 -120.627071
37.868984 -120.627377
37.868170 -120.628092
37.867523 -120.628594
37.867000 -120.629128
37.866839 -120.629278
37.866560 -120.629539
37.866170 -120.630067
37.866087 -120.630179
37.865682 -120.630902
37.865415 -120.631403
37.865043 -120.631923
37.864739 -120.632387
37.864226 -120.632933
37.863721 -120.633653
37.863655 -120.633750
37.863363 -120.634127
37.863076 -120.634509
37.862937 -120.634729
37.862696 -120.635062
37.862453 -120.635298
37.862170 -120.635439
37.861952 -120.635530
37.861755 -120.635693
37.861416 -120.635896
37.861217 -120.635939
37.860931 -120.635948
37.860741 -120.636002
37.860550 -120.636060
37.860261 -120.636214
37.859871 -120.636403
37.859571 -120.636637
37.859335 -120.636917
37.859147 -120.637051
37.858945 -120.637122
37.858831 -120.637173
37.858746 -120.637368
37.858397 -120.637700
37.858198 -120.637931
37.858036 -120.638048
37.857769 -120.638073
37.857467 -120.638243
37.857319 -120.638440
37.857195 -120.638588
37.857045 -120.638705
37.856867 -120.638727
37.856614 -120.638799
37.856290 -120.639082
37.856075 -120.639153
37.855912 -120.639270
37.855735 -120.639324
37.855622 -120.639376
37.855424 -120.639671
37.855186 -120.639807
37.854748 -120.640016
37.854719 -120.640028
37.854380 -120.640217
37.853913 -120.640376
37.853574 -120.640595
37.853070 -120.641445
37.852653 -120.642196
37.852035 -120.643049
37.851803 -120.643262
37.851386 -120.643647
37.851176 -120.643958
37.851056 -120.644314
37.851012 -120.644668
37.850918 -120.645056
37.850724 -120.645511
37.850293 -120.646182
37.849792 -120.646583
37.849429 -120.646835
37.849018 -120.647297
37.848772 -120.647705
37.848425 -120.648117
37.848125 -120.648367
37.847577 -120.648961
37.847291 -120.649222
37.847248 -120.649232
37.846862 -120.649433
37.846381 -120.649528
37.846127 -120.649552
37.846000 -120.649556
37.845745 -120.649500
37.845640 -120.649453
37.845514 -120.649396
37.845109 -120.649489
37.845035 -120.649536
37.844846 -120.649657
37.844709 -120.649822
37.844559 -120.650143
37.844526 -120.650212
37.844472 -120.650663
37.844457 -120.650924
37.844443 -120.651161
37.844441 -120.651674
37.844431 -120.652443
37.844551 -120.653353
37.844734 -120.654245
37.844759 -120.654885
37.844667 -120.655337
37.844563 -120.655869
37.844466 -120.656113
37.844209 -120.656602
37.844152 -120.656924
37.844122 -120.657342
37.844143 -120.657774
37.844200 -120.658093
37.844308 -120.658394
37.843984 -120.658404
37.843800 -120.658410
37.843318 -120.658489
37.843039 -120.658482
37.842733 -120.658444
37.842542 -120.658418
37.842427 -120.658389
37.842456 -120.658597
37.842511 -120.658836
37.842526 -120.658899
37.842548 -120.659395
37.842529 -120.659716
37.842423 -120.660136
37.842284 -120.660782
37.842141 -120.661299
37.842036 -120.661767
37.841958 -120.662283
37.841913 -120.662605
37.841709 -120.662579
37.841478 -120.662598
37.841392 -120.662605
37.840962 -120.662699
37.840216 -120.662931
37.839975 -120.662954
37.839743 -120.662801
37.839600 -120.662630
37.839439 -120.662202
37.839229 -120.661840
37.839085 -120.661668
37.838854 -120.661547
37.838574 -120.661492
37.838431 -120.661336
37.838223 -120.661103
37.837964 -120.660950
37.837570 -120.660899
37.837343 -120.660807
37.837276 -120.660780
37.837031 -120.660627
37.836761 -120.660476
37.836610 -120.660528
37.836312 -120.660906
37.836252 -120.661014
37.836030 -120.661412
37.835848 -120.661851
37.835820 -120.662364
37.835904 -120.662778
37.836084 -120.663494
37.836093 -120.663958
37.836040 -120.664489
37.835934 -120.664909
37.835586 -120.665305
37.835105 -120.666041
37.834834 -120.666482
37.834642 -120.667081
37.834662 -120.667465
37.834744 -120.667735
37.834815 -120.668133
37.834874 -120.668548
37.834885 -120.669093
37.834891 -120.669397
37.834859 -120.669703
37.834567 -120.670369
37.834503 -120.670487
37.834248 -120.670956
37.833935 -120.671190
37.833689 -120.671566
37.833643 -120.671661
37.833493 -120.671973
37.833370 -120.672169
37.833300 -120.672492
37.833296 -120.672909
37.833329 -120.673293
37.833257 -120.673519
37.833173 -120.673762
37.833018 -120.674296
37.832951 -120.674779
37.833003 -120.675450
37.833000 -120.676081
37.832981 -120.676829
37.832894 -120.677558
37.832939 -120.678134
37.832995 -120.678410
37.832869 -120.678884
37.832740 -120.679230
37.832715 -120.679679
37.832671 -120.680001
37.832769 -120.680703
37.832765 -120.681323
37.832855 -120.681620
37.832942 -120.681724
37.833286 -120.681969
37.833655 -120.682322
37.833908 -120.682591
37.834189 -120.683074
37.834387 -120.683687
37.834552 -120.683998
37.834599 -120.684086
37.834903 -120.684077
37.835077 -120.684072
37.835225 -120.684067
37.835466 -120.684230
37.835711 -120.684650
37.835855 -120.685073
37.836048 -120.685387
37.836375 -120.685545
37.836473 -120.685593
37.836664 -120.685627
37.836856 -120.685661
37.837144 -120.685763
37.837318 -120.685815
37.837741 -120.686082
37.838054 -120.686473
37.838116 -120.686541
37.838392 -120.686847
37.838588 -120.687114
37.838479 -120.687422
37.838423 -120.687760
37.838415 -120.688033
37.838487 -120.688431
37.838712 -120.688889
37.838736 -120.689481
37.838772 -120.690041
37.838743 -120.690491
37.838536 -120.690946
37.838427 -120.691249
37.838358 -120.691440
37.838331 -120.691513
37.838071 -120.691858
37.837795 -120.692075
37.837556 -120.692178
37.837216 -120.692457
37.837033 -120.692724
37.836972 -120.692886
37.836990 -120.692975
37.837015 -120.693109
37.837119 -120.693250
37.837353 -120.693483
37.837390 -120.693516
37.837599 -120.693700
37.837692 -120.693921
37.837684 -120.694178
37.837665 -120.694499
37.837603 -120.695206
37.837610 -120.695607
37.837719 -120.695940
37.837698 -120.696181
37.837502 -120.696540
37.837340 -120.696721
37.837213 -120.696741
37.836975 -120.696797
37.836710 -120.697029
37.836625 -120.697224
37.836626 -120.697260
37.836631 -120.697512
37.836808 -120.697737
37.837225 -120.698007
37.837394 -120.698230
37.837473 -120.698335
37.837788 -120.698823
37.838101 -120.699246
37.838409 -120.699396
37.838701 -120.699387
37.838619 -120.699742
37.838562 -120.700081
37.838567 -120.700337
37.838600 -120.700705
37.838602 -120.700801
37.838541 -120.700931
37.838347 -120.701008
37.838238 -120.701052
37.837985 -120.701092
37.837542 -120.701218
37.837266 -120.701371
37.837039 -120.701506
37.837008 -120.701647
37.836961 -120.702022
37.837097 -120.702514
37.837121 -120.702593
37.837206 -120.702879
37.837353 -120.703243
37.837397 -120.703563
37.837496 -120.704056
37.837474 -120.704217
37.837324 -120.704301
37.837204 -120.704368
37.837109 -120.704421
37.836818 -120.704494
37.836603 -120.704565
37.836430 -120.704795
37.836340 -120.705374
37.836306 -120.705632
37.836366 -120.706095
37.836336 -120.706480
37.836289 -120.706824
37.836156 -120.706935
37.836077 -120.706937
37.835885 -120.706943
37.835512 -120.706955
37.835072 -120.706990
37.835034 -120.707000
37.834550 -120.707134
37.834045 -120.707321
37.833793 -120.707457
37.833667 -120.707569
37.833644 -120.707589
37.833650 -120.707910
37.833827 -120.708464
37.833866 -120.708587
37.834041 -120.709158
37.834400 -120.709997
37.834485 -120.710427
37.834586 -120.711065
37.834763 -120.711668
37.834815 -120.712372
37.834927 -120.712897
37.835157 -120.713157
37.835583 -120.713326
37.835878 -120.713461
37.836382 -120.713674
37.836442 -120.713700
37.836892 -120.713958
37.837535 -120.714323
37.838038 -120.714692
37.838259 -120.714990
37.838818 -120.715598
37.839138 -120.715700
37.839518 -120.715656
37.839884 -120.715577
37.839937 -120.715864
37.839904 -120.716165
37.839788 -120.716530
37.839706 -120.716725
37.839690 -120.716893
37.839723 -120.717109
37.839941 -120.717559
37.840111 -120.717962
37.840149 -120.718343
37.840071 -120.718730
37.839878 -120.719270
37.839565 -120.719707
37.839184 -120.720189
37.839147 -120.720229
37.838603 -120.720805
37.838190 -120.721374
37.838026 -120.721800
37.837948 -120.722001
37.837856 -120.722495
37.837646 -120.723036
37.837496 -120.723375
37.837397 -120.723599
37.837344 -120.724146
37.837289 -120.724596
37.837031 -120.725069
37.836784 -120.725461
37.836750 -120.725517
37.836563 -120.725821
37.836292 -120.726278
37.836069 -120.726605
37.835780 -120.726758
37.835404 -120.727215
37.835210 -120.727657
37.834885 -120.728330
37.834669 -120.728571
37.834627 -120.728536
37.834324 -120.728283
37.834119 -120.728182
37.833900 -120.728253
37.833552 -120.728648
37.833286 -120.728913
37.832908 -120.729523
37.832527 -120.729983
37.832259 -120.730086
37.832224 -120.730092
37.831936 -120.730100
37.831909 -120.730097
37.831560 -120.729949
37.831185 -120.729811
37.830965 -120.729860
37.830859 -120.730129
37.830820 -120.730228
37.830847 -120.730740
37.831113 -120.731394
37.831223 -120.731818
37.831213 -120.732139
37.831054 -120.732524
37.830937 -120.732810
37.830733 -120.733160
37.830494 -120.733571
37.830288 -120.734304
37.830267 -120.734946
37.830413 -120.735518
37.830744 -120.735957
37.831106 -120.736266
37.830927 -120.736699
37.830788 -120.737366
37.830799 -120.737963
37.830914 -120.738622
37.830974 -120.739133
37.830986 -120.739731
37.830824 -120.740142
37.830459 -120.740538
37.830039 -120.740829
37.829932 -120.740923
37.829664 -120.741161
37.829419 -120.741665
37.829405 -120.741764
37.829363 -120.742067
37.829364 -120.742756
37.829358 -120.743125
37.829242 -120.743705
37.829070 -120.744319
37.829052 -120.744384
37.828822 -120.744984
37.828803 -120.745321
37.828944 -120.746038
37.829134 -120.746689
37.829246 -120.747199
37.829255 -120.747695
37.829278 -120.748224
37.829438 -120.748619
37.829865 -120.749007
37.830147 -120.749159
37.830187 -120.749467
37.830207 -120.749622
37.830248 -120.750262
37.830123 -120.751900
37.830114 -120.752717
37.830139 -120.753374
37.830198 -120.753821
37.830355 -120.754713
37.830506 -120.755286
37.830513 -120.755654
37.830443 -120.756009
37.830385 -120.756267
37.830276 -120.756575
37.830229 -120.756630
37.830065 -120.756821
37.829839 -120.756956
37.829729 -120.757135
37.829678 -120.757218
37.829510 -120.757720
37.829491 -120.758057
37.829449 -120.758539
37.829415 -120.758748
37.829383 -120.759054
37.829246 -120.759891
37.828914 -120.761792
37.828659 -120.763082
37.828540 -120.763550
37.828392 -120.763763
37.828206 -120.764009
37.828223 -120.764249
37.828282 -120.764648
37.828312 -120.764919
37.828219 -120.765387
37.828108 -120.766191
37.827949 -120.767029
37.827712 -120.768126
37.827586 -120.768867
37.827492 -120.769084
37.827452 -120.769176
37.827231 -120.769551
37.827213 -120.769582
37.827022 -120.769926
37.826812 -120.770285
37.826562 -120.770501
37.826373 -120.770586
37.826274 -120.770702
37.826276 -120.770830
37.826397 -120.771179
37.826427 -120.771434
37.826373 -120.771900
37.826193 -120.772483
37.825947 -120.772939
37.825738 -120.773266
37.825404 -120.773756
37.825007 -120.774265
37.824771 -120.774577
37.824536 -120.774904
37.824451 -120.775147
37.824399 -120.775758
37.824419 -120.776158
37.824329 -120.776753
37.824245 -120.777012
37.824061 -120.777370
37.823773 -120.777619
37.823626 -120.777880
37.823620 -120.778233
37.823579 -120.778779
37.823488 -120.779310
37.823344 -120.779763
37.823084 -120.780140
37.822823 -120.780452
37.822659 -120.780521
37.822494 -120.780558
37.822252 -120.780517
37.822047 -120.780427
37.821791 -120.780339
37.821371 -120.780319
37.820774 -120.780321
37.820444 -120.780347
37.819999 -120.780328
37.819756 -120.780325
37.819617 -120.780324
37.819356 -120.780238
37.819323 -120.780233
37.819259 -120.780206
37.818978 -120.780118
37.818789 -120.780220
37.818702 -120.780335
37.818406 -120.780793
37.817857 -120.781354
37.817571 -120.781715
37.817263 -120.782205
37.817003 -120.782597
37.816856 -120.782890
37.816521 -120.783333
37.816274 -120.783676
37.816103 -120.784034
37.815958 -120.784471
37.815813 -120.784876
37.815652 -120.785105
37.815439 -120.785256
37.815059 -120.785315
37.814435 -120.785270
37.813838 -120.785271
37.813368 -120.785285
37.812731 -120.785240
37.812183 -120.785145
37.811800 -120.785076
37.811558 -120.785051
37.811306 -120.785123
37.811016 -120.785292
37.810789 -120.785379
37.810677 -120.785510
37.810634 -120.785896
37.810531 -120.786492
37.810465 -120.787070
37.810322 -120.787555
37.810078 -120.788107
37.809961 -120.788656
37.809943 -120.789025
37.809947 -120.789265
37.810078 -120.789453
37.810307 -120.789462
37.810739 -120.789466
37.811159 -120.789501
37.811491 -120.789555
37.811720 -120.789564
37.812001 -120.789636
37.812309 -120.789819
37.812603 -120.789891
37.813059 -120.789829
37.813468 -120.789945
37.813815 -120.790143
37.814073 -120.790327
37.814291 -120.790465
37.814554 -120.790890
37.814789 -120.791235
37.814887 -120.791475
37.814989 -120.791726
37.815079 -120.791920
37.815121 -120.792011
37.815302 -120.792165
37.815155 -120.792442
37.814978 -120.792768
37.814872 -120.792963
37.814678 -120.793466
37.814608 -120.793820
37.814602 -120.794173
37.814613 -120.794733
37.814635 -120.795214
37.814640 -120.795518
37.814644 -120.795570
37.814658 -120.795790
37.814681 -120.796333
37.814684 -120.796476
37.814685 -120.796574
37.814752 -120.796748
37.814859 -120.796745
37.814994 -120.796741
37.815236 -120.796798
37.815326 -120.796868
37.815455 -120.796968
37.815599 -120.797188
37.816092 -120.797686
37.816290 -120.798080
37.816346 -120.798367
37.816275 -120.798674
37.816143 -120.799062
37.815995 -120.799340
37.815860 -120.799551
37.816112 -120.799580
37.816191 -120.799589
37.816398 -120.799792
37.816490 -120.800020
37.816531 -120.800124
37.816535 -120.800332
37.816551 -120.800492
37.816678 -120.800504
37.816958 -120.800496
37.817169 -120.800598
37.817240 -120.800632
37.817456 -120.800748
37.817401 -120.801076
37.817372 -120.801196
37.817318 -120.801415
37.817285 -120.801656
37.817376 -120.801798
37.817519 -120.801986
37.817569 -120.802050
37.817819 -120.802377
37.817993 -120.802821
37.818037 -120.803156
37.818044 -120.803556
37.818101 -120.803875
37.818195 -120.804241
37.818356 -120.804685
37.818376 -120.804876
37.818331 -120.805177
37.818086 -120.805675
37.817890 -120.806087
37.817774 -120.806197
37.817601 -120.806010
37.817291 -120.805742
37.816967 -120.805666
37.816763 -120.805608
37.816643 -120.805547
37.816479 -120.805851
37.816319 -120.806347
37.816010 -120.807019
37.815780 -120.807431
37.815587 -120.807993
37.815545 -120.808485
37.815606 -120.808996
37.815752 -120.809590
37.815864 -120.810142
37.815754 -120.810206
37.815630 -120.810277
37.814990 -120.810531
37.814638 -120.810712
37.814183 -120.810854
37.813762 -120.810995
37.813255 -120.811095
37.812851 -120.811214
37.812649 -120.811305
37.812688 -120.811582
37.812813 -120.811899
37.812817 -120.812155
37.812703 -120.812372
37.812541 -120.812783
37.812390 -120.812894
37.812089 -120.813074
37.812196 -120.813391
37.812253 -120.813688
37.812357 -120.814197
37.812383 -120.814325
37.812391 -120.814731
37.812281 -120.815226
37.812068 -120.815638
37.811776 -120.816203
37.811547 -120.816867
37.811447 -120.817444
37.811534 -120.818213
37.811580 -120.818661
37.811546 -120.818886
37.811488 -120.819160
37.811365 -120.819420
37.811173 -120.819809
37.811083 -120.819989
37.811014 -120.820071
37.810847 -120.820268
37.810717 -120.820785
37.810724 -120.821153
37.810820 -120.821567
37.811196 -120.821924
37.811454 -120.822157
37.811318 -120.822369
37.811129 -120.822471
37.810929 -120.822637
37.810818 -120.822817
37.810537 -120.822745
37.810322 -120.822783
37.810114 -120.822769
37.809877 -120.822796
37.809847 -120.822890
37.809757 -120.823168
37.809671 -120.823363
37.809496 -120.823496
37.809383 -120.823564
37.809425 -120.823771
37.809497 -120.824217
37.809589 -120.824423
37.809618 -120.824582
37.809538 -120.825097
37.809430 -120.825421
37.809298 -120.825857
37.809152 -120.826230
37.808943 -120.826589
37.808782 -120.826834
37.808447 -120.827276
37.808225 -120.827619
37.808061 -120.827704
37.807882 -120.827661
37.807743 -120.827681
37.807542 -120.827831
37.807341 -120.827949
37.807088 -120.828037
37.806821 -120.827997
37.806448 -120.827751
37.806202 -120.827550
37.805969 -120.827285
37.805778 -120.826948
37.805745 -120.826891
37.805477 -120.826146
37.805240 -120.825656
37.805078 -120.825164
37.804923 -120.825024
37.804492 -120.825117
37.804211 -120.825217
37.804101 -120.825257
37.803784 -120.825298
37.803613 -120.825256
37.803439 -120.825212
37.803131 -120.825029
37.802949 -120.824826
37.802777 -120.824447
37.802706 -120.824080
37.802700 -120.823744
37.802698 -120.823616
37.802494 -120.823590
37.802114 -120.823665
37.801859 -120.823640
37.801614 -120.823439
37.801443 -120.823140
37.801257 -120.822697
37.801025 -120.822496
37.800834 -120.822485
37.800682 -120.822554
37.800445 -120.822753
37.800242 -120.822807
37.800050 -120.822732
37.799830 -120.822531
37.799676 -120.822455
37.799530 -120.822636
37.799478 -120.822701
37.799341 -120.822881
37.799117 -120.823128
37.798937 -120.823021
37.798641 -120.822822
37.798395 -120.822573
37.798161 -120.822291
37.798005 -120.822120
37.797786 -120.821950
37.797593 -120.821827
37.797452 -120.821751
37.797248 -120.821757
37.796944 -120.821782
37.796743 -120.821900
37.796405 -120.822148
37.796379 -120.822167
37.795998 -120.822163
37.795579 -120.822223
37.795135 -120.822273
37.795083 -120.822270
37.794716 -120.822280
37.794296 -120.822229
37.794091 -120.822187
37.793912 -120.822112
37.793801 -120.822039
37.793655 -120.821943
37.793539 -120.821866
37.793284 -120.821810
37.792939 -120.821740
37.792544 -120.821671
37.792213 -120.821633
37.791959 -120.821673
37.791936 -120.821703
37.791835 -120.821836
37.791637 -120.822130
37.791640 -120.822307
37.791669 -120.822482
37.791748 -120.822624
37.792017 -120.822728
37.792183 -120.822787
37.792378 -120.823022
37.792394 -120.823213
37.792398 -120.823406
37.792340 -120.823696
37.792305 -120.823905
37.792132 -120.824150
37.792013 -120.824245
37.791882 -120.824350
37.791805 -120.824443
37.791732 -120.824530
37.791597 -120.824775
37.791512 -120.824969
37.791425 -120.825084
37.791427 -120.825228
37.791496 -120.825514
37.791528 -120.825850
37.791558 -120.826105
37.791624 -120.826247
37.791690 -120.826342
37.791424 -120.826445
37.791364 -120.826591
37.791330 -120.826817
37.791233 -120.827108
37.791136 -120.827367
37.791065 -120.827515
37.791026 -120.827594
37.790856 -120.828032
37.790735 -120.828372
37.790552 -120.828761
37.790443 -120.829037
37.790307 -120.829265
37.790083 -120.829496
37.789867 -120.829550
37.789780 -120.829649
37.789760 -120.829954
37.789766 -120.830226
37.789808 -120.830481
37.789901 -120.830655
37.790067 -120.830730
37.790323 -120.830818
37.790690 -120.830856
37.790730 -120.830855
37.791300 -120.830838
37.791588 -120.830829
37.791811 -120.830972
37.791814 -120.831143
37.791770 -120.831529
37.791740 -120.831722
37.791643 -120.831960
37.791545 -120.832155
37.791364 -120.832480
37.791084 -120.832916
37.791017 -120.833004
37.790852 -120.833222
37.790995 -120.833623
37.791097 -120.833620
37.791369 -120.833655
37.791677 -120.833817
37.792034 -120.834105
37.792462 -120.834349
37.792803 -120.834446
37.793076 -120.834545
37.793405 -120.834920
37.793226 -120.835352
37.793133 -120.835803
37.793179 -120.836464
37.793067 -120.836809
37.792900 -120.836963
37.792681 -120.837034
37.792443 -120.836998
37.792140 -120.837092
37.791939 -120.837248
37.791791 -120.837465
37.791793 -120.837594
37.791695 -120.837789
37.791477 -120.837923
37.791069 -120.838103
37.790873 -120.838261
37.790704 -120.838309
37.790760 -120.838542
37.790965 -120.838842
37.791277 -120.839039
37.791602 -120.839201
37.791843 -120.839386
37.792067 -120.839614
37.792174 -120.839868
37.792275 -120.840065
37.792434 -120.840223
37.792727 -120.840450
37.793240 -120.840691
37.793430 -120.840920
37.793445 -120.841418
37.793554 -120.841799
37.793457 -120.842080
37.793264 -120.842619
37.793002 -120.843118
37.792941 -120.843526
37.792932 -120.843975
37.793006 -120.844271
37.793111 -120.844482
37.793103 -120.844931
37.793106 -120.845144
37.793131 -120.845542
37.793040 -120.846143
37.793115 -120.846546
37.793221 -120.846757
37.793377 -120.846966
37.793534 -120.847218
37.793863 -120.847571
37.794173 -120.847882
37.794604 -120.848276
37.794794 -120.848462
37.795138 -120.848730
37.795566 -120.848953
37.795873 -120.849051
37.796160 -120.849000
37.796515 -120.848968
37.796613 -120.848979
37.796821 -120.849002
37.797148 -120.849359
37.797462 -120.849631
37.797656 -120.849794
37.797692 -120.849824
37.797684 -120.849891
37.797633 -120.850338
37.797574 -120.851516
37.797567 -120.851650
37.797514 -120.852449
37.797394 -120.853335
37.797293 -120.853965
37.796977 -120.854849
37.796455 -120.855975
37.796218 -120.856516
37.796016 -120.857013
37.795719 -120.857427
37.795301 -120.857781
37.794808 -120.858060
37.794773 -120.858080
37.794664 -120.858141
37.794010 -120.858545
37.793562 -120.858814
37.793193 -120.859060
37.793136 -120.859098
37.793095 -120.859110
37.792815 -120.859185
37.792122 -120.859244
37.791676 -120.859237
37.791119 -120.859118
37.790779 -120.859069
37.790425 -120.859041
37.790212 -120.859202
37.790047 -120.859479
37.790058 -120.860041
37.790414 -120.861021
37.791004 -120.862129
37.791579 -120.863258
37.791667 -120.863692
37.791681 -120.863759
37.791622 -120.864230
37.791285 -120.865265
37.791090 -120.865598
37.790880 -120.865955
37.790548 -120.866557
37.790493 -120.866975
37.790623 -120.867884
37.790643 -120.868300
37.790560 -120.868639
37.790289 -120.869079
37.789825 -120.869461
37.789512 -120.869726
37.789252 -120.870102
37.789094 -120.870491
37.788781 -120.870772
37.788289 -120.870979
37.787783 -120.871105
37.787553 -120.871032
37.787267 -120.870704
37.787107 -120.870276
37.787089 -120.869988
37.787249 -120.869679
37.787393 -120.869227
37.787363 -120.869025
37.787335 -120.868844
37.787012 -120.868565
37.786885 -120.868552
37.786745 -120.868557
37.786667 -120.868463
37.786665 -120.868351
37.786788 -120.868091
37.786797 -120.867882
37.786744 -120.867772
37.786489 -120.867763
37.786223 -120.867771
37.785992 -120.867681
37.785708 -120.867401
37.785323 -120.867220
37.784938 -120.867007
37.784721 -120.866981
37.784406 -120.867150
37.784144 -120.867382
37.783979 -120.867387
37.783356 -120.867405
37.782593 -120.867411
37.782213 -120.867438
37.781978 -120.867797
37.781735 -120.868412
37.781199 -120.869709
37.780819 -120.870520
37.780713 -120.870940
37.780682 -120.871373
37.780638 -120.871743
37.780506 -120.872179
37.780389 -120.872743
37.780383 -120.873079
37.780490 -120.873397
37.780522 -120.873780
37.780491 -120.874133
37.780486 -120.874582
37.780558 -120.875044
37.780588 -120.875316
37.780541 -120.875493
37.780471 -120.875848
37.780450 -120.876120
37.780517 -120.876311
37.780558 -120.876486
37.780469 -120.876794
37.780411 -120.877068
37.780352 -120.877326
37.780343 -120.877519
37.780477 -120.877915
37.780507 -120.878154
37.780486 -120.878395
37.780387 -120.878558
37.780470 -120.878956
37.780475 -120.879196
37.780483 -120.879661
37.780469 -120.880318
37.780483 -120.881086
37.780491 -120.881534
37.780436 -120.881984
37.780276 -120.882261
37.780142 -120.882633
37.779909 -120.883104
37.779616 -120.883753
37.779446 -120.884084
37.779227 -120.884175
37.779036 -120.884864
37.778909 -120.885337
37.778758 -120.886367
37.778685 -120.887031
37.778479 -120.887805
37.778064 -120.889248
37.777807 -120.890002
37.777746 -120.890389
37.777871 -120.890563
37.777854 -120.890613
37.777868 -120.890775
37.777989 -120.890899
37.778176 -120.890958
37.778434 -120.891143
37.778422 -120.891421
37.778378 -120.891828
37.778567 -120.891972
37.778740 -120.892159
37.778987 -120.892686
37.779461 -120.893634
37.780014 -120.894358
37.780976 -120.895100
37.781548 -120.895510
37.781065 -120.896264
37.780425 -120.897137
37.780117 -120.897629
37.779391 -120.898703
37.779057 -120.898969
37.778741 -120.899007
37.778401 -120.898931
37.777859 -120.898946
37.777318 -120.899075
37.776599 -120.899266
37.776198 -120.899344
37.775906 -120.899160
37.775578 -120.898827
37.775169 -120.898690
37.774777 -120.898551
37.774452 -120.898313
37.774309 -120.898257
37.774199 -120.898280
37.773997 -120.898405
37.773793 -120.898490
37.773590 -120.898595
37.773279 -120.898803
37.772762 -120.898996
37.772353 -120.899027
37.771769 -120.899024
37.771342 -120.898957
37.771154 -120.899002
37.771033 -120.899263
37.770746 -120.899967
37.770571 -120.900659
37.770478 -120.901174
37.770324 -120.902012
37.770215 -120.902548
37.770223 -120.903039
37.770152 -120.903767
37.770015 -120.904689
37.769777 -120.905571
37.769675 -120.906535
37.769440 -120.907588
37.769354 -120.908487
37.769394 -120.910706
37.769382 -120.912906
37.769381 -120.913802
37.769248 -120.913956
37.769184 -120.914171
37.769197 -120.914918
37.769128 -120.915816
37.769133 -120.917055
37.769151 -120.918079
37.769209 -120.920383
37.769186 -120.921964
37.769131 -120.922520
37.768961 -120.923123
37.768902 -120.923637
37.768902 -120.926199
37.768845 -120.930699
37.768823 -120.934599
37.768810 -120.935582
37.768794 -120.936763
37.767531 -120.936941
37.766810 -120.937046
37.766226 -120.937451
37.766082 -120.937551
37.765613 -120.937884
37.765397 -120.938125
37.764997 -120.938520
37.764663 -120.938786
37.764276 -120.938946
37.763853 -120.939000
37.763667 -120.939027
37.763314 -120.939229
37.763067 -120.939598
37.763059 -120.940101
37.763006 -120.940844
37.763004 -120.941820
37.763013 -120.942333
37.762985 -120.942696
37.762839 -120.943042
37.762661 -120.943538
37.762652 -120.944008
37.762634 -120.944884
37.762535 -120.946039
37.762580 -120.947639
37.762670 -120.948917
37.762775 -120.950067
37.762766 -120.950559
37.762691 -120.951094
37.762432 -120.951785
37.762075 -120.952691
37.761851 -120.953466
37.761714 -120.954366
37.761795 -120.955111
37.761964 -120.956067
37.762126 -120.956560
37.762214 -120.956829
37.762415 -120.957635
37.762525 -120.958123
37.762516 -120.958571
37.762317 -120.958854
37.762056 -120.959080
37.761933 -120.959185
37.761784 -120.959360
37.761666 -120.959449
37.761511 -120.959303
37.761183 -120.958907
37.760923 -120.958594
37.760565 -120.958497
37.760296 -120.958590
37.759945 -120.958898
37.759637 -120.959718
37.759475 -120.960128
37.759393 -120.960301
37.759124 -120.960394
37.758436 -120.960818
37.758087 -120.961191
37.757924 -120.961601
37.758016 -120.962146
37.758251 -120.962681
37.758645 -120.963268
37.759408 -120.964271
37.760128 -120.965362
37.760530 -120.966432
37.760886 -120.967390
37.761123 -120.968067
37.761363 -120.968886
37.761421 -120.969596
37.761447 -120.971132
37.761337 -120.972117
37.761230 -120.972761
37.761119 -120.973212
37.761023 -120.973578
37.761063 -120.973897
37.761200 -120.974982
37.761371 -120.976066
37.761383 -120.976196
37.761477 -120.977280
37.761493 -120.978197
37.761454 -120.978663
37.761437 -120.978882
37.761410 -120.979331
37.761557 -120.979989
37.761565 -120.980416
37.761520 -120.980780
37.761391 -120.981189
37.761160 -120.981537
37.760985 -120.982182
37.760976 -120.982695
37.761056 -120.983397
37.761272 -120.984266
37.761475 -120.985570
37.761563 -120.986763
37.761573 -120.987332
37.761655 -120.989514
37.761678 -120.990859
37.761721 -120.992054
37.761631 -120.993422
37.761492 -120.994536
37.761291 -120.995013
37.761144 -120.995360
37.760697 -120.995981
37.760462 -120.996371
37.760052 -120.996943
37.759874 -120.997700
37.759910 -120.998292
37.760050 -120.998923
37.760406 -120.999917
37.760902 -121.001184
37.761050 -121.001425
37.761250 -121.001751
37.761807 -121.002569
37.762100 -121.002903
37.762091 -121.003330
37.762110 -121.007492
37.762137 -121.009631
37.762205 -121.013631
37.762159 -121.018725
37.762129 -121.023372
37.762152 -121.025901
37.762102 -121.027614
37.762059 -121.029748
37.761829 -121.032482
37.761536 -121.036186
37.761286 -121.038921
37.760963 -121.042005
37.760776 -121.043746
37.760555 -121.045885
37.760317 -121.046982
37.759959 -121.047934
37.759910 -121.048506
37.760133 -121.048946
37.760519 -121.049631
37.760708 -121.050320
37.760657 -121.050818
37.760660 -121.052206
37.760714 -121.053887
37.760907 -121.054641
37.761411 -121.055738
37.761630 -121.056075
37.762252 -121.056778
37.762719 -121.057659
37.762927 -121.058602
37.763037 -121.059794
37.763188 -121.060758
37.763360 -121.061551
37.763495 -121.062500
37.763621 -121.062980
37.763569 -121.063282
37.763424 -121.063581
37.763108 -121.064091
37.762842 -121.064439
37.762762 -121.065039
37.762724 -121.066890
37.762733 -121.068797
37.762745 -121.069537
37.762831 -121.069716
37.763254 -121.070236
37.763765 -121.071076
37.764094 -121.071893
37.764358 -121.072826
37.764574 -121.073560
37.764821 -121.074775
37.765077 -121.075680
37.765401 -121.077740
37.765855 -121.080465
37.766255 -121.082736
37.766359 -121.084679
37.766392 -121.086747
37.766221 -121.088119
37.765875 -121.089102
37.765856 -121.089406
37.766129 -121.089855
37.766449 -121.090242
37.766549 -121.090483
37.766605 -121.090968
37.766965 -121.092328
37.767287 -121.094296
37.767556 -121.095992
37.767990 -121.097392
37.768014 -121.097471
37.768092 -121.097621
37.768588 -121.098581
37.769508 -121.099968
37.771202 -121.101688
37.772808 -121.103989
37.773941 -121.106880
37.774389 -121.109241
37.774999 -121.111111
37.775539 -121.113196
37.775623 -121.113924
37.775654 -121.114319
37.775643 -121.115171
37.775963 -121.115528
37.776449 -121.115728
37.776798 -121.116419
37.777230 -121.117746
37.777564 -121.119046
37.778116 -121.120309
37.778984 -121.121778
37.779776 -121.123005
37.780294 -121.123691
37.780726 -121.124445
37.780970 -121.124800
37.781661 -121.126197
37.782975 -121.127669
37.783344 -121.128382
37.783405 -121.129193
37.783442 -121.130035
37.783618 -121.130572
37.784169 -121.130678
37.787079 -121.130425
37.788251 -121.130515
37.788738 -121.131105
37.789484 -121.132952
37.789983 -121.134324
37.790382 -121.135368
37.790427 -121.136721
37.790409 -121.138558
37.790575 -121.140028
37.790943 -121.140621
37.791797 -121.141773
37.792366 -121.143023
37.792425 -121.143744
37.792441 -121.144737
37.792513 -121.146301
37.792726 -121.147650
37.793147 -121.148632
37.793833 -121.149699
37.794153 -121.150353
37.795836 -121.151004
37.797473 -121.151866
37.799169 -121.153389
37.800630 -121.155128
37.802008 -121.157713
37.802410 -121.158968
37.802399 -121.159841
37.802682 -121.161098
37.803162 -121.162772
37.803609 -121.163905
37.804241 -121.164612
37.805130 -121.164921
37.807147 -121.165624
37.808543 -121.166282
37.809655 -121.167157
37.811001 -121.169231
37.811321 -121.169796
37.811402 -121.170426
37.811527 -121.172350
37.811689 -121.173520
37.811915 -121.174237
37.812519 -121.174704
37.813384 -121.175014
37.814964 -121.175216
37.816258 -121.175485
37.817363 -121.175939
37.818523 -121.176784
37.819112 -121.177823
37.819444 -121.179170
37.819625 -121.180069
37.819848 -121.180575
37.820170 -121.181350
37.821419 -121.183307
37.822217 -121.183950
37.822817 -121.184146
37.823511 -121.184219
37.824587 -121.184283
37.825353 -121.184415
37.825832 -121.184494
37.826075 -121.184789
37.826155 -121.185299
37.826165 -121.185931
37.826289 -121.186259
37.826608 -121.186824
37.826700 -121.188116
37.826616 -121.190407
37.826546 -121.193631
37.826516 -121.194806
37.826459 -121.195741
37.826521 -121.196673
37.826717 -121.196999
37.827649 -121.197037
37.829276 -121.197208
37.830189 -121.197608
37.830579 -121.198326
37.830657 -121.198470
37.831215 -121.200843
37.831289 -121.202151
37.831324 -121.202547
37.831332 -121.202647
37.831710 -121.203353
37.832082 -121.204217
37.832507 -121.205442
37.832784 -121.206368
37.833498 -121.207797
37.833861 -121.208119
37.834294 -121.208289
37.834870 -121.208486
37.835874 -121.208552
37.836113 -121.208547
37.837057 -121.207801
37.837577 -121.207457
37.838032 -121.207328
37.838505 -121.207194
37.839340 -121.207143
37.840685 -121.207593
37.841358 -121.207908
37.841893 -121.208497
37.842641 -121.208991
37.843154 -121.209792
37.843262 -121.210572
37.843225 -121.211266
37.843238 -121.212169
37.843390 -121.212708
37.843800 -121.212969
37.844174 -121.213142
37.844666 -121.213370
37.845201 -121.213990
37.846126 -121.215142
37.846674 -121.216322
37.847069 -121.217130
37.847389 -121.217746
37.847474 -121.217912
37.847735 -121.218294
37.849548 -121.218312
37.851324 -121.218330
37.851352 -121.218785
37.851361 -121.219595
37.851567 -121.220132
37.852118 -121.221022
37.852426 -121.221309
37.852722 -121.221701
37.852919 -121.222088
37.853893 -121.223299
37.854579 -121.224488
37.855560 -121.226181
37.856273 -121.227490
37.856957 -121.228528
37.857746 -121.230136
37.858121 -121.231272
37.858568 -121.232406
37.858634 -121.233609
37.858682 -121.235205
37.858766 -121.236016
37.859925 -121.236893
37.861038 -121.237800
37.863351 -121.240788
37.865458 -121.244323
37.867366 -121.247494
37.868213 -121.249056
37.868976 -121.249784
37.869680 -121.250129
37.870459 -121.250743
37.871022 -121.251557
37.871920 -121.253747
37.872908 -121.256307
37.873480 -121.257365
37.873760 -121.257944
37.874103 -121.258563
37.874293 -121.259008
37.874387 -121.259305
37.874710 -121.259796
37.874845 -121.260000
37.875132 -121.260373
37.875966 -121.262253
37.876063 -121.262450
37.876148 -121.262599
37.877057 -121.264123
37.877809 -121.264928
37.878241 -121.265233
37.878706 -121.265342
37.879123 -121.265422
37.879539 -121.265442
37.880314 -121.265619
37.880825 -121.265667
37.881040 -121.265722
37.881780 -121.265929
37.882433 -121.266050
37.883493 -121.266345
37.885606 -121.266859
37.886097 -121.267072
37.886395 -121.267170
37.886730 -121.267297
37.886945 -121.267412
37.886937 -121.267652
37.886940 -121.268050
37.886940 -121.268129
37.887052 -121.268553
37.887172 -121.268659
37.887459 -121.268916
37.888062 -121.269755
37.888755 -121.270884
37.889411 -121.272415
37.889820 -121.274377
37.890352 -121.276123
37.890591 -121.276980
37.891738 -121.278109
37.892595 -121.278992
37.893670 -121.280050
37.894700 -121.281019
37.895462 -121.281760
37.896023 -121.282277
37.897433 -121.283520
37.899345 -121.285113
37.900482 -121.285899
37.902157 -121.286980
37.903427 -121.287727
37.904395 -121.288336
37.905549 -121.289014
37.907613 -121.290230
37.909142 -121.291044
37.909745 -121.291228
37.910449 -121.291375
37.911378 -121.291335
37.911642 -121.291798
37.912353 -121.292450
37.912876 -121.292980
37.913212 -121.293460
37.913407 -121.294087
37.913431 -121.294773
37.913329 -121.295606
37.913089 -121.296840
37.912697 -121.298420
37.912661 -121.298927
37.912912 -121.299445
37.913644 -121.300548
37.914678 -121.301806
37.914972 -121.302396
37.915065 -121.302845
37.915036 -121.303803
37.915029 -121.305302
37.915080 -121.305879
37.915258 -121.306308
37.915542 -121.306175
37.915742 -121.306189
37.915964 -121.306635
37.916296 -121.307031
37.916760 -121.307478
37.917252 -121.308526
37.917418 -121.309414
37.917473 -121.310617
37.917455 -121.311394
37.917374 -121.311735
37.917341 -121.311878
37.917108 -121.313139
37.916964 -121.313951
37.916909 -121.314389
37.916901 -121.314979
37.916925 -121.315470
37.917023 -121.316276
37.917081 -121.316701
37.917169 -121.317387
37.917264 -121.317618
37.917599 -121.317825
37.918139 -121.318075
37.918456 -121.318102
37.918877 -121.318092
37.919159 -121.318107
37.919613 -121.318256
37.919912 -121.318485
37.920145 -121.318732
37.920343 -121.318568
37.920454 -121.318451
37.920278 -121.318201
37.920013 -121.317769
37.919600 -121.317284
37.919031 -121.316752
37.918646 -121.316332
37.918396 -121.315348
37.918403 -121.314885
37.918821 -121.313952
37.919255 -121.313216
37.919570 -121.312416
37.919728 -121.311621
37.919653 -121.310946
37.919332 -121.309518
37.919177 -121.308713
37.919324 -121.308049
37.919472 -121.307452
37.919387 -121.306942
37.919196 -121.306402
37.918812 -121.306064
37.917695 -121.305628
37.916788 -121.305335
37.916354 -121.305114
37.916177 -121.304656
37.916181 -121.303980
37.916288 -121.303284
37.916301 -121.302360
37.916313 -121.301369
37.916633 -121.300916
37.917418 -121.300040
37.917827 -121.299404
37.918081 -121.298903
37.918363 -121.297626
37.918523 -121.296005
37.918315 -121.295218
37.917439 -121.292482
37.917264 -121.291216
37.917254 -121.290556
37.917389 -121.289959
37.917757 -121.289191
37.918047 -121.288426
37.918609 -121.287538
37.920012 -121.286020
37.921915 -121.283831
37.923316 -121.282198
37.923659 -121.281513
37.923965 -121.281011
37.924544 -121.280387
37.925351 -121.279407
37.926799 -121.278288
37.928923 -121.277358
37.932697 -121.276390
37.934171 -121.275446
37.935923 -121.274524
37.936546 -121.274212
37.937700 -121.273632
37.938826 -121.272755
37.939970 -121.271525
37.941005 -121.269241
37.941811 -121.267197
37.942674 -121.264242
37.942982 -121.263061
37.943710 -121.260432
37.944721 -121.256476
37.945181 -121.254822
37.945578 -121.253360
37.945875 -121.252274
37.946076 -121.251675
37.946131 -121.250706
37.946077 -121.249430
37.946273 -121.247555
37.946739 -121.244492
37.947390 -121.239898
37.948325 -121.235621
37.949991 -121.230445
37.950381 -121.228616
37.950692 -121.227732
37.950849 -121.227284
37.951024 -121.226517
37.951125 -121.225516
37.951204 -121.224605
37.951674 -121.221864
37.951762 -121.219984
37.951647 -121.217022
37.951651 -121.215760
37.951877 -121.214016
37.952794 -121.210119
37.953337 -121.208194
37.954200 -121.205133
37.955399 -121.201708
37.956357 -121.199494
37.956692 -121.198415
37.956859 -121.197877
37.957958 -121.193969
37.958334 -121.191558
37.958401 -121.186976
37.958333 -121.184818
37.957989 -121.180289
37.957532 -121.175029
37.957224 -121.168469
37.957290 -121.163888
37.957565 -121.159603
37.957568 -121.157615
37.957386 -121.154768
37.957141 -121.152225
37.956836 -121.150245
37.956177 -121.143403
37.955968 -121.138288
37.955913 -121.134854
37.955824 -121.132459
37.955673 -121.131004
37.955280 -121.130496
37.954885 -121.129858
37.954771 -121.129180
37.954694 -121.127562
37.954900 -121.125969
37.955095 -121.123728
37.955156 -121.122754
37.955117 -121.121880
37.954926 -121.121172
37.954811 -121.120397
37.954823 -121.119555
37.954851 -121.118096
37.954926 -121.116376
37.955468 -121.113381
37.956355 -121.111058
37.957063 -121.108804
37.957615 -121.106456
37.957915 -121.104375
37.957865 -121.101297
37.957677 -121.097576
37.957395 -121.092852
37.957496 -121.087988
37.957433 -121.085721
37.957236 -121.084625
37.956656 -121.080524
37.956187 -121.075384
37.955934 -121.070887
37.956055 -121.067351
37.956188 -121.066052
37.956237 -121.062810
37.955976 -121.059447
37.955452 -121.057192
37.954503 -121.054139
37.954035 -121.052207
37.953820 -121.051629
37.953322 -121.050994
37.952517 -121.050432
37.951340 -121.049038
37.949843 -121.047004
37.948420 -121.044741
37.947554 -121.043565
37.946138 -121.041723
37.945849 -121.041310
37.945903 -121.040895
37.945950 -121.040233
37.945958 -121.039581
37.945952 -121.039241
37.945942 -121.038658
37.945836 -121.038029
37.945611 -121.037234
37.945362 -121.036872
37.945118 -121.036518
37.944590 -121.036046
37.944119 -121.035499
37.943807 -121.035216
37.943474 -121.034909
37.942872 -121.034536
37.942093 -121.033974
37.942351 -121.033311
37.942445 -121.032837
37.942457 -121.032774
37.942529 -121.032456
37.942594 -121.031749
37.942768 -121.030651
37.942851 -121.028705
37.942757 -121.026521
37.942805 -121.025961
37.941813 -121.025331
37.941420 -121.024831
37.941479 -121.023761
37.941749 -121.021864
37.941840 -121.021224
37.942291 -121.019414
37.943207 -121.016692
37.943998 -121.015067
37.944969 -121.013323
37.945669 -121.012268
37.946121 -121.011640
37.946570 -121.010883
37.946950 -121.010443
37.947321 -121.009583
37.947522 -121.008994
37.947869 -121.007891
37.948106 -121.007107
37.948577 -121.006535
37.949170 -121.006301
37.949937 -121.006158
37.951026 -121.005691
37.951962 -121.005253
37.952722 -121.004674
37.953556 -121.003946
37.954487 -121.003216
37.955489 -121.002217
37.955618 -121.001849
37.955681 -121.001021
37.955690 -121.000413
37.955608 -121.000148
37.955296 -120.999865
37.955025 -120.999775
37.954750 -120.999442
37.954700 -120.998812
37.954749 -120.998251
37.955113 -120.997051
37.955424 -120.996094
37.955524 -120.995217
37.955613 -120.994777
37.955868 -120.993944
37.955965 -120.993777
37.956298 -120.993203
37.956328 -120.993140
37.956818 -120.992119
37.957471 -120.990886
37.957820 -120.989929
37.958048 -120.989777
37.958081 -120.989712
37.958309 -120.989259
37.958726 -120.988859
37.959011 -120.988657
37.959203 -120.988652
37.959436 -120.988743
37.959576 -120.989079
37.959816 -120.989271
37.959869 -120.989314
37.960137 -120.989258
37.960476 -120.988836
37.960504 -120.988749
37.960805 -120.987806
37.961134 -120.986776
37.961166 -120.986295
37.961361 -120.985871
37.961597 -120.985759
37.961934 -120.985600
37.962335 -120.985407
37.962535 -120.985292
37.962752 -120.985340
37.963068 -120.985277
37.963355 -120.985178
37.964234 -120.984944
37.964347 -120.984914
37.964792 -120.984811
37.965047 -120.984530
37.965340 -120.983939
37.965819 -120.983215
37.966382 -120.982397
37.967048 -120.981668
37.967516 -120.981200
37.967531 -120.981158
37.967626 -120.980905
37.967478 -120.980654
37.967053 -120.980301
37.966616 -120.980076
37.966109 -120.979962
37.965874 -120.979731
37.965789 -120.979563
37.965926 -120.978563
37.965991 -120.978142
37.966127 -120.977664
37.966351 -120.977221
37.966614 -120.976576
37.966766 -120.976189
37.966976 -120.975836
37.967204 -120.975666
37.967267 -120.975663
37.967882 -120.975629
37.968516 -120.975594
37.968542 -120.975604
37.968851 -120.975730
37.969269 -120.975719
37.969829 -120.975539
37.969889 -120.975509
37.970101 -120.975404
37.970259 -120.975400
37.970593 -120.975518
37.970798 -120.975695
37.971032 -120.975871
37.971717 -120.976217
37.972066 -120.976408
37.972373 -120.976600
37.972692 -120.976700
37.973169 -120.976724
37.973726 -120.976745
37.973940 -120.976561
37.974301 -120.976196
37.974505 -120.976053
37.974688 -120.976021
37.975076 -120.975915
37.975335 -120.975853
37.975843 -120.975825
37.976375 -120.975920
37.976844 -120.976140
37.977207 -120.976499
37.977452 -120.976861
37.977577 -120.977213
37.977636 -120.977485
37.977655 -120.977991
37.977622 -120.978566
37.977541 -120.978910
37.977539 -120.979416
37.977687 -120.979822
37.977899 -120.980199
37.978097 -120.980372
37.978487 -120.980416
37.978942 -120.980431
37.979523 -120.980237
37.980263 -120.979806
37.980853 -120.979503
37.981434 -120.979296
37.981628 -120.979290
37.981899 -120.979297
37.982136 -120.979249
37.982684 -120.978974
37.983100 -120.978607
37.983460 -120.978160
37.983863 -120.977656
37.984079 -120.977623
37.984690 -120.977934
37.985292 -120.978342
37.985890 -120.978503
37.986422 -120.978584
37.987312 -120.978710
37.987952 -120.978775
37.988164 -120.978775
37.988439 -120.978775
37.988568 -120.978731
37.988769 -120.978493
37.988900 -120.978530
37.989337 -120.978778
37.989493 -120.978404
37.989562 -120.977992
37.989618 -120.977485
37.989674 -120.976977
37.989826 -120.976371
37.989980 -120.975888
37.990136 -120.975474
37.990305 -120.975250
37.990302 -120.975100
37.990181 -120.974994
37.989897 -120.974824
37.989548 -120.974683
37.989329 -120.974525
37.989149 -120.974106
37.988808 -120.973828
37.988600 -120.973683
37.988508 -120.973385
37.988428 -120.973113
37.988411 -120.972731
37.988401 -120.972184
37.988438 -120.971841
37.988279 -120.971504
37.988104 -120.971363
37.987917 -120.971422
37.987389 -120.971747
37.986743 -120.971984
37.986310 -120.971959
37.985873 -120.971716
37.985272 -120.971204
37.984713 -120.970599
37.984140 -120.970013
37.983775 -120.969750
37.983717 -120.969662
37.983656 -120.969570
37.983653 -120.969533
37.983639 -120.969389
37.983646 -120.968987
37.983642 -120.968714
37.983443 -120.968081
37.983770 -120.967799
37.984141 -120.967551
37.984370 -120.967417
37.984767 -120.967005
37.985154 -120.966849
37.985412 -120.966750
37.985641 -120.966653
37.985607 -120.966380
37.985643 -120.965905
37.985717 -120.965210
37.985772 -120.965026
37.985981 -120.964601
37.986180 -120.964432
37.986233 -120.964193
37.986228 -120.963901
37.986091 -120.963486
37.985940 -120.963189
37.985845 -120.962686
37.985851 -120.962503
37.985859 -120.962261
37.985896 -120.961891
37.985880 -120.961604
37.985777 -120.961265
37.985614 -120.961056
37.985434 -120.960824
37.985451 -120.960738
37.985503 -120.960480
37.985497 -120.960124
37.985397 -120.959977
37.985101 -120.959739
37.984865 -120.959610
37.984839 -120.959595
37.984587 -120.959466
37.984327 -120.959418
37.984164 -120.959395
37.984191 -120.959066
37.984143 -120.958794
37.983932 -120.958499
37.983920 -120.958417
37.983951 -120.958335
37.984215 -120.958357
37.984470 -120.958320
37.984684 -120.958177
37.984916 -120.957815
37.985183 -120.957603
37.985397 -120.957460
37.985828 -120.957366
37.986077 -120.957332
37.986269 -120.957204
37.986385 -120.957023
37.986448 -120.956925
37.986554 -120.956772
37.986802 -120.956936
37.986970 -120.957047
37.987312 -120.957422
37.987566 -120.957687
37.987729 -120.957893
37.987831 -120.958022
37.987930 -120.958087
37.988025 -120.957934
37.988162 -120.957725
37.988340 -120.957392
37.988506 -120.956977
37.988724 -120.956465
37.988870 -120.956106
37.988951 -120.955789
37.988956 -120.955501
37.989023 -120.954994
37.989016 -120.954570
37.989038 -120.954439
37.989055 -120.954336
37.989303 -120.954288
37.989464 -120.954215
37.989659 -120.954183
37.990115 -120.954279
37.990263 -120.954295
37.990429 -120.954312
37.990679 -120.954332
37.991038 -120.954432
37.991377 -120.954627
37.991562 -120.954691
37.991810 -120.954670
37.991902 -120.954339
37.991981 -120.954091
37.991994 -120.954049
37.992196 -120.953839
37.992518 -120.953666
37.992691 -120.953520
37.992838 -120.953397
37.993092 -120.953061
37.993227 -120.952716
37.993273 -120.952263
37.993336 -120.951601
37.993437 -120.951123
37.993674 -120.950433
37.993879 -120.949991
37.993977 -120.949782
37.994495 -120.949111
37.994909 -120.948607
37.995202 -120.948038
37.995430 -120.947457
37.995632 -120.946617
37.995791 -120.945847
37.995903 -120.945406
37.995981 -120.944939
37.996135 -120.944455
37.996343 -120.943944
37.996435 -120.943640
37.996539 -120.943418
37.996687 -120.943209
37.996910 -120.942970
37.997175 -120.942676
37.997279 -120.942399
37.997381 -120.942139
37.997403 -120.942081
37.997581 -120.941707
37.997809 -120.941126
37.997914 -120.940959
37.998106 -120.940789
37.998418 -120.940685
37.998806 -120.940592
37.998967 -120.940546
37.999055 -120.940549
37.999217 -120.940553
37.999474 -120.940409
37.999664 -120.940171
37.999870 -120.940152
38.000196 -120.940225
38.000585 -120.940200
38.000821 -120.940071
38.000954 -120.939921
38.001107 -120.939748
38.001354 -120.939591
38.001697 -120.939403
38.002072 -120.939215
38.002416 -120.939082
38.002600 -120.939077
38.002806 -120.939071
38.003436 -120.939218
38.004123 -120.939499
38.004670 -120.939739
38.005075 -120.939783
38.005450 -120.939736
38.005623 -120.939749
38.005871 -120.939906
38.006036 -120.940016
38.006397 -120.940256
38.006818 -120.940427
38.007222 -120.940416
38.007632 -120.940175
38.007908 -120.940014
38.008394 -120.939763
38.008803 -120.939186
38.009139 -120.938629
38.009572 -120.937778
38.009710 -120.937446
38.009915 -120.936765
38.010084 -120.935721
38.010134 -120.934442
38.010237 -120.933728
38.010642 -120.933005
38.010841 -120.932836
38.011132 -120.932937
38.011350 -120.933040
38.011623 -120.932978
38.011797 -120.933009
38.012129 -120.933037
38.012550 -120.933171
38.013046 -120.933467
38.013322 -120.933587
38.013582 -120.933598
38.013941 -120.933460
38.014221 -120.932996
38.014383 -120.932317
38.014462 -120.931913
38.014715 -120.931541
38.015015 -120.931368
38.015363 -120.931450
38.015626 -120.931625
38.015817 -120.931820
38.015987 -120.931939
38.016168 -120.932066
38.016391 -120.931658
38.016815 -120.931099
38.017100 -120.930909
38.017611 -120.930402
38.018405 -120.929631
38.018787 -120.929165
38.019052 -120.928664
38.019089 -120.928299
38.018822 -120.927905
38.018308 -120.927390
38.017954 -120.926944
38.017802 -120.926511
38.017706 -120.925966
38.017684 -120.925422
38.017653 -120.924618
38.017664 -120.924095
38.017669 -120.923887
38.017842 -120.923080
38.018234 -120.922412
38.018264 -120.922365
38.018408 -120.922137
38.018585 -120.921855
38.018884 -120.921476
38.018922 -120.921398
38.018940 -120.921303
38.018947 -120.921187
38.018927 -120.921129
38.018875 -120.921066
38.018749 -120.920972
38.018599 -120.920853
38.018569 -120.920819
38.018478 -120.920702
38.018450 -120.920646
38.018417 -120.920491
38.018411 -120.920145
38.018584 -120.919652
38.018609 -120.919601
38.018793 -120.919222
38.018895 -120.918877
38.018966 -120.918574
38.019125 -120.918208
38.019153 -120.918145
38.019483 -120.917821
38.019716 -120.917554
38.019769 -120.917457
38.019830 -120.917263
38.020012 -120.917121
38.020217 -120.917116
38.020530 -120.917079
38.020896 -120.916932
38.021079 -120.916872
38.021328 -120.916879
38.021512 -120.916915
38.021540 -120.916960
38.021724 -120.917265
38.021824 -120.917385
38.021995 -120.917298
38.022285 -120.917125
38.022318 -120.917109
38.022535 -120.917000
38.022660 -120.916937
38.023047 -120.916776
38.023271 -120.916605
38.023356 -120.916507
38.023386 -120.916342
38.023540 -120.915913
38.023580 -120.915831
38.023687 -120.915608
38.023839 -120.915479
38.023921 -120.915410
38.024156 -120.915239
38.024390 -120.915013
38.024473 -120.914806
38.024618 -120.914446
38.024862 -120.914152
38.024923 -120.913904
38.024874 -120.913590
38.024709 -120.912842
38.024633 -120.912229
38.024635 -120.911722
38.024641 -120.911435
38.024667 -120.911078
38.024661 -120.910750
38.024600 -120.910369
38.024429 -120.910083
38.024399 -120.910032
38.024200 -120.909805
38.024121 -120.909616
38.024472 -120.909668
38.024730 -120.909742
38.024924 -120.909746
38.025077 -120.909749
38.025347 -120.909709
38.025575 -120.909556
38.025748 -120.909177
38.025921 -120.908625
38.025943 -120.908554
38.026225 -120.907766
38.026429 -120.907306
38.026602 -120.906686
38.026682 -120.906082
38.026716 -120.905820
38.026852 -120.905516
38.027086 -120.904929
38.027100 -120.904893
38.027234 -120.904506
38.027069 -120.904374
38.026754 -120.904301
38.026511 -120.904006
38.026476 -120.903977
38.026291 -120.903821
38.026062 -120.903704
38.025874 -120.903505
38.025838 -120.903287
38.025789 -120.902973
38.025817 -120.902740
38.025830 -120.902702
38.025869 -120.902588
38.025870 -120.902531
38.025876 -120.902369
38.025870 -120.902054
38.025811 -120.901782
38.025728 -120.901388
38.025617 -120.901199
38.025421 -120.901137
38.025106 -120.901118
38.024901 -120.901110
38.024434 -120.901069
38.024143 -120.901091
38.023861 -120.901058
38.023623 -120.901092
38.023504 -120.901096
38.023241 -120.900898
38.022835 -120.900595
38.022506 -120.900371
38.022134 -120.900122
38.021903 -120.899951
38.021704 -120.899683
38.021602 -120.899426
38.021479 -120.899224
38.021290 -120.898942
38.021088 -120.898537
38.020845 -120.898284
38.020625 -120.898085
38.020360 -120.897778
38.020141 -120.897634
38.019946 -120.897547
38.019750 -120.897512
38.019539 -120.897508
38.019393 -120.897481
38.019294 -120.897467
38.019214 -120.897455
38.019210 -120.897271
38.019215 -120.897122
38.019220 -120.896911
38.019225 -120.896726
38.019179 -120.896451
38.019121 -120.896339
38.019004 -120.896179
38.018979 -120.896138
38.018887 -120.895987
38.018779 -120.895877
38.018720 -120.895725
38.018774 -120.895590
38.018821 -120.895472
38.018836 -120.895434
38.018914 -120.895217
38.018950 -120.895000
38.018945 -120.894703
38.018924 -120.894447
38.018871 -120.894202
38.018784 -120.893856
38.018589 -120.893410
38.018482 -120.893221
38.018411 -120.892895
38.018397 -120.892731
38.018188 -120.892573
38.017992 -120.892496
38.017762 -120.892352
38.017597 -120.892179
38.017420 -120.891965
38.017219 -120.891629
38.016961 -120.891130
38.016892 -120.890886
38.016821 -120.890573
38.016739 -120.890220
38.016806 -120.889712
38.016766 -120.889275
38.016684 -120.888977
38.016636 -120.888691
38.016627 -120.888212
38.016576 -120.887762
38.016592 -120.887461
38.016684 -120.887143
38.016897 -120.886959
38.017047 -120.886887
38.017144 -120.886829
38.017304 -120.886701
38.017561 -120.886557
38.017788 -120.886537
38.018080 -120.886529
38.018384 -120.886575
38.018914 -120.886573
38.019237 -120.886550
38.019467 -120.886639
38.019576 -120.886636
38.019592 -120.886321
38.019617 -120.886144
38.019649 -120.885922
38.019765 -120.885714
38.020146 -120.885224
38.020382 -120.885149
38.020664 -120.885141
38.020754 -120.885162
38.020870 -120.885190
38.021100 -120.885333
38.021204 -120.885054
38.021245 -120.884946
38.021589 -120.884225
38.021769 -120.884001
38.021904 -120.883709
38.022078 -120.883116
38.022236 -120.882879
38.022509 -120.882976
38.022562 -120.882952
38.022556 -120.882664
38.022550 -120.882323
38.022617 -120.881814
38.022677 -120.881525
38.022929 -120.881135
38.023098 -120.880884
38.023084 -120.880720
38.022873 -120.880398
38.022520 -120.880025
38.022342 -120.879770
38.022173 -120.879405
38.022137 -120.879229
38.022248 -120.878787
38.022370 -120.878305
38.022398 -120.878058
38.022554 -120.877752
38.022602 -120.877395
38.022612 -120.876738
38.022542 -120.876453
38.022301 -120.876323
38.022063 -120.876289
38.021876 -120.876144
38.021719 -120.875834
38.021611 -120.875262
38.021635 -120.874810
38.021818 -120.874161
38.022122 -120.873592
38.022333 -120.873298
38.022521 -120.872882
38.022525 -120.872798
38.022537 -120.872595
38.022597 -120.872333
38.022668 -120.872057
38.022746 -120.871590
38.022793 -120.871191
38.022914 -120.870723
38.022961 -120.870541
38.023005 -120.870364
38.023094 -120.869897
38.023241 -120.869605
38.023645 -120.869251
38.024055 -120.869144
38.024454 -120.869064
38.024654 -120.868770
38.024872 -120.868258
38.024962 -120.867858
38.024968 -120.867585
38.024840 -120.867096
38.024823 -120.866740
38.024802 -120.866517
38.024783 -120.866317
38.024840 -120.865878
38.024913 -120.865732
38.025185 -120.865544
38.025235 -120.865489
38.025427 -120.865408
38.025729 -120.865232
38.025941 -120.865107
38.026207 -120.864867
38.026740 -120.864427
38.027346 -120.863794
38.027598 -120.863373
38.027671 -120.863251
38.027894 -120.862998
38.028106 -120.862732
38.028234 -120.862646
38.028287 -120.862605
38.028437 -120.862489
38.028627 -120.862224
38.028869 -120.861834
38.029100 -120.861485
38.029256 -120.861097
38.029323 -120.860630
38.029340 -120.860369
38.029390 -120.860176
38.029539 -120.860008
38.029684 -120.859675
38.029808 -120.859330
38.029930 -120.858902
38.029924 -120.858560
38.030046 -120.858146
38.030148 -120.857787
38.030235 -120.857237
38.030497 -120.856764
38.030870 -120.856439
38.031116 -120.856267
38.031298 -120.856139
38.031433 -120.855875
38.031487 -120.855737
38.031661 -120.855293
38.031962 -120.854600
38.032276 -120.853989
38.032347 -120.853704
38.032387 -120.853548
38.032533 -120.853243
38.032907 -120.852972
38.033378 -120.852712
38.033658 -120.852635
38.034090 -120.852278
38.034223 -120.852167
38.034744 -120.851645
38.035191 -120.851208
38.035349 -120.850971
38.035398 -120.850709
38.035438 -120.850530
38.035608 -120.850347
38.035963 -120.850241
38.036427 -120.850146
38.036935 -120.850117
38.037325 -120.850119
38.037712 -120.849985
38.038172 -120.849711
38.038588 -120.849371
38.038907 -120.849019
38.039179 -120.848519
38.039220 -120.848422
38.039097 -120.848179
38.039015 -120.847825
38.039109 -120.847645
38.039185 -120.847528
38.039319 -120.847324
38.039443 -120.846964
38.039541 -120.846428
38.039535 -120.846113
38.039509 -120.845854
38.039459 -120.845472
38.039356 -120.845201
38.039129 -120.844647
38.038989 -120.844049
38.038823 -120.843275
38.038865 -120.843204
38.039098 -120.842923
38.039296 -120.842521
38.039388 -120.842203
38.039536 -120.842021
38.039718 -120.841906
38.040132 -120.841456
38.040369 -120.841322
38.040667 -120.841153
38.041108 -120.840989
38.041468 -120.840568
38.041697 -120.840069
38.041738 -120.839916
38.041849 -120.839503
38.041970 -120.839021
38.042168 -120.838577
38.042461 -120.838062
38.042683 -120.837768
38.043106 -120.837208
38.043520 -120.836772
38.044222 -120.836080
38.044657 -120.835630
38.044845 -120.835268
38.044907 -120.834921
38.044924 -120.834828
38.044863 -120.834487
38.044815 -120.834249
38.044780 -120.834079
38.044907 -120.833939
38.045207 -120.833851
38.045273 -120.833832
38.045637 -120.833616
38.045850 -120.833391
38.045905 -120.832869
38.045885 -120.832377
38.045821 -120.831818
38.045593 -120.831222
38.045434 -120.830803
38.045402 -120.830661
38.045245 -120.829959
38.045110 -120.829060
38.045131 -120.828471
38.045254 -120.828111
38.045371 -120.827835
38.045441 -120.827668
38.045545 -120.827419
38.045516 -120.827036
38.045472 -120.826422
38.045488 -120.826120
38.045714 -120.826045
38.046026 -120.825926
38.046381 -120.825834
38.046595 -120.825663
38.046816 -120.825342
38.046924 -120.824874
38.046956 -120.824735
38.047053 -120.824144
38.047117 -120.823499
38.047171 -120.822895
38.047248 -120.822359
38.047385 -120.822149
38.047588 -120.822006
38.047890 -120.821956
38.048171 -120.821934
38.048524 -120.821719
38.048782 -120.821629
38.049103 -120.821455
38.049315 -120.821202
38.049470 -120.820787
38.049617 -120.820523
38.049790 -120.819956
38.049947 -120.819651
38.050147 -120.819385
38.050657 -120.818863
38.051032 -120.818619
38.051280 -120.818571
38.051615 -120.818533
38.052110 -120.818396
38.052508 -120.818288
38.052866 -120.818318
38.053020 -120.818335
38.053170 -120.818350
38.053535 -120.818203
38.053748 -120.818086
38.054092 -120.817899
38.055065 -120.817254
38.055528 -120.816694
38.055825 -120.816191
38.056094 -120.815539
38.056255 -120.814905
38.056292 -120.814534
38.056207 -120.814071
38.055961 -120.813600
38.055819 -120.812988
38.055759 -120.812072
38.055750 -120.811594
38.055596 -120.810873
38.055382 -120.810414
38.055234 -120.810021
38.055142 -120.809723
38.055092 -120.809382
38.054984 -120.808810
38.054936 -120.808593
38.054927 -120.808444
38.054921 -120.808360
38.054916 -120.808101
38.055059 -120.807857
38.055301 -120.807227
38.055389 -120.806731
38.055435 -120.806333
38.055502 -120.805852
38.055317 -120.805789
38.055109 -120.805672
38.054760 -120.805504
38.054584 -120.805373
38.054417 -120.805131
38.054240 -120.804904
38.054149 -120.804688
38.054090 -120.804416
38.053998 -120.804104
38.053873 -120.803820
38.053763 -120.803741
38.053536 -120.803748
38.052903 -120.804013
38.052451 -120.804163
38.052063 -120.804271
38.051726 -120.804199
38.051124 -120.803847
38.050741 -120.803585
38.050521 -120.803414
38.050305 -120.803447
38.050094 -120.803755
38.049933 -120.803828
38.049952 -120.803636
38.050011 -120.803347
38.049996 -120.803114
38.049957 -120.802773
38.049831 -120.802394
38.049760 -120.802068
38.049754 -120.801739
38.049788 -120.801259
38.049665 -120.800469
38.049503 -120.799926
38.049424 -120.799723
38.049258 -120.799523
38.049157 -120.799272
38.049121 -120.799185
38.049100 -120.798638
38.049103 -120.798200
38.049199 -120.797526
38.049490 -120.796888
38.049761 -120.796346
38.050004 -120.796051
38.050102 -120.796062
38.050287 -120.796111
38.050818 -120.796177
38.051565 -120.796182
38.052322 -120.796146
38.052549 -120.796084
38.052602 -120.796037
38.052836 -120.795829
38.053196 -120.795381
38.053308 -120.795035
38.053332 -120.794583
38.053317 -120.794337
38.053330 -120.793898
38.053315 -120.793652
38.053257 -120.793462
38.052998 -120.792950
38.052964 -120.792921
38.052833 -120.792812
38.052746 -120.792739
38.052602 -120.792579
38.052409 -120.792092
38.052312 -120.791574
38.052134 -120.791279
38.051989 -120.791064
38.051669 -120.790731
38.051700 -120.790689
38.051787 -120.790687
38.052289 -120.790630
38.052701 -120.790358
38.052925 -120.790201
38.053105 -120.789963
38.053259 -120.789520
38.053375 -120.788778
38.053449 -120.788118
38.053386 -120.787682
38.053346 -120.787569
38.053300 -120.787442
38.053249 -120.787303
38.052939 -120.786888
38.052881 -120.786698
38.052966 -120.786641
38.053216 -120.786702
38.053542 -120.786747
38.053720 -120.786748
38.053888 -120.786750
38.054319 -120.786600
38.054512 -120.786520
38.054580 -120.786492
38.054641 -120.786467
38.054864 -120.786241
38.054988 -120.785936
38.054916 -120.785555
38.054776 -120.785012
38.054666 -120.784386
38.054698 -120.783755
38.054682 -120.783637
38.054635 -120.783292
38.054607 -120.782978
38.054602 -120.782677
38.054594 -120.782266
38.054585 -120.781787
38.054612 -120.781499
38.054638 -120.781183
38.054686 -120.780812
38.054713 -120.780565
38.054795 -120.780275
38.054908 -120.779971
38.055171 -120.779566
38.055356 -120.779040
38.055765 -120.778343
38.056242 -120.777809
38.056471 -120.777598
38.056729 -120.777360
38.056934 -120.776734
38.057026 -120.776256
38.057159 -120.775650
38.057326 -120.774604
38.057415 -120.773930
38.057503 -120.773267
38.057784 -120.772108
38.058093 -120.771661
38.058679 -120.771369
38.059342 -120.771313
38.060121 -120.771289
38.060631 -120.771547
38.061287 -120.771893
38.061320 -120.771903
38.061650 -120.772009
38.061647 -120.771827
38.061717 -120.770967
38.061886 -120.770013
38.062162 -120.768544
38.062572 -120.767345
38.062662 -120.767166
38.063058 -120.766381
38.063410 -120.765877
38.063667 -120.765742
38.063712 -120.765726
38.063871 -120.765668
38.064054 -120.765602
38.064328 -120.765576
38.064641 -120.765347
38.064885 -120.765267
38.065187 -120.765258
38.065421 -120.765378
38.065798 -120.765513
38.066231 -120.765500
38.066649 -120.765450
38.067024 -120.765439
38.067313 -120.765467
38.067547 -120.765660
38.067700 -120.766076
38.067736 -120.766458
38.067743 -120.766840
38.067747 -120.767042
38.067802 -120.767661
38.067879 -120.767914
38.068127 -120.768052
38.068634 -120.768146
38.069039 -120.768207
38.069457 -120.768158
38.069715 -120.768095
38.069975 -120.768087
38.070379 -120.768075
38.070446 -120.767799
38.070307 -120.767347
38.070139 -120.766841
38.070089 -120.766496
38.069851 -120.766138
38.069829 -120.766092
38.069626 -120.765670
38.069592 -120.765397
38.069638 -120.764793
38.069756 -120.764151
38.069774 -120.763603
38.069766 -120.763201
38.069874 -120.762778
38.069943 -120.762612
38.070121 -120.762419
38.070169 -120.762368
38.070198 -120.762225
38.070275 -120.761853
38.070356 -120.761595
38.070647 -120.760966
38.070876 -120.760849
38.071365 -120.760761
38.071588 -120.760754
38.071827 -120.760747
38.072288 -120.760715
38.072543 -120.760470
38.072779 -120.759988
38.072982 -120.759279
38.073129 -120.758663
38.073108 -120.758335
38.072799 -120.758034
38.072320 -120.757884
38.071799 -120.757809
38.071569 -120.757816
38.071267 -120.757880
38.071173 -120.757963
38.071139 -120.757993
38.071103 -120.757952
38.070903 -120.757727
38.070595 -120.757462
38.069985 -120.757262
38.069486 -120.756802
38.069061 -120.756505
38.068435 -120.756177
38.067649 -120.755855
38.067384 -120.755571
38.067200 -120.754992
38.066955 -120.754269
38.066978 -120.753958
38.066928 -120.753613
38.066750 -120.753345
38.066510 -120.752877
38.066272 -120.752501
38.066119 -120.752086
38.065982 -120.751707
38.065918 -120.751362
38.065895 -120.750907
38.066031 -120.750483
38.066072 -120.750353
38.066055 -120.750244
38.065932 -120.749810
38.065878 -120.749383
38.065903 -120.748971
38.065871 -120.748425
38.065739 -120.748333
38.065552 -120.748174
38.065211 -120.747870
38.065044 -120.747629
38.064993 -120.747233
38.065028 -120.746821
38.065003 -120.746617
38.064801 -120.746253
38.064700 -120.746078
38.064351 -120.745911
38.064067 -120.745824
38.063858 -120.745612
38.063547 -120.745197
38.063253 -120.744549
38.062721 -120.743880
38.062054 -120.743559
38.061468 -120.743467
38.061215 -120.743242
38.060935 -120.742758
38.060614 -120.742398
38.060188 -120.742206
38.059598 -120.741909
38.058896 -120.741452
38.057571 -120.740644
38.057021 -120.740182
38.056814 -120.740078
38.056373 -120.739695
38.055921 -120.739271
38.055683 -120.738799
38.055402 -120.738424
38.055245 -120.738236
38.055151 -120.738122
38.055401 -120.737640
38.055882 -120.736384
38.056239 -120.735442
38.056494 -120.734524
38.056536 -120.734374
38.056724 -120.733675
38.057017 -120.732388
38.057289 -120.731522
38.057472 -120.730512
38.057820 -120.729283
38.057863 -120.729131
38.058353 -120.728313
38.058877 -120.727841
38.059472 -120.727220
38.060245 -120.726356
38.060630 -120.725925
38.061354 -120.725318
38.062238 -120.724743
38.062835 -120.724287
38.063487 -120.723646
38.064161 -120.722712
38.064539 -120.722080
38.065190 -120.721439
38.065945 -120.720959
38.066531 -120.720649
38.067016 -120.720324
38.067339 -120.719894
38.067816 -120.719185
38.068193 -120.718553
38.068584 -120.717847
38.069029 -120.716993
38.069324 -120.716583
38.069749 -120.716186
38.070132 -120.715827
38.070682 -120.715190
38.071032 -120.714613
38.071172 -120.714371
38.071303 -120.713975
38.071370 -120.713548
38.071469 -120.713052
38.071494 -120.712668
38.071585 -120.712336
38.071678 -120.712128
38.071782 -120.711906
38.071821 -120.711672
38.071924 -120.711422
38.071964 -120.711270
38.071972 -120.711092
38.072032 -120.710844
38.072178 -120.710552
38.072314 -120.710301
38.072472 -120.710077
38.072726 -120.709795
38.072853 -120.709654
38.073000 -120.709444
38.073082 -120.709168
38.073043 -120.708854
38.072908 -120.708598
38.072925 -120.708379
38.072940 -120.708022
38.072936 -120.707790
38.072960 -120.707378
38.072959 -120.706883
38.072959 -120.706776
38.073100 -120.706785
38.073285 -120.706834
38.073459 -120.706883
38.073590 -120.706920
38.073763 -120.706901
38.073903 -120.706911
38.074230 -120.706983
38.074546 -120.707137
38.074677 -120.707188
38.074838 -120.707128
38.075020 -120.706985
38.075113 -120.706791
38.075280 -120.706457
38.075477 -120.705999
38.075666 -120.705719
38.075887 -120.705411
38.076044 -120.705119
38.076169 -120.704854
38.076313 -120.704480
38.076370 -120.704081
38.076316 -120.703522
38.076322 -120.703301
38.076394 -120.703095
38.076517 -120.702749
38.076544 -120.702711
38.076675 -120.702525
38.076822 -120.702287
38.076980 -120.702063
38.077031 -120.701897
38.077123 -120.701648
38.077205 -120.701399
38.077295 -120.701026
38.077408 -120.700722
38.077414 -120.700461
38.077345 -120.700231
38.077155 -120.699922
38.076874 -120.699397
38.076717 -120.699128
38.076504 -120.698778
38.076335 -120.698400
38.076232 -120.698143
38.076055 -120.697916
38.075841 -120.697526
38.075706 -120.697270
38.075594 -120.697082
38.075539 -120.696949
38.075523 -120.696912
38.075504 -120.696865
38.075566 -120.696754
38.075700 -120.696617
38.075851 -120.696389
38.075999 -120.696193
38.076274 -120.695883
38.076548 -120.695463
38.076727 -120.695239
38.076820 -120.695017
38.076935 -120.694780
38.077070 -120.694488
38.077215 -120.694196
38.077436 -120.693874
38.077796 -120.693466
38.078095 -120.693238
38.078298 -120.693081
38.078499 -120.692883
38.078667 -120.692603
38.079044 -120.692224
38.079113 -120.691631
38.079147 -120.691164
38.079208 -120.690930
38.079297 -120.690530
38.079364 -120.690243
38.079396 -120.690061
38.079334 -120.689882
38.079316 -120.689831
38.079115 -120.689522
38.079028 -120.689341
38.078980 -120.689239
38.078939 -120.689217
38.078717 -120.689097
38.078553 -120.689020
38.078346 -120.688930
38.078082 -120.688706
38.077930 -120.688697
38.077766 -120.688620
38.077579 -120.688461
38.077336 -120.688195
38.077146 -120.687900
38.076803 -120.687514
38.076511 -120.687003
38.076223 -120.686669
38.075992 -120.686444
38.075893 -120.686316
38.075714 -120.686083
38.075526 -120.685870
