San_Francisco_Coastal_South
37.782628 -122.510427
37.782613 -122.509967
37.782622 -122.509702
37.782646 -122.509312
37.782705 -122.508943
37.782712 -122.508684
37.782753 -122.508066
37.782802 -122.507406
37.782826 -122.507146
37.782876 -122.506788
37.782815 -122.506475
37.782541 -122.504767
37.782565 -122.504150
37.783177 -122.502782
37.783732 -122.501869
37.784073 -122.501347
37.784663 -122.500683
37.784671 -122.500455
37.784687 -122.500239
37.784515 -122.500164
37.783914 -122.500244
37.782866 -122.500327
37.782488 -122.500329
37.782213 -122.500320
37.782213 -122.500136
37.782245 -122.499682
37.782173 -122.498838
37.781741 -122.498375
37.781248 -122.497599
37.781040 -122.497060
37.780969 -122.496606
37.780771 -122.496488
37.780273 -122.496437
37.779911 -122.496147
37.779865 -122.496055
37.779087 -122.494486
37.778775 -122.493882
37.778636 -122.493483
37.778316 -122.492879
37.778065 -122.492448
37.777699 -122.491195
37.777463 -122.490211
37.776949 -122.488592
37.776705 -122.487749
37.776443 -122.486820
37.776294 -122.486129
37.776270 -122.485901
37.776258 -122.485782
37.776182 -122.485565
37.775612 -122.485408
37.775190 -122.485249
37.774708 -122.484852
37.774543 -122.484463
37.774472 -122.484063
37.774265 -122.483892
37.773369 -122.483324
37.772843 -122.482864
37.772624 -122.482568
37.772571 -122.482496
37.772394 -122.482202
37.772333 -122.481773
37.772235 -122.480783
37.772066 -122.479882
37.772065 -122.479660
37.772276 -122.479392
37.772275 -122.479155
37.772227 -122.479023
37.772073 -122.478743
37.771979 -122.478684
37.771802 -122.478434
37.771718 -122.478198
37.771706 -122.477961
37.771564 -122.477873
37.771341 -122.477786
37.771094 -122.477625
37.770941 -122.477597
37.770852 -122.477581
37.770716 -122.477588
37.770581 -122.477654
37.770414 -122.477773
37.770250 -122.477797
37.769750 -122.477736
37.769442 -122.477715
37.769278 -122.477681
37.769199 -122.477634
37.769054 -122.477582
37.768932 -122.477536
37.768810 -122.477525
37.768614 -122.477509
37.768297 -122.477576
37.768162 -122.477647
37.767956 -122.477649
37.767629 -122.477545
37.767446 -122.477464
37.767380 -122.477335
37.767379 -122.476994
37.767387 -122.476741
37.767442 -122.476470
37.767445 -122.476128
37.767410 -122.475576
37.767357 -122.475229
37.767281 -122.474929
37.767298 -122.474670
37.767300 -122.474064
37.767238 -122.473612
37.767171 -122.473265
37.767116 -122.473142
37.766205 -122.473031
37.766030 -122.472977
37.765747 -122.472952
37.765267 -122.472900
37.764439 -122.472906
37.763677 -122.473021
37.763024 -122.473273
37.762167 -122.473523
37.761316 -122.473442
37.760784 -122.473446
37.759916 -122.473387
37.759469 -122.473337
37.759418 -122.473332
37.759022 -122.473296
37.758790 -122.473147
37.758680 -122.472873
37.758651 -122.472801
37.758693 -122.472585
37.758675 -122.472455
37.758217 -122.471874
37.758143 -122.471891
37.757992 -122.472010
37.757752 -122.472122
37.756883 -122.471873
37.756481 -122.471832
37.756258 -122.471790
37.756034 -122.471608
37.755689 -122.471405
37.755362 -122.471126
37.755008 -122.470912
37.754587 -122.470731
37.754302 -122.470528
37.754018 -122.470270
37.753785 -122.470164
37.753545 -122.470144
37.753398 -122.470112
37.753269 -122.470005
37.753189 -122.469854
37.753047 -122.469719
37.752413 -122.469510
37.752009 -122.469368
37.751766 -122.469353
37.751634 -122.469432
37.751342 -122.469434
37.751153 -122.469274
37.750988 -122.468939
37.750831 -122.468454
37.750658 -122.468141
37.750400 -122.468100
37.750134 -122.468134
37.749860 -122.468331
37.749688 -122.468440
37.749430 -122.468323
37.749197 -122.468054
37.749033 -122.467839
37.748645 -122.467485
37.748472 -122.467270
37.748300 -122.467228
37.748085 -122.467229
37.747991 -122.467197
37.747998 -122.467046
37.748109 -122.466839
37.748138 -122.466696
37.748176 -122.466504
37.748176 -122.466352
37.748045 -122.466018
37.747830 -122.465781
37.747684 -122.465654
37.747364 -122.465374
37.747147 -122.464867
37.747103 -122.464629
37.747033 -122.464316
37.746956 -122.463938
37.746945 -122.463884
37.746892 -122.463788
37.746712 -122.463461
37.746512 -122.463097
37.746346 -122.462622
37.746260 -122.462450
37.745733 -122.461804
37.744964 -122.460955
37.744213 -122.460193
37.743988 -122.459870
37.743789 -122.459482
37.743642 -122.459267
37.743504 -122.459203
37.743272 -122.459215
37.743006 -122.459250
37.742911 -122.459153
37.742928 -122.459012
37.742969 -122.458622
37.742899 -122.458255
37.742768 -122.457899
37.742629 -122.457478
37.742568 -122.457252
37.742644 -122.457035
37.743011 -122.456632
37.743310 -122.456110
37.743650 -122.455437
37.743922 -122.454851
37.743869 -122.454354
37.743617 -122.453386
37.742499 -122.453542
37.742313 -122.453504
37.742102 -122.453231
37.741887 -122.453113
37.741380 -122.453139
37.740994 -122.453163
37.740591 -122.453296
37.740317 -122.453449
37.740076 -122.453462
37.739740 -122.453281
37.739508 -122.453152
37.739266 -122.452970
37.739086 -122.452928
37.738752 -122.453126
37.738614 -122.453181
37.738354 -122.453426
37.738192 -122.453858
37.738217 -122.454083
37.738161 -122.454260
37.737979 -122.454386
37.737698 -122.454423
37.737459 -122.454584
37.737278 -122.454975
37.736773 -122.455387
37.736619 -122.455512
37.736579 -122.455884
37.736580 -122.456221
37.736794 -122.456733
37.736951 -122.457281
37.736967 -122.457724
37.736898 -122.458043
37.736844 -122.458139
37.736780 -122.458194
37.736600 -122.458255
37.736388 -122.458301
37.736199 -122.458308
37.735978 -122.458274
37.735658 -122.458145
37.734987 -122.457733
37.734948 -122.457709
37.734637 -122.457631
37.733975 -122.457464
37.733365 -122.457296
37.733263 -122.457268
37.732591 -122.456662
37.732413 -122.456476
37.732128 -122.456181
37.732086 -122.456094
37.731964 -122.455842
37.731905 -122.455316
37.731847 -122.454873
37.731309 -122.454257
37.730848 -122.453945
37.730688 -122.453837
37.730150 -122.453203
37.729908 -122.452567
37.729596 -122.451878
37.729383 -122.451632
37.728834 -122.451530
37.728187 -122.451641
37.727625 -122.451787
37.726753 -122.451882
37.726387 -122.451690
37.726230 -122.451301
37.725947 -122.451037
37.725553 -122.450952
37.724893 -122.451311
37.724615 -122.451577
37.724235 -122.451953
37.723548 -122.452508
37.723268 -122.452651
37.722917 -122.452866
37.722551 -122.452851
37.721997 -122.452587
37.721493 -122.452239
37.721112 -122.452047
37.720774 -122.452067
37.720481 -122.452424
37.719736 -122.452624
37.718907 -122.453002
37.718726 -122.453287
37.718305 -122.453609
37.717845 -122.454084
37.717787 -122.454144
37.717451 -122.454554
37.717298 -122.454750
37.717187 -122.455229
37.716949 -122.455549
37.716838 -122.455816
37.716600 -122.456013
37.716291 -122.456192
37.715686 -122.456108
37.715222 -122.456217
37.714632 -122.456452
37.713480 -122.456868
37.712914 -122.457195
37.712339 -122.457435
37.711450 -122.457658
37.711041 -122.457605
37.709810 -122.457204
37.709386 -122.457004
37.708457 -122.456780
37.707697 -122.456857
37.706517 -122.457113
37.706207 -122.457151
37.705293 -122.457105
37.704560 -122.456827
37.704024 -122.456689
37.703460 -122.456445
37.702996 -122.456324
37.702560 -122.456381
37.702276 -122.456342
37.702140 -122.456289
37.701883 -122.456189
37.701613 -122.456048
37.701289 -122.456003
37.701207 -122.456019
37.700940 -122.456056
37.700691 -122.456095
37.700604 -122.456342
37.700577 -122.456732
37.700424 -122.457034
37.700130 -122.457302
37.699681 -122.457677
37.699400 -122.457785
37.699036 -122.458106
37.698658 -122.458623
37.698351 -122.458997
37.698112 -122.459211
37.697832 -122.459390
37.697186 -122.459607
37.696892 -122.459999
37.696668 -122.460195
37.696334 -122.460396
37.696191 -122.460482
37.696118 -122.460596
37.695716 -122.461229
37.695281 -122.461587
37.694819 -122.462086
37.694329 -122.462691
37.694163 -122.463117
37.693686 -122.463546
37.693238 -122.463956
37.692635 -122.464403
37.692157 -122.464602
37.690979 -122.465513
37.690209 -122.466191
37.687602 -122.468405
37.686134 -122.470523
37.685534 -122.471642
37.685225 -122.471893
37.684734 -122.472144
37.684610 -122.472640
37.684544 -122.473632
37.684549 -122.474783
37.684526 -122.475881
37.684485 -122.476324
37.684431 -122.476678
37.684363 -122.477263
37.684040 -122.477495
37.683773 -122.477515
37.683266 -122.477288
37.682773 -122.477256
37.682491 -122.477223
37.682325 -122.477396
37.682183 -122.477544
37.682002 -122.477935
37.682031 -122.478200
37.682187 -122.478358
37.682512 -122.478974
37.682911 -122.479858
37.683280 -122.480599
37.683550 -122.481164
37.683764 -122.481835
37.683822 -122.482313
37.683781 -122.482596
37.683559 -122.483146
37.683463 -122.483802
37.683550 -122.484421
37.683696 -122.485500
37.683783 -122.486119
37.683786 -122.486827
37.683453 -122.487874
37.683218 -122.488832
37.682770 -122.489419
37.682251 -122.489883
37.681410 -122.490247
37.681212 -122.490333
37.680357 -122.491153
37.680103 -122.491384
37.680063 -122.491420
37.679431 -122.491708
37.677842 -122.491843
37.676800 -122.491797
37.675619 -122.492000
37.675197 -122.491985
37.674661 -122.491546
37.674223 -122.491301
37.673518 -122.490863
37.672616 -122.490480
37.671572 -122.489832
37.671289 -122.489480
37.671033 -122.488791
37.670736 -122.488439
37.670030 -122.487913
37.669635 -122.487704
37.669155 -122.487424
37.668140 -122.486811
37.667532 -122.486249
37.667193 -122.486003
37.666841 -122.485740
37.666643 -122.485618
37.666431 -122.485354
37.665695 -122.484332
37.665462 -122.483917
37.664816 -122.482763
37.664208 -122.481742
37.663874 -122.481700
37.663505 -122.481813
37.663189 -122.481993
37.662873 -122.482061
37.662555 -122.481864
37.662220 -122.481645
37.661690 -122.481273
37.661337 -122.480965
37.661212 -122.480590
37.661491 -122.479880
37.661573 -122.478551
37.661628 -122.477883
37.661570 -122.477529
37.660835 -122.476579
37.660465 -122.475678
37.660252 -122.475326
37.658687 -122.474682
37.657828 -122.474387
37.657109 -122.474127
37.656911 -122.473987
37.656811 -122.473580
37.656684 -122.473369
37.656402 -122.473229
37.655811 -122.473357
37.655278 -122.473591
37.654996 -122.473593
37.654630 -122.473454
37.654235 -122.473192
37.654037 -122.473105
37.653898 -122.473353
37.653731 -122.473885
37.653606 -122.474134
37.653422 -122.473994
37.653040 -122.473554
37.652615 -122.473252
37.652250 -122.472993
37.651854 -122.472536
37.651218 -122.471886
37.650965 -122.471788
37.650325 -122.471699
37.650189 -122.471743
37.650106 -122.471858
37.649967 -122.472125
37.648872 -122.472699
37.648314 -122.473764
37.647627 -122.474300
37.647346 -122.474444
37.646838 -122.474252
37.646498 -122.473759
37.646241 -122.472876
37.646069 -122.472011
37.646177 -122.470970
37.646203 -122.470718
37.646117 -122.470347
37.645793 -122.470084
37.644975 -122.469771
37.643972 -122.468840
37.643548 -122.468472
37.642757 -122.467699
37.641386 -122.466364
37.640382 -122.465256
37.638971 -122.464435
37.638196 -122.464210
37.637633 -122.464073
37.636435 -122.463728
37.636300 -122.463717
37.635844 -122.463679
37.635449 -122.463487
37.635238 -122.463471
37.634804 -122.463952
37.634329 -122.464574
37.634049 -122.465036
37.633896 -122.465356
37.633336 -122.465962
37.633155 -122.466476
37.632978 -122.467355
37.632580 -122.468070
37.632487 -122.468126
37.632123 -122.468359
37.631618 -122.468734
37.630791 -122.469377
37.630469 -122.469786
37.630287 -122.470035
37.629979 -122.470302
37.629752 -122.470074
37.629358 -122.469882
37.628327 -122.469164
37.627666 -122.469116
37.627300 -122.469189
37.627201 -122.468942
37.627185 -122.468677
37.626565 -122.468292
37.626324 -122.468011
37.625998 -122.467518
37.625813 -122.467024
37.625741 -122.466564
37.625697 -122.466246
37.625640 -122.466123
37.625387 -122.466054
37.624921 -122.465756
37.624540 -122.465600
37.624216 -122.465408
37.623735 -122.464951
37.623621 -122.464563
37.623251 -122.463681
37.622857 -122.463578
37.622434 -122.463457
37.622251 -122.463370
37.622110 -122.463282
37.621828 -122.463160
37.621631 -122.463180
37.621209 -122.463306
37.620858 -122.463486
37.620605 -122.463558
37.620296 -122.463490
37.620000 -122.463439
37.619732 -122.463317
37.619464 -122.463136
37.619422 -122.463107
37.619309 -122.463108
37.619210 -122.463109
37.619014 -122.463216
37.618747 -122.463236
37.618478 -122.462955
37.618336 -122.462549
37.618300 -122.462349
37.618206 -122.461825
37.618035 -122.461330
37.617568 -122.460750
37.617104 -122.460421
37.616792 -122.460455
37.616440 -122.460422
37.616243 -122.460335
37.615848 -122.460179
37.615709 -122.460113
37.615482 -122.460005
37.614989 -122.459884
37.614439 -122.459765
37.614073 -122.459643
37.613593 -122.459240
37.613408 -122.458923
37.613042 -122.458766
37.611563 -122.458494
37.610935 -122.458328
37.610303 -122.458160
37.609873 -122.458047
37.608689 -122.457701
37.608169 -122.457705
37.606861 -122.457909
37.606692 -122.457991
37.606229 -122.458214
37.605723 -122.458289
37.605234 -122.458164
37.605047 -122.458117
37.604609 -122.457731
37.603706 -122.457154
37.603253 -122.456644
37.602998 -122.456186
37.602544 -122.455394
37.602105 -122.454796
37.601552 -122.453880
37.601225 -122.453193
37.600914 -122.452895
37.600309 -122.452793
37.600098 -122.452901
37.599863 -122.452983
37.599789 -122.453009
37.599494 -122.453029
37.599225 -122.452748
37.598972 -122.452714
37.598578 -122.452646
37.598308 -122.452311
37.598181 -122.452154
37.597757 -122.451627
37.597190 -122.450800
37.597005 -122.450359
37.596906 -122.450325
37.596823 -122.450537
37.596683 -122.450751
37.596529 -122.450893
37.596247 -122.450789
37.596008 -122.450791
37.595657 -122.450882
37.595377 -122.451132
37.595125 -122.451452
37.594958 -122.451807
37.594610 -122.452037
37.594581 -122.452037
37.594128 -122.452007
37.593677 -122.451834
37.593438 -122.451800
37.593283 -122.451837
37.593002 -122.451750
37.592776 -122.451769
37.592285 -122.451915
37.591892 -122.452200
37.591569 -122.452415
37.591232 -122.452506
37.590754 -122.452492
37.590529 -122.452511
37.590289 -122.452354
37.590146 -122.452019
37.589948 -122.451702
37.589412 -122.451441
37.589228 -122.451106
37.588690 -122.450385
37.588238 -122.449999
37.587871 -122.449843
37.587448 -122.449722
37.586885 -122.449656
37.586661 -122.449746
37.586524 -122.449816
37.586450 -122.449853
37.586211 -122.449802
37.586013 -122.449591
37.585899 -122.449488
37.585801 -122.449398
37.585477 -122.449436
37.585183 -122.449615
37.584916 -122.449759
37.584678 -122.450008
37.584398 -122.450416
37.584048 -122.450684
37.584022 -122.450789
37.583979 -122.450968
37.583909 -122.451180
37.583474 -122.451272
37.583150 -122.451274
37.582966 -122.451028
37.582922 -122.450710
37.582710 -122.450429
37.582414 -122.450290
37.581893 -122.450276
37.581751 -122.449994
37.581567 -122.449801
37.581272 -122.449821
37.581103 -122.449716
37.581129 -122.449291
37.581268 -122.449078
37.581254 -122.448884
37.581028 -122.448832
37.580493 -122.448819
37.580254 -122.448767
37.580154 -122.448503
37.580222 -122.447919
37.580247 -122.447335
37.580241 -122.447208
37.580216 -122.446735
37.580046 -122.446506
37.579765 -122.446499
37.579512 -122.446492
37.579131 -122.446336
37.578819 -122.445914
37.578585 -122.445099
37.578576 -122.445067
37.578491 -122.444988
37.578294 -122.444804
37.578198 -122.444746
37.578202 -122.444456
37.578188 -122.444332
37.578088 -122.443944
37.578002 -122.443732
37.577921 -122.443665
37.577875 -122.443627
37.577720 -122.443558
37.577507 -122.443519
37.577438 -122.443507
37.577255 -122.443455
37.577147 -122.443271
37.577140 -122.442908
37.577109 -122.442574
37.577095 -122.442431
37.576898 -122.442309
37.576630 -122.442099
37.576347 -122.441942
37.576177 -122.441660
37.576161 -122.441218
37.576013 -122.440912
37.575821 -122.440708
37.575694 -122.440709
37.575496 -122.440498
37.575494 -122.440039
37.575356 -122.439881
37.575310 -122.439828
37.575225 -122.439634
37.575294 -122.439439
37.575489 -122.438996
37.575418 -122.438731
37.575162 -122.438309
37.574979 -122.438169
37.574682 -122.437959
37.574526 -122.437624
37.574637 -122.437305
37.574762 -122.436915
37.574901 -122.436596
37.574899 -122.436207
37.574785 -122.435978
37.574531 -122.435697
37.574291 -122.435522
37.573670 -122.435085
37.573217 -122.434629
37.572794 -122.434314
37.572300 -122.434052
37.572059 -122.433771
37.571875 -122.433507
37.571620 -122.433226
37.571211 -122.433017
37.570619 -122.432792
37.570366 -122.432794
37.570044 -122.433132
37.569977 -122.433407
37.569821 -122.433594
37.569652 -122.433577
37.569426 -122.433331
37.569270 -122.433121
37.568804 -122.432647
37.568408 -122.432385
37.567915 -122.432247
37.567067 -122.431440
37.566347 -122.430880
37.565910 -122.430654
37.565558 -122.430621
37.565176 -122.430306
37.564878 -122.429778
37.564594 -122.429232
37.564325 -122.428951
37.564000 -122.428565
37.563763 -122.428131
37.563730 -122.428072
37.563461 -122.427685
37.563235 -122.427457
37.563188 -122.427411
37.563023 -122.427247
37.563026 -122.427208
37.563063 -122.426822
37.562963 -122.426611
37.562666 -122.426206
37.562397 -122.425873
37.562227 -122.425556
37.562071 -122.425451
37.561972 -122.425257
37.561886 -122.424922
37.561674 -122.424676
37.561279 -122.424467
37.560827 -122.424135
37.560529 -122.423678
37.560345 -122.423538
37.560078 -122.423575
37.559755 -122.423708
37.559727 -122.423719
37.559389 -122.423633
37.559107 -122.423459
37.558331 -122.422970
37.557808 -122.422550
37.557371 -122.422394
37.557132 -122.422361
37.556807 -122.422133
37.556496 -122.421941
37.556122 -122.421476
37.556100 -122.421450
37.555690 -122.421064
37.555323 -122.420802
37.555236 -122.420378
37.555178 -122.420043
37.554896 -122.419762
37.554641 -122.419446
37.554498 -122.418988
37.554201 -122.418778
37.553312 -122.418202
37.552437 -122.417696
37.552150 -122.417740
37.552072 -122.417752
37.551889 -122.417735
37.551607 -122.417579
37.551142 -122.417565
37.550762 -122.417550
37.550438 -122.417482
37.550114 -122.417396
37.549648 -122.417028
37.549351 -122.416748
37.549112 -122.416399
37.548883 -122.416009
37.548474 -122.415800
37.548122 -122.415803
37.547897 -122.415664
37.547261 -122.415103
37.546724 -122.414754
37.546414 -122.414650
37.546301 -122.414598
37.546159 -122.414299
37.545832 -122.413612
37.545647 -122.413154
37.545420 -122.412802
37.545081 -122.412487
37.544869 -122.412277
37.544563 -122.411949
37.544332 -122.411857
37.544051 -122.411877
37.543979 -122.411718
37.543865 -122.411277
37.543751 -122.411013
37.543552 -122.410697
37.543269 -122.410416
37.543029 -122.410171
37.542789 -122.409960
37.542463 -122.409592
37.542152 -122.409153
37.541839 -122.408537
37.541584 -122.408185
37.541344 -122.408063
37.541119 -122.408083
37.540866 -122.408067
37.540682 -122.407839
37.540638 -122.407468
37.540594 -122.407186
37.540593 -122.407044
37.540571 -122.406847
37.540546 -122.406801
37.540436 -122.406604
37.540237 -122.406199
37.540136 -122.405740
37.540063 -122.405176
37.539892 -122.404753
37.539496 -122.404367
37.539086 -122.403823
37.539001 -122.403717
37.538831 -122.403560
37.538717 -122.403225
37.538476 -122.402980
37.538278 -122.402769
37.538136 -122.402399
37.537951 -122.402153
37.537823 -122.401801
37.537666 -122.401449
37.537440 -122.401256
37.537186 -122.401135
37.536861 -122.400713
37.536817 -122.400622
37.536330 -122.400054
37.536294 -122.400029
37.536018 -122.399772
37.535729 -122.399591
37.535615 -122.399221
37.535587 -122.399147
37.535515 -122.398957
37.535317 -122.398676
37.535175 -122.398518
37.535089 -122.398148
37.535059 -122.397847
37.534917 -122.397584
37.534705 -122.397303
37.534563 -122.397039
37.534351 -122.396846
37.533899 -122.396602
37.533671 -122.396109
37.533359 -122.395617
37.533105 -122.395443
37.532837 -122.395268
37.532554 -122.394988
37.532228 -122.394531
37.532143 -122.394408
37.531122 -122.394031
37.530832 -122.393924
37.530339 -122.393733
37.530099 -122.393718
37.530098 -122.393541
37.530294 -122.393257
37.530320 -122.393182
37.530419 -122.392902
37.530417 -122.392567
37.530331 -122.392285
37.530161 -122.391933
37.529836 -122.391688
37.529553 -122.391531
37.528783 -122.391098
37.528749 -122.391079
37.528281 -122.390287
37.527769 -122.389320
37.527513 -122.388863
37.527507 -122.388797
37.527484 -122.388562
37.527679 -122.388172
37.527776 -122.387906
37.527606 -122.387713
37.527479 -122.387591
37.527041 -122.387365
37.526646 -122.387032
37.526425 -122.386779
37.526264 -122.386594
37.526007 -122.385949
37.525879 -122.385625
37.525679 -122.385079
37.525338 -122.384446
37.525084 -122.384271
37.524857 -122.384410
37.524761 -122.384468
37.524130 -122.384845
37.523876 -122.384829
37.523693 -122.384707
37.523677 -122.384318
37.523672 -122.384140
37.523659 -122.383647
37.523572 -122.383153
37.523528 -122.382783
37.523594 -122.381916
37.523409 -122.381565
37.523167 -122.381090
37.522871 -122.380933
37.522562 -122.380936
37.522265 -122.380726
37.522235 -122.380320
37.522177 -122.379985
37.521909 -122.379881
37.521471 -122.379637
37.520864 -122.379271
37.520484 -122.379239
37.519965 -122.379473
37.519641 -122.379405
37.519387 -122.379248
37.519233 -122.379227
37.519021 -122.379198
37.518626 -122.379131
37.518062 -122.378800
37.517499 -122.378752
37.516992 -122.378774
37.516487 -122.378937
37.516249 -122.379186
37.516080 -122.379223
37.515630 -122.379209
37.515193 -122.379089
37.514686 -122.378899
37.514346 -122.378601
37.514090 -122.378020
37.513945 -122.377297
37.513745 -122.376681
37.513717 -122.376650
37.513306 -122.376190
37.513229 -122.376108
37.513166 -122.376099
37.513006 -122.376076
37.512774 -122.376082
37.512523 -122.375995
37.512337 -122.375885
37.512178 -122.375740
37.511232 -122.374988
37.510708 -122.374481
37.510455 -122.374145
37.510283 -122.373919
37.509860 -122.373604
37.509352 -122.373361
37.508701 -122.372713
37.507501 -122.371893
37.506992 -122.371544
37.506711 -122.371635
37.506597 -122.371803
37.506432 -122.372044
37.505998 -122.372436
37.505787 -122.372508
37.505366 -122.372582
37.505210 -122.372442
37.505068 -122.372267
37.504813 -122.371933
37.504601 -122.371688
37.504390 -122.371619
37.504095 -122.371781
37.503588 -122.371626
37.503109 -122.371506
37.502793 -122.371351
37.502615 -122.371263
37.502333 -122.371212
37.502193 -122.371267
37.501849 -122.371434
37.501786 -122.371464
37.501547 -122.371537
37.501310 -122.371484
37.500096 -122.371284
37.499761 -122.371247
37.499505 -122.371219
37.499238 -122.371362
37.498876 -122.371913
37.498654 -122.372550
37.498500 -122.372728
37.498359 -122.372712
37.498090 -122.372343
37.497609 -122.371782
37.497156 -122.371379
37.496817 -122.371064
37.496420 -122.370609
37.495840 -122.370048
37.495416 -122.369593
37.494978 -122.369208
37.494582 -122.368964
37.494172 -122.368473
37.494086 -122.368339
37.493746 -122.367806
37.493193 -122.366945
37.492851 -122.366118
37.492552 -122.365626
37.491960 -122.365348
37.491523 -122.365211
37.491340 -122.365212
37.490905 -122.365340
37.490568 -122.365625
37.490218 -122.365805
37.490148 -122.365841
37.489655 -122.365792
37.489458 -122.365758
37.489330 -122.365512
37.489342 -122.365203
37.489353 -122.364594
37.489309 -122.364223
37.489139 -122.363977
37.488998 -122.363943
37.488562 -122.363982
37.487900 -122.363900
37.487118 -122.363696
37.486250 -122.363172
37.485755 -122.362823
37.485136 -122.362301
37.485091 -122.362264
37.484865 -122.362089
37.484737 -122.361878
37.484651 -122.361508
37.484578 -122.360997
37.484493 -122.360891
37.484295 -122.360840
37.483943 -122.360808
37.483378 -122.360301
37.482742 -122.359847
37.482008 -122.359377
37.481614 -122.359362
37.481362 -122.359594
37.481026 -122.359862
37.480407 -122.360026
37.479549 -122.359927
37.478943 -122.359720
37.477899 -122.359376
37.476389 -122.358542
37.476313 -122.358488
37.475867 -122.358175
37.475148 -122.357934
37.474528 -122.357763
37.473175 -122.357457
37.471878 -122.356921
37.471540 -122.356835
37.470878 -122.356735
37.470538 -122.356403
37.470352 -122.355680
37.470336 -122.355593
37.470163 -122.354588
37.469988 -122.353530
37.470003 -122.353290
37.470027 -122.352894
37.470148 -122.352046
37.470257 -122.351286
37.470379 -122.350419
37.470356 -122.350272
37.470277 -122.349767
37.470148 -122.349415
37.470104 -122.349364
37.469766 -122.348977
37.469428 -122.348821
37.468967 -122.348814
37.468696 -122.348810
37.468301 -122.348690
37.468070 -122.348380
37.467947 -122.348216
37.467649 -122.347742
37.467337 -122.347410
37.466957 -122.347307
37.466492 -122.347399
37.466113 -122.347367
37.465520 -122.347055
37.464800 -122.346637
37.463997 -122.346415
37.463645 -122.346347
37.463292 -122.346068
37.462853 -122.345630
37.462499 -122.345298
37.461861 -122.344368
37.461813 -122.344273
37.461605 -122.343858
37.461462 -122.343436
37.461335 -122.343296
37.461011 -122.343299
37.460350 -122.343446
37.459999 -122.343449
37.459829 -122.343327
37.459588 -122.342941
37.459371 -122.342701
37.459191 -122.342503
37.458809 -122.342118
37.458314 -122.341681
37.458003 -122.341260
37.457696 -122.340722
37.457562 -122.340487
37.456996 -122.339980
37.456461 -122.339826
37.455546 -122.339728
37.455264 -122.339607
37.454924 -122.339293
37.454685 -122.339312
37.454280 -122.339629
37.454251 -122.339651
37.453787 -122.339814
37.453280 -122.339695
37.452785 -122.339276
37.452527 -122.338993
37.452290 -122.338733
37.451540 -122.338052
37.450917 -122.337673
37.450348 -122.337302
37.449977 -122.337058
37.449669 -122.336913
37.449370 -122.336916
37.448985 -122.336919
37.448622 -122.336764
37.448274 -122.336363
37.448081 -122.335674
37.447990 -122.334837
37.448034 -122.334294
37.447970 -122.334008
37.447898 -122.333871
37.447668 -122.333498
37.447146 -122.332990
37.446845 -122.332618
37.446474 -122.332266
37.446315 -122.332060
37.446243 -122.331824
37.446313 -122.331607
37.446853 -122.331227
37.446970 -122.331068
37.446979 -122.330995
37.447008 -122.330752
37.446887 -122.330319
37.446672 -122.329818
37.446522 -122.329445
37.446270 -122.329391
37.445439 -122.329293
37.444777 -122.329122
37.444281 -122.328562
37.443926 -122.327930
37.443572 -122.327510
37.442598 -122.327077
37.442314 -122.326603
37.442185 -122.326145
37.441590 -122.325463
37.441053 -122.324973
37.440755 -122.324570
37.440695 -122.323882
37.440662 -122.323535
37.440635 -122.323248
37.440351 -122.322774
37.439909 -122.322743
37.439675 -122.322727
37.438619 -122.322666
37.437870 -122.322108
37.437231 -122.321020
37.436678 -122.320633
37.436186 -122.320288
37.436138 -122.320280
37.435481 -122.320171
37.434537 -122.319827
37.434099 -122.319566
37.434027 -122.319355
37.434096 -122.319089
37.434010 -122.318808
37.433628 -122.318494
37.433585 -122.318419
37.433444 -122.318178
37.433087 -122.317281
37.432660 -122.316473
37.432306 -122.316124
37.432127 -122.315999
37.431981 -122.315897
37.431247 -122.315410
37.430692 -122.314374
37.429924 -122.312952
37.429158 -122.311830
37.428381 -122.311290
37.427901 -122.311029
37.427170 -122.311213
37.426653 -122.311764
37.426122 -122.312387
37.425552 -122.313574
37.424488 -122.314554
37.424031 -122.314868
37.423759 -122.315055
37.423522 -122.315357
37.423341 -122.315694
37.423428 -122.316116
37.423452 -122.316383
37.423488 -122.316768
37.423505 -122.317386
37.423312 -122.318023
37.423103 -122.318325
37.422625 -122.318523
37.421998 -122.318489
37.421795 -122.318477
37.421091 -122.318325
37.420864 -122.318115
37.420624 -122.317976
37.420131 -122.317769
37.419920 -122.317877
37.419795 -122.318178
37.419572 -122.318603
37.418815 -122.319087
37.418383 -122.319614
37.418089 -122.319310
37.417806 -122.319083
37.417593 -122.318714
37.417492 -122.318362
37.417532 -122.318167
37.417588 -122.317885
37.417247 -122.317253
37.417119 -122.317043
37.416665 -122.316341
37.416337 -122.315603
37.415839 -122.314655
37.415526 -122.314093
37.415284 -122.313619
37.415225 -122.313126
37.415110 -122.312633
37.415009 -122.312369
37.414783 -122.312213
37.414663 -122.312094
37.414076 -122.311514
37.413792 -122.311146
37.413508 -122.310584
37.413462 -122.309932
37.413528 -122.309314
37.413519 -122.308995
37.413511 -122.308732
37.413339 -122.308222
37.412842 -122.307503
37.412360 -122.306908
37.412092 -122.306804
37.411642 -122.306773
37.411094 -122.306813
37.410659 -122.307064
37.410407 -122.307349
37.410270 -122.307897
37.410159 -122.308198
37.409671 -122.308215
37.409498 -122.308222
37.409102 -122.307925
37.408821 -122.307910
37.408427 -122.307967
37.408159 -122.307864
37.407877 -122.307760
37.407678 -122.307445
37.407323 -122.306954
37.407069 -122.306833
37.406690 -122.306872
37.406506 -122.306715
37.406447 -122.306345
37.406528 -122.305656
37.406483 -122.305163
37.406197 -122.304424
37.405814 -122.303899
37.405376 -122.303532
37.405164 -122.303358
37.405162 -122.303093
37.405195 -122.302700
37.405201 -122.302617
37.404845 -122.301756
37.404518 -122.301283
37.403994 -122.300617
37.403655 -122.300426
37.403077 -122.300308
37.402841 -122.300267
37.402401 -122.300191
37.402288 -122.300086
37.401988 -122.299401
37.401730 -122.298628
37.401347 -122.298032
37.400965 -122.297665
37.400359 -122.297494
37.400203 -122.297302
37.400059 -122.296827
37.399940 -122.295752
37.399669 -122.295049
37.399637 -122.294450
37.399562 -122.294116
37.399406 -122.293429
37.399133 -122.292567
37.398963 -122.292269
37.398736 -122.292059
37.398229 -122.291958
37.398009 -122.291986
37.397779 -122.292016
37.397553 -122.291824
37.397503 -122.291064
37.397476 -122.290643
37.397404 -122.290552
37.396965 -122.289995
37.396751 -122.289397
37.396734 -122.288974
37.396766 -122.288606
37.396773 -122.288515
37.396969 -122.288302
37.397052 -122.288037
37.396923 -122.287720
37.396738 -122.287352
37.396550 -122.286436
37.396460 -122.285957
37.396448 -122.285891
37.396276 -122.285434
37.396246 -122.285011
37.396060 -122.284572
37.395509 -122.284171
37.394747 -122.283755
37.394237 -122.283249
37.393868 -122.282653
37.393829 -122.282565
37.393668 -122.282196
37.393301 -122.282023
37.393019 -122.281991
37.392933 -122.281999
37.392774 -122.282032
37.392739 -122.281963
37.392662 -122.281770
37.392391 -122.281435
37.392261 -122.281115
37.392112 -122.280888
37.392007 -122.279849
37.391977 -122.279532
37.391791 -122.279022
37.391649 -122.278812
37.391253 -122.278375
37.390940 -122.277901
37.390909 -122.277373
37.391088 -122.276824
37.391185 -122.276541
37.391197 -122.276153
37.391365 -122.275975
37.391461 -122.275639
37.391501 -122.275251
37.391497 -122.274634
37.391504 -122.273542
37.391504 -122.273487
37.391443 -122.272730
37.391286 -122.272361
37.390943 -122.271553
37.390715 -122.271079
37.390671 -122.270797
37.390834 -122.269773
37.390775 -122.269297
37.390377 -122.268631
37.390023 -122.268282
37.389485 -122.267758
37.389131 -122.267426
37.388579 -122.266956
37.387781 -122.266363
37.387689 -122.266294
37.387236 -122.265911
37.386631 -122.265934
37.386167 -122.265939
37.385690 -122.266208
37.385506 -122.266086
37.385294 -122.265877
37.385094 -122.265332
37.385062 -122.264839
37.384918 -122.264187
37.384738 -122.263869
37.384690 -122.263784
37.384450 -122.263610
37.384027 -122.263443
37.383886 -122.263386
37.383237 -122.263128
37.382392 -122.263119
37.381829 -122.263054
37.381490 -122.262846
37.381178 -122.262461
37.381008 -122.262233
37.380637 -122.261754
37.380412 -122.261463
37.380130 -122.261272
37.379387 -122.261047
37.379340 -122.261033
37.378198 -122.260674
37.377451 -122.260452
37.377170 -122.260455
37.376845 -122.260317
37.376617 -122.259878
37.376445 -122.259298
37.376382 -122.258169
37.376347 -122.257201
37.376360 -122.256954
37.376120 -122.256815
37.375483 -122.256328
37.374807 -122.256088
37.374285 -122.256022
37.373736 -122.255922
37.373283 -122.255521
37.372902 -122.255243
37.372435 -122.254842
37.372322 -122.254624
37.372136 -122.254263
37.372074 -122.253470
37.371929 -122.252802
37.371759 -122.252521
37.371348 -122.252085
37.370939 -122.251948
37.370685 -122.251774
37.370391 -122.251685
37.370234 -122.251637
37.369065 -122.251526
37.368530 -122.251496
37.368332 -122.251251
37.368244 -122.250705
37.368057 -122.250090
37.367604 -122.249601
37.367151 -122.249270
37.367037 -122.248954
37.366992 -122.248549
37.367074 -122.248266
37.367059 -122.248037
37.366916 -122.247757
37.366577 -122.247460
37.366167 -122.247165
37.365758 -122.247045
37.365736 -122.247023
37.365503 -122.246784
37.365135 -122.246417
37.364894 -122.246173
37.364836 -122.245926
37.364823 -122.245767
37.364806 -122.245574
37.364720 -122.245381
37.364523 -122.245348
37.364434 -122.245306
37.364094 -122.245145
37.363776 -122.245108
37.363633 -122.245375
37.363567 -122.245498
37.363302 -122.245801
37.362968 -122.246351
37.362632 -122.246654
37.362168 -122.246782
37.361901 -122.246767
37.361609 -122.246559
37.361533 -122.246506
37.361153 -122.246351
37.360829 -122.246442
37.360620 -122.246674
37.360199 -122.246837
37.359956 -122.246937
37.359848 -122.246981
37.359483 -122.247108
37.358750 -122.246922
37.358453 -122.246625
37.358286 -122.246420
37.358098 -122.246188
37.357632 -122.245928
37.357455 -122.245861
37.357181 -122.245756
37.356826 -122.245319
37.356824 -122.245001
37.356824 -122.244958
37.356823 -122.244861
37.357002 -122.244544
37.357074 -122.244418
37.357227 -122.244134
37.357407 -122.243674
37.357431 -122.243145
37.357416 -122.242881
37.356809 -122.242640
37.355991 -122.242401
37.355569 -122.242406
37.354886 -122.242675
37.354249 -122.242736
37.353659 -122.242865
37.353265 -122.242922
37.353178 -122.242518
37.353035 -122.242131
37.352595 -122.241519
37.352198 -122.241012
37.351755 -122.240409
37.351658 -122.240277
37.351121 -122.239895
37.350958 -122.239841
37.350754 -122.239775
37.350725 -122.239676
37.350682 -122.239529
37.350498 -122.239136
37.350468 -122.239073
37.350086 -122.238724
37.349902 -122.238497
37.349942 -122.238144
37.350105 -122.237569
37.350076 -122.237156
37.350142 -122.236503
37.350028 -122.236222
37.349815 -122.235960
37.349793 -122.235907
37.349658 -122.235591
37.349599 -122.235169
37.349611 -122.234805
37.349722 -122.234621
37.349692 -122.234304
37.349536 -122.234077
37.349180 -122.233463
37.348779 -122.232463
37.348537 -122.232025
37.348099 -122.231677
37.347901 -122.231591
37.347645 -122.231100
37.347404 -122.230785
37.346895 -122.230490
37.346443 -122.230248
37.345821 -122.229726
37.345439 -122.229483
37.345399 -122.229481
37.345144 -122.229469
37.344890 -122.229383
37.344477 -122.228629
37.344333 -122.228155
37.344092 -122.227805
37.343610 -122.227246
37.343169 -122.226581
37.342843 -122.226126
37.342713 -122.225757
37.342413 -122.225019
37.342312 -122.224651
37.342155 -122.224300
37.341942 -122.224003
37.341898 -122.223686
37.341882 -122.223387
37.341907 -122.223026
37.341800 -122.222607
37.341679 -122.222437
37.341579 -122.222279
37.341507 -122.221963
37.341110 -122.221579
37.340742 -122.221266
37.340441 -122.221019
37.340318 -122.220918
37.339963 -122.220446
37.339552 -122.219992
37.339516 -122.219937
37.339310 -122.219624
37.338715 -122.218978
37.338462 -122.218963
37.338040 -122.218968
37.337684 -122.219143
37.337507 -122.219308
37.337241 -122.219487
37.336862 -122.219614
37.336623 -122.219652
37.336356 -122.219760
37.336116 -122.219640
37.335959 -122.219324
37.335813 -122.219204
37.335745 -122.219149
37.335465 -122.218994
37.335155 -122.218927
37.334915 -122.218789
37.334674 -122.218491
37.334346 -122.217949
37.334028 -122.217497
37.333878 -122.217284
37.333311 -122.216691
37.333077 -122.216593
37.332859 -122.216501
37.332576 -122.216152
37.332349 -122.216013
37.332039 -122.215946
37.331856 -122.215789
37.331684 -122.215456
37.330935 -122.214830
37.330340 -122.214219
37.329945 -122.213855
37.329830 -122.213749
37.329629 -122.213222
37.329288 -122.212680
37.329147 -122.212628
37.328824 -122.212685
37.328402 -122.212707
37.327812 -122.212259
37.327737 -122.212203
37.326854 -122.210608
37.326299 -122.209610
37.326075 -122.209225
37.325075 -122.207508
37.324307 -122.206354
37.323848 -122.205090
37.323634 -122.204616
37.323348 -122.203932
37.322851 -122.203338
37.322343 -122.203027
37.321579 -122.202471
37.320956 -122.201826
37.320902 -122.201743
37.320501 -122.201126
37.320259 -122.200705
37.320095 -122.200162
37.320057 -122.200038
37.320027 -122.199668
37.319913 -122.199511
37.319560 -122.199356
37.318967 -122.198993
37.318682 -122.198537
37.318454 -122.198011
37.318302 -122.197656
37.318477 -122.197254
37.318727 -122.196793
37.318739 -122.196528
37.318665 -122.196018
37.318366 -122.195428
37.318053 -122.194868
37.317966 -122.194446
37.317964 -122.194217
37.317962 -122.193900
37.318030 -122.193698
37.318045 -122.193652
37.318144 -122.193527
37.318379 -122.193173
37.318440 -122.192667
37.318060 -122.191802
37.318027 -122.191098
37.318067 -122.190745
37.317965 -122.190253
37.317243 -122.189503
37.316633 -122.188893
37.316251 -122.188475
37.316052 -122.188195
37.315992 -122.187632
37.315691 -122.186930
37.315449 -122.186528
37.314702 -122.186324
37.314293 -122.186223
37.313957 -122.186385
37.313756 -122.186417
37.313479 -122.186461
37.313125 -122.186183
37.313069 -122.185960
37.312812 -122.185605
37.312386 -122.185515
37.312093 -122.185454
37.311628 -122.185406
37.311162 -122.185076
37.310892 -122.184692
37.310664 -122.184360
37.310281 -122.183906
37.310163 -122.183666
37.309825 -122.182977
37.309751 -122.182537
37.309734 -122.182097
37.309830 -122.181779
37.310012 -122.181548
37.310135 -122.181089
37.310386 -122.180681
37.310791 -122.180324
37.311266 -122.179808
37.311685 -122.179346
37.312004 -122.178708
37.312240 -122.178194
37.312477 -122.177565
37.312636 -122.176963
37.312721 -122.176639
37.312835 -122.174770
37.312688 -122.173891
37.312542 -122.173047
37.312509 -122.172343
37.312588 -122.171585
37.312739 -122.171054
37.312709 -122.170808
37.312483 -122.170740
37.312118 -122.170815
37.311766 -122.170854
37.311442 -122.170769
37.311074 -122.170403
37.310804 -122.170054
37.310618 -122.169616
37.310405 -122.169354
37.309418 -122.169100
37.309050 -122.168805
37.308789 -122.168713
37.308613 -122.168651
37.308304 -122.168690
37.307894 -122.168448
37.307527 -122.168187
37.307313 -122.167873
37.307058 -122.167558
37.306747 -122.167368
37.306239 -122.167127
37.305841 -122.166656
37.305699 -122.166464
37.305670 -122.166253
37.305661 -122.166000
37.305652 -122.165742
37.305649 -122.165284
37.305604 -122.164932
37.305419 -122.164582
37.305049 -122.164093
37.304693 -122.163463
37.304407 -122.162832
37.304097 -122.162677
37.303999 -122.162819
37.303832 -122.163085
37.303579 -122.163176
37.303087 -122.163111
37.302510 -122.163117
37.302144 -122.163156
37.302055 -122.163208
37.301654 -122.163444
37.301346 -122.163711
37.301121 -122.163731
37.300867 -122.163646
37.300511 -122.163539
37.300360 -122.163493
37.299951 -122.163498
37.299629 -122.163695
37.299208 -122.163770
37.298970 -122.163931
37.298719 -122.164321
37.298481 -122.164447
37.298146 -122.164909
37.297919 -122.165098
37.297825 -122.165177
37.297583 -122.165302
37.297206 -122.165272
37.296869 -122.165328
37.296532 -122.165438
37.296209 -122.165512
37.295971 -122.165743
37.295735 -122.166221
37.295583 -122.166611
37.295388 -122.166842
37.295219 -122.166879
37.295148 -122.166774
37.295031 -122.166106
37.294986 -122.165772
37.294912 -122.165244
37.294742 -122.165000
37.294529 -122.164720
37.294414 -122.164475
37.294215 -122.164107
37.294155 -122.163544
37.294208 -122.163156
37.294163 -122.162699
37.294006 -122.162489
37.293777 -122.161928
37.293445 -122.160681
37.293482 -122.160012
37.293265 -122.159186
37.293036 -122.158555
37.292691 -122.157502
37.292490 -122.156941
37.292163 -122.156522
37.291512 -122.156001
37.291410 -122.155882
37.290973 -122.155373
37.290648 -122.155165
37.290436 -122.155044
37.290336 -122.154887
37.290037 -122.154432
37.289966 -122.154239
37.290147 -122.154061
37.290159 -122.154027
37.290258 -122.153743
37.290186 -122.153515
37.289945 -122.153288
37.289647 -122.153010
37.289505 -122.152818
37.289223 -122.152627
37.289012 -122.152665
37.288821 -122.152833
37.288606 -122.153022
37.288410 -122.153129
37.288100 -122.152662
37.287857 -122.152572
37.287763 -122.152585
37.287436 -122.152630
37.286674 -122.152444
37.286208 -122.152203
37.286190 -122.152170
37.285809 -122.151503
37.285412 -122.151085
37.285158 -122.150982
37.284803 -122.150967
37.284580 -122.150848
37.284495 -122.150655
37.284484 -122.150544
37.284449 -122.150163
37.284305 -122.149724
37.284020 -122.149181
37.283737 -122.148955
37.283526 -122.148940
37.283461 -122.148934
37.283202 -122.148909
37.283054 -122.148800
37.282848 -122.148648
37.282398 -122.148654
37.281893 -122.148906
37.281795 -122.149030
37.281698 -122.149155
37.281474 -122.149333
37.281250 -122.149424
37.280914 -122.149115
37.280570 -122.148850
37.280283 -122.148840
37.280204 -122.148837
37.279852 -122.148858
37.279528 -122.148756
37.279288 -122.148601
37.278977 -122.148446
37.278554 -122.148239
37.278059 -122.147998
37.277983 -122.147918
37.277648 -122.147563
37.277237 -122.147197
37.276899 -122.147148
37.276690 -122.147397
37.276619 -122.147455
37.276298 -122.147719
37.275990 -122.147916
37.275793 -122.147883
37.275538 -122.147569
37.275310 -122.147219
37.275034 -122.146944
37.274856 -122.146766
37.274490 -122.146718
37.274249 -122.146690
37.274068 -122.146670
37.274029 -122.146619
37.273869 -122.146408
37.273515 -122.146130
37.273078 -122.146082
37.272773 -122.146006
37.272740 -122.145998
37.272627 -122.145922
37.272457 -122.145808
37.272046 -122.145337
37.271749 -122.145076
37.271409 -122.144886
37.271002 -122.144908
37.270481 -122.144861
37.269890 -122.144939
37.269571 -122.145488
37.269552 -122.145512
37.269250 -122.145897
37.269096 -122.146022
37.269053 -122.145899
37.269105 -122.145370
37.269097 -122.144960
37.269084 -122.144349
37.269037 -122.143769
37.268963 -122.143188
37.268664 -122.142716
37.268335 -122.141981
37.268260 -122.141365
37.268229 -122.140978
37.268297 -122.140555
37.268322 -122.140238
37.268263 -122.139798
37.268218 -122.139394
37.267918 -122.138852
37.267465 -122.138487
37.266884 -122.137930
37.266486 -122.137319
37.266185 -122.136600
37.265885 -122.136005
37.265517 -122.135675
37.265221 -122.135608
37.264968 -122.135646
37.264757 -122.135648
37.264644 -122.135509
37.264388 -122.135195
37.264131 -122.134722
37.263933 -122.134584
37.263511 -122.134606
37.262877 -122.134402
37.262596 -122.134353
37.262496 -122.134336
37.262270 -122.134163
37.262107 -122.133795
37.262084 -122.133742
37.261768 -122.132901
37.261541 -122.132569
37.261145 -122.132327
37.260960 -122.132100
37.260676 -122.131769
37.260605 -122.131576
37.260588 -122.131224
37.260487 -122.130838
37.260286 -122.130383
37.259957 -122.129647
37.259784 -122.129086
37.259470 -122.128438
37.259200 -122.128107
37.258917 -122.127899
37.258746 -122.127514
37.258631 -122.127224
37.258545 -122.127005
37.258543 -122.126724
37.258482 -122.126179
37.258441 -122.125838
37.258118 -122.126112
37.257078 -122.126172
37.256533 -122.126431
37.256037 -122.126583
37.255709 -122.127637
37.255649 -122.128337
37.255307 -122.129056
37.255115 -122.129377
37.255015 -122.129630
37.254912 -122.129938
37.254814 -122.130370
37.254766 -122.130732
37.254702 -122.131027
37.254612 -122.131217
37.254585 -122.131326
37.254690 -122.131648
37.254737 -122.132282
37.254576 -122.132901
37.254366 -122.133648
37.254145 -122.134282
37.253898 -122.134525
37.253429 -122.134734
37.253166 -122.134994
37.253002 -122.135354
37.252955 -122.135740
37.252928 -122.136035
37.252739 -122.136282
37.252337 -122.136663
37.252124 -122.136789
37.251869 -122.136809
37.251701 -122.136822
37.251351 -122.136552
37.251218 -122.136414
37.251148 -122.136342
37.251001 -122.136338
37.250557 -122.136344
37.250365 -122.136444
37.249885 -122.136459
37.249122 -122.136611
37.248608 -122.136835
37.247860 -122.137341
37.247149 -122.137997
37.246537 -122.138438
37.245819 -122.138927
37.245311 -122.139356
37.245094 -122.139564
37.245068 -122.139821
37.244907 -122.140459
37.244666 -122.141574
37.244477 -122.142507
37.244423 -122.143060
37.244823 -122.144775
37.245022 -122.145642
37.245500 -122.146917
37.245779 -122.148190
37.245896 -122.148724
37.246001 -122.149046
37.245952 -122.149128
37.245937 -122.149153
37.245452 -122.149380
37.245248 -122.149644
37.244946 -122.150106
37.244434 -122.150627
37.244086 -122.151123
37.243879 -122.151461
37.243854 -122.151700
37.243705 -122.151709
37.242842 -122.151780
37.242190 -122.151772
37.241663 -122.151606
37.241230 -122.151354
37.240831 -122.150975
37.240291 -122.150437
37.239597 -122.150038
37.238951 -122.149882
37.238342 -122.149915
37.237724 -122.149799
37.237543 -122.149545
37.237417 -122.149370
37.237172 -122.148871
37.236813 -122.148587
37.236482 -122.148379
37.235819 -122.147258
37.235527 -122.146812
37.235277 -122.146757
37.235094 -122.146875
37.234860 -122.147137
37.234542 -122.147301
37.234261 -122.147615
37.233908 -122.147906
37.233516 -122.147713
37.233137 -122.147891
37.232484 -122.148254
37.232077 -122.148394
37.231921 -122.148587
37.231699 -122.148924
37.231229 -122.149152
37.230664 -122.149521
37.230182 -122.149711
37.229625 -122.149895
37.229164 -122.149919
37.228904 -122.150106
37.228353 -122.150494
37.228084 -122.150550
37.227686 -122.150838
37.227441 -122.151359
37.227222 -122.151956
37.227135 -122.152599
37.226876 -122.152767
37.226629 -122.152973
37.226401 -122.153105
37.225886 -122.153701
37.225623 -122.153942
37.225316 -122.154181
37.224657 -122.154006
37.224149 -122.153749
37.223767 -122.153667
37.223497 -122.153742
37.223119 -122.153901
37.222620 -122.154127
37.222186 -122.154227
37.221819 -122.154146
37.221393 -122.154043
37.220898 -122.154176
37.220323 -122.154118
37.219739 -122.153893
37.219168 -122.153743
37.218454 -122.153787
37.218114 -122.153764
37.217192 -122.153163
37.216824 -122.153082
37.216513 -122.153080
37.216173 -122.153409
37.215362 -122.153984
37.214834 -122.154189
37.214334 -122.154099
37.213803 -122.154026
37.213454 -122.154224
37.213268 -122.154397
37.212610 -122.155539
37.211995 -122.156720
37.211616 -122.157250
37.211004 -122.157691
37.210783 -122.158009
37.210508 -122.158194
37.210043 -122.158311
37.209669 -122.158044
37.209329 -122.157687
37.208714 -122.157516
37.208093 -122.157473
37.207737 -122.157486
37.207430 -122.157725
37.206875 -122.157872
37.206564 -122.157851
37.206275 -122.157683
37.206003 -122.157460
37.205651 -122.157381
37.205453 -122.157497
37.205233 -122.157779
37.204718 -122.158022
37.204165 -122.158132
37.203746 -122.158548
37.203530 -122.158756
37.203150 -122.158971
37.202863 -122.159415
37.202504 -122.160169
37.202082 -122.161011
37.201582 -122.161607
37.201515 -122.162103
37.201551 -122.162643
37.201420 -122.162931
37.200946 -122.163269
37.200229 -122.164054
37.199848 -122.164640
37.199360 -122.165273
37.199060 -122.165698
37.198703 -122.166063
37.198459 -122.166231
37.197976 -122.166087
37.197381 -122.166121
37.197078 -122.166267
37.196732 -122.166391
37.196397 -122.166924
37.196280 -122.167565
37.196058 -122.168921
37.195756 -122.170402
37.195565 -122.171037
37.195229 -122.171607
37.195224 -122.172052
37.195274 -122.172593
37.195079 -122.173321
37.194985 -122.174130
37.194997 -122.174520
37.195229 -122.175333
37.195481 -122.175999
37.195784 -122.176354
37.195918 -122.176510
37.196287 -122.176888
37.196291 -122.177129
37.195940 -122.177716
37.195794 -122.177984
37.195792 -122.178041
37.195758 -122.178816
37.195716 -122.179777
37.195876 -122.180511
37.195942 -122.180627
37.196193 -122.181070
37.196497 -122.181239
37.197087 -122.181298
37.197648 -122.181355
37.197661 -122.181411
37.197649 -122.181670
37.197626 -122.182187
37.197715 -122.183213
37.198196 -122.184413
37.198406 -122.185039
37.198903 -122.185537
37.199380 -122.185810
37.199961 -122.186425
37.200562 -122.187245
37.200798 -122.187631
37.201051 -122.187927
37.201166 -122.189028
37.201278 -122.189851
37.201493 -122.190700
37.201614 -122.191987
37.201621 -122.192526
37.201630 -122.193323
37.201236 -122.194871
37.201090 -122.195473
37.201160 -122.195922
37.201565 -122.196488
37.202033 -122.196965
37.202438 -122.197449
37.202723 -122.197791
37.203339 -122.198612
37.203757 -122.199567
37.203917 -122.200319
37.203862 -122.200890
37.203532 -122.201646
37.203204 -122.202013
37.203028 -122.202091
37.202413 -122.202563
37.202161 -122.202612
37.201684 -122.202305
37.201559 -122.202142
37.201318 -122.201830
37.200795 -122.201448
37.200403 -122.201336
37.199951 -122.201148
37.199455 -122.200786
37.199210 -122.200388
37.198952 -122.199697
37.198443 -122.198330
37.198160 -122.197532
37.197908 -122.197131
37.197707 -122.196809
37.197405 -122.195820
37.196956 -122.195029
37.196638 -122.194696
37.196129 -122.194332
37.195670 -122.194176
37.195556 -122.194137
37.195400 -122.194146
37.194197 -122.194217
37.193316 -122.194433
37.192535 -122.194587
37.192250 -122.194463
37.192074 -122.194053
37.192005 -122.194011
37.191818 -122.193898
37.191663 -122.193926
37.191065 -122.194036
37.190651 -122.194008
37.190251 -122.193669
37.189799 -122.193317
37.189716 -122.193252
37.189126 -122.192831
37.188625 -122.192589
37.188090 -122.192483
37.187538 -122.192463
37.186920 -122.192662
37.186488 -122.193047
37.186404 -122.193087
37.186234 -122.193168
37.185962 -122.193063
37.185563 -122.192762
37.185306 -122.192569
37.184892 -122.192229
37.184366 -122.191916
37.183668 -122.191453
37.183057 -122.190858
37.182755 -122.190509
37.182509 -122.190423
37.182100 -122.190620
37.181807 -122.190669
37.181391 -122.190381
37.180940 -122.190246
37.179890 -122.189898
37.178830 -122.189479
37.178682 -122.189454
37.178130 -122.189362
37.177685 -122.189089
37.177298 -122.188861
37.177254 -122.188835
37.176896 -122.188793
37.176818 -122.188810
37.176533 -122.188872
37.175564 -122.188892
37.174988 -122.189077
37.174475 -122.189422
37.174321 -122.189775
37.174009 -122.190272
37.173836 -122.190433
37.173646 -122.190973
37.173327 -122.191314
37.172994 -122.191655
37.172766 -122.192123
37.172421 -122.192410
37.172209 -122.192517
37.172004 -122.192468
37.171657 -122.192148
37.171499 -122.192001
37.171322 -122.191929
37.170588 -122.191628
37.170505 -122.191325
37.170457 -122.191152
37.170356 -122.190609
37.170052 -122.190295
37.169673 -122.190407
37.169356 -122.190385
37.169257 -122.190349
37.169002 -122.190257
37.168671 -122.190234
37.168302 -122.189829
37.168066 -122.189337
37.167985 -122.189168
37.167514 -122.188565
37.167070 -122.187947
37.166455 -122.187144
37.165754 -122.186422
37.165202 -122.185762
37.165030 -122.185266
37.164967 -122.184813
37.164848 -122.184683
37.164654 -122.185016
37.164450 -122.185555
37.164239 -122.185955
37.163934 -122.186297
37.163261 -122.186804
37.163201 -122.186888
37.162893 -122.187315
37.162466 -122.187438
37.162263 -122.187496
37.161854 -122.187658
37.161518 -122.187756
37.161296 -122.188087
37.161166 -122.188527
37.161141 -122.188592
37.161041 -122.188847
37.160727 -122.189085
37.160388 -122.189234
37.159986 -122.189259
37.159590 -122.189145
37.159137 -122.189172
37.158945 -122.189184
37.158647 -122.189202
37.158064 -122.189231
37.157477 -122.189069
37.157398 -122.188998
37.157250 -122.188864
37.157033 -122.188780
37.156749 -122.188933
37.156404 -122.189238
37.156319 -122.189535
37.156273 -122.189696
37.156067 -122.189992
37.155847 -122.189960
37.155271 -122.189523
37.154876 -122.189064
37.154854 -122.189033
37.154765 -122.188909
37.154537 -122.188592
37.154405 -122.188285
37.154299 -122.188039
37.154119 -122.187405
37.153882 -122.187130
37.153758 -122.187121
37.153512 -122.187363
37.153339 -122.187853
37.153152 -122.188324
37.152935 -122.188551
37.152725 -122.188606
37.152411 -122.188809
37.152267 -122.188954
37.151964 -122.189227
37.151645 -122.189880
37.151574 -122.190238
37.151439 -122.190470
37.151374 -122.190690
37.151391 -122.190934
37.151404 -122.191280
37.151393 -122.191521
37.151185 -122.191542
37.150947 -122.191612
37.150581 -122.191759
37.150038 -122.192137
37.149577 -122.192866
37.149237 -122.193050
37.149058 -122.193366
37.149042 -122.193710
37.149109 -122.194078
37.149076 -122.194196
37.148772 -122.194504
37.148429 -122.194774
37.148073 -122.194992
37.147512 -122.195253
37.146890 -122.195170
37.146545 -122.194835
37.146377 -122.194547
37.146125 -122.194305
37.145686 -122.193601
37.145520 -122.193279
37.144761 -122.191982
37.144735 -122.191881
37.144619 -122.191437
37.144590 -122.191159
37.144557 -122.190949
37.144368 -122.190850
37.144043 -122.190717
37.143753 -122.190599
37.143361 -122.190388
37.142781 -122.189866
37.142752 -122.189839
37.142706 -122.189674
37.142746 -122.189489
37.142742 -122.189442
37.142848 -122.188931
37.142798 -122.188168
37.142475 -122.187662
37.142130 -122.187327
37.141933 -122.186449
37.141825 -122.185751
37.141695 -122.185569
37.141301 -122.185404
37.141269 -122.185392
37.140866 -122.185236
37.140480 -122.185210
37.140406 -122.185182
37.140031 -122.185041
37.139461 -122.184777
37.139159 -122.184401
37.139094 -122.184320
37.138856 -122.183440
37.138651 -122.182130
37.138533 -122.180394
37.138543 -122.179220
37.138506 -122.178492
37.138501 -122.178446
37.138416 -122.177691
37.138213 -122.176968
37.137799 -122.176318
37.137385 -122.175655
37.137191 -122.175344
37.137107 -122.175044
37.137247 -122.174762
37.137289 -122.174677
37.137317 -122.174056
37.137119 -122.173196
37.136826 -122.172623
37.136263 -122.172222
37.135708 -122.171303
37.135087 -122.170311
37.134577 -122.169636
37.133974 -122.169509
37.133476 -122.169510
37.132920 -122.169904
37.132519 -122.170204
37.132100 -122.170297
37.131686 -122.170286
37.131490 -122.170191
37.131184 -122.170044
37.130231 -122.168645
37.129963 -122.168251
37.129326 -122.167309
37.127981 -122.165472
37.126301 -122.163095
37.125419 -122.162067
37.124916 -122.161238
37.123876 -122.159716
37.123287 -122.158934
37.122026 -122.157725
37.121743 -122.157550
37.121286 -122.157571
37.121204 -122.157565
37.120844 -122.157541
37.120185 -122.157116
37.119819 -122.156936
37.118187 -122.155996
37.117858 -122.155782
37.117455 -122.155652
37.116862 -122.155671
37.116346 -122.155626
37.115816 -122.155542
37.115214 -122.155388
37.114513 -122.155135
37.113825 -122.154830
37.112941 -122.154411
37.112524 -122.153962
37.112260 -122.153259
37.112074 -122.152369
37.111953 -122.151301
37.111292 -122.149045
37.110553 -122.146976
37.109583 -122.145366
37.109352 -122.144859
37.109112 -122.144562
37.109032 -122.144418
37.108970 -122.144260
37.108210 -122.143012
37.107091 -122.142138
37.106705 -122.141731
37.105643 -122.141255
37.104457 -122.141069
37.103324 -122.140940
37.103063 -122.140914
37.102792 -122.140886
37.101815 -122.140733
37.101155 -122.140705
37.100763 -122.140679
37.100379 -122.140460
37.100330 -122.140418
37.100067 -122.140193
37.099846 -122.140108
37.099602 -122.140214
37.099243 -122.140067
37.098914 -122.139887
37.097224 -122.139965
37.095963 -122.139862
37.095318 -122.139819
37.094124 -122.140141
37.093113 -122.140424
37.091581 -122.140759
37.090414 -122.140633
37.090265 -122.140617
37.088441 -122.139897
37.086201 -122.138394
37.085582 -122.137773
37.084744 -122.136681
37.084182 -122.136012
37.083862 -122.135288
37.083806 -122.134653
37.083531 -122.133862
37.083349 -122.133628
37.082958 -122.133122
37.082227 -122.132809
37.080661 -122.132616
37.080096 -122.132683
37.079427 -122.132883
37.079136 -122.133092
37.077973 -122.133662
37.077497 -122.133630
37.077177 -122.133556
37.076462 -122.133174
37.074971 -122.131915
37.073847 -122.130594
37.071840 -122.127617
37.069386 -122.124223
37.068650 -122.123384
37.068194 -122.123319
37.067729 -122.123217
37.067067 -122.123260
37.066460 -122.123307
37.064954 -122.123346
37.064238 -122.123333
37.063916 -122.123311
37.063644 -122.123099
37.063299 -122.122620
37.062686 -122.122175
37.062207 -122.122152
37.062012 -122.122108
37.061904 -122.121763
37.061814 -122.121523
37.061750 -122.121354
37.061356 -122.121358
37.060910 -122.121893
37.060629 -122.122230
37.060223 -122.123092
37.060119 -122.123791
37.059947 -122.124363
37.059797 -122.124479
37.059692 -122.124561
37.059202 -122.124527
37.058549 -122.124483
37.058515 -122.124481
37.058396 -122.124381
37.058355 -122.124223
37.058291 -122.123975
37.058072 -122.123346
37.057767 -122.123019
37.057076 -122.122481
37.056607 -122.121959
37.056262 -122.121414
37.056214 -122.120244
37.055976 -122.120003
37.055955 -122.119981
37.055657 -122.120053
37.055147 -122.119313
37.054772 -122.118889
37.054788 -122.118521
37.054842 -122.118209
37.054887 -122.117945
37.054803 -122.117602
37.054446 -122.117332
37.053479 -122.117513
37.053138 -122.117428
37.052525 -122.117387
37.052433 -122.117332
37.052117 -122.117145
37.051961 -122.116802
37.051915 -122.116701
37.051669 -122.116132
37.051538 -122.115897
37.051509 -122.115828
37.051172 -122.115513
37.050895 -122.115464
37.050650 -122.115498
37.050237 -122.115531
37.049837 -122.115273
37.049479 -122.115003
37.049116 -122.114887
37.048713 -122.114522
37.048223 -122.113906
37.047461 -122.113333
37.047117 -122.113310
37.046790 -122.112920
37.046227 -122.111716
37.045940 -122.110960
37.045868 -122.110446
37.045771 -122.109752
37.045375 -122.108651
37.044903 -122.107637
37.044503 -122.107165
37.043971 -122.106762
37.043475 -122.106536
37.042666 -122.106078
37.042233 -122.106014
37.041728 -122.105980
37.041263 -122.106001
37.040610 -122.106168
37.039686 -122.106386
37.039370 -122.106558
37.039280 -122.106629
37.039021 -122.106833
37.038837 -122.106855
37.038603 -122.106735
37.038453 -122.106619
37.038055 -122.106084
37.038011 -122.106009
37.037832 -122.105701
37.037583 -122.105614
37.037511 -122.105653
37.037353 -122.105739
37.036820 -122.106036
37.036499 -122.105980
37.036327 -122.105874
37.035924 -122.105625
37.035615 -122.105289
37.035300 -122.105093
37.035004 -122.105125
37.034719 -122.105211
37.033424 -122.105247
37.033155 -122.105260
37.032805 -122.105276
37.032582 -122.105226
37.032304 -122.105116
37.032209 -122.105078
37.031926 -122.104796
37.031686 -122.104608
37.031604 -122.104528
37.031398 -122.104322
37.031109 -122.103993
37.030956 -122.103819
37.030534 -122.103177
37.030230 -122.102719
37.030121 -122.102396
37.030006 -122.102055
37.029844 -122.101886
37.029736 -122.101820
37.029333 -122.101574
37.029296 -122.101551
37.029230 -122.101547
37.028876 -122.101523
37.028538 -122.101536
37.028069 -122.101978
37.027828 -122.102031
37.027672 -122.101741
37.027672 -122.101403
37.027673 -122.100724
37.027562 -122.100050
37.027098 -122.099388
37.026695 -122.098958
37.026477 -122.098655
37.026350 -122.098479
37.026165 -122.097888
37.026191 -122.097293
37.026105 -122.096691
37.026072 -122.096461
37.025695 -122.095735
37.025708 -122.095438
37.025742 -122.094651
37.025635 -122.093958
37.025610 -122.093801
37.025621 -122.093667
37.025702 -122.092650
37.025873 -122.091943
37.026177 -122.091086
37.026339 -122.090256
37.026317 -122.089974
37.026294 -122.089674
37.025872 -122.088699
37.025257 -122.087308
37.024046 -122.085742
37.023126 -122.084554
37.020589 -122.081402
37.020337 -122.081089
37.018761 -122.078828
37.018251 -122.077619
37.017874 -122.076577
37.017483 -122.075868
37.017240 -122.075291
37.017075 -122.074228
37.017210 -122.073711
37.017288 -122.073523
37.017546 -122.073400
37.017624 -122.073291
37.017666 -122.073233
37.017671 -122.073104
37.017684 -122.072813
37.017709 -122.072237
37.017539 -122.071927
37.017212 -122.071695
37.015877 -122.070695
37.015267 -122.070163
37.014627 -122.069343
37.014574 -122.069276
37.014001 -122.068554
37.013355 -122.068213
37.012773 -122.067999
37.011887 -122.067361
37.011291 -122.067116
37.011072 -122.067027
37.010524 -122.066359
37.010278 -122.065554
37.010270 -122.065495
37.010152 -122.064547
37.010013 -122.064187
37.009497 -122.063767
37.008703 -122.063833
37.008025 -122.063887
37.006562 -122.064172
37.005956 -122.064243
37.004493 -122.065189
37.003708 -122.065706
37.003494 -122.066152
37.002994 -122.066705
37.002406 -122.066902
37.002067 -122.066866
37.001746 -122.066812
37.001264 -122.066723
37.000764 -122.066563
37.000425 -122.066509
36.999997 -122.066491
36.999087 -122.066473
36.998517 -122.066349
36.998142 -122.066206
36.997999 -122.066117
36.997785 -122.065903
36.997678 -122.065760
36.996911 -122.065564
36.996501 -122.065385
36.996144 -122.065332
36.995626 -122.065278
36.995127 -122.065064
36.994841 -122.064886
36.994538 -122.064850
36.993753 -122.064886
36.993218 -122.065153
36.992826 -122.065421
36.992487 -122.065992
36.992326 -122.066241
36.992148 -122.066616
36.992094 -122.066973
36.992237 -122.067241
36.992433 -122.067544
36.992487 -122.067740
36.992326 -122.068008
36.991880 -122.068382
36.991595 -122.068507
36.990792 -122.068739
36.990542 -122.068864
36.990292 -122.069114
36.990096 -122.069399
36.989793 -122.069560
36.988990 -122.069524
36.988187 -122.069542
36.987812 -122.069506
36.987491 -122.069453
36.987277 -122.069471
36.987135 -122.069346
36.986938 -122.069256
36.986564 -122.069310
36.986011 -122.069435
36.985386 -122.069346
36.984780 -122.069328
36.984512 -122.069453
36.984351 -122.069649
36.984280 -122.069988
36.984262 -122.070363
36.984209 -122.070630
36.984030 -122.070844
36.983013 -122.071023
36.982104 -122.071040
36.981229 -122.070969
36.980605 -122.071076
36.980088 -122.071255
36.979695 -122.071397
36.979106 -122.071379
36.978625 -122.071344
36.978000 -122.071397
36.977644 -122.071433
36.977215 -122.071486
36.976537 -122.071879
36.976038 -122.072182
36.975949 -122.072182
36.975770 -122.071861
36.975556 -122.071718
36.975217 -122.071611
36.974664 -122.071237
36.974272 -122.070951
36.973986 -122.070898
36.973808 -122.070987
36.973612 -122.071290
36.973344 -122.071576
36.973059 -122.071736
36.972666 -122.071736
36.972363 -122.071629
36.972167 -122.071558
36.971953 -122.071433
36.971685 -122.071201
36.971685 -122.070951
36.971828 -122.070505
36.972077 -122.068971
36.972256 -122.068400
36.972327 -122.068061
36.972256 -122.067865
36.972060 -122.067704
36.971792 -122.067651
36.971221 -122.067669
36.970472 -122.067526
36.970008 -122.067330
36.969687 -122.067241
36.969277 -122.067169
36.968813 -122.067312
36.968153 -122.067062
36.967832 -122.066830
36.967635 -122.066634
36.967493 -122.066473
36.967403 -122.066349
36.967243 -122.065974
36.967225 -122.065760
36.967171 -122.065564
36.967118 -122.065457
36.966868 -122.065457
36.966440 -122.065242
36.965976 -122.064850
36.965227 -122.064226
36.964174 -122.063280
36.963603 -122.062852
36.963175 -122.062673
36.962818 -122.062673
36.962587 -122.062745
36.962355 -122.062905
36.962141 -122.063048
36.961962 -122.063119
36.961587 -122.063316
36.961498 -122.063494
36.961480 -122.063690
36.961391 -122.063762
36.961017 -122.063744
36.960606 -122.063708
36.959982 -122.063673
36.959714 -122.063690
36.959375 -122.063797
36.958911 -122.064190
36.958483 -122.064600
36.958162 -122.064903
36.957627 -122.065135
36.957217 -122.065314
36.955040 -122.065546
36.949670 -122.065457
36.949010 -122.065671
36.948636 -122.065795
36.948050 -122.065872
36.898490 -122.075203
36.898556 -122.075760
36.898604 -122.076130
36.898639 -122.076444
36.898768 -122.077520
36.898912 -122.078593
36.899000 -122.079194
36.899038 -122.079498
36.899182 -122.080571
36.899341 -122.081641
36.899515 -122.082707
36.899704 -122.083769
36.899908 -122.084827
36.900127 -122.085880
36.900360 -122.086929
36.900392 -122.087068
36.900495 -122.087520
36.900743 -122.088564
36.901005 -122.089601
36.901175 -122.090241
36.901257 -122.090601
36.901505 -122.091644
36.901768 -122.092682
36.902045 -122.093714
36.902336 -122.094739
36.902580 -122.095557
36.902688 -122.096448
36.902832 -122.097521
36.902992 -122.098591
36.903166 -122.099657
36.903355 -122.100719
36.903559 -122.101777
36.903777 -122.102831
36.904011 -122.103879
36.904259 -122.104923
36.904521 -122.105960
36.904798 -122.106992
36.905090 -122.108018
36.905248 -122.108551
36.905296 -122.108990
36.905425 -122.110066
36.905569 -122.111139
36.905728 -122.112209
36.905757 -122.112391
36.905759 -122.112416
36.905858 -122.113497
36.905972 -122.114576
36.906101 -122.115652
36.906245 -122.116725
36.906404 -122.117795
36.906578 -122.118862
36.906767 -122.119924
36.906954 -122.120899
36.907104 -122.121666
36.907160 -122.121944
36.907292 -122.122678
36.907496 -122.123736
36.907715 -122.124789
36.907948 -122.125838
36.908196 -122.126881
36.908459 -122.127919
36.908736 -122.128951
36.909027 -122.129977
36.909333 -122.130996
36.909653 -122.132009
36.909987 -122.133014
36.910336 -122.134012
36.910698 -122.135002
36.911074 -122.135985
36.911463 -122.136959
36.911867 -122.137924
36.912283 -122.138880
36.912713 -122.139828
36.913156 -122.140765
36.913613 -122.141693
36.914082 -122.142611
36.914564 -122.143519
36.915059 -122.144416
36.915566 -122.145302
36.916085 -122.146177
36.916617 -122.147041
36.917161 -122.147893
36.917276 -122.148070
36.917278 -122.148080
36.917452 -122.149146
36.917641 -122.150209
36.917845 -122.151267
36.918063 -122.152320
36.918297 -122.153369
36.918545 -122.154413
36.918807 -122.155451
36.919084 -122.156483
36.919376 -122.157509
36.919682 -122.158528
36.920002 -122.159541
36.920336 -122.160546
36.920684 -122.161544
36.921046 -122.162535
36.921422 -122.163517
36.921812 -122.164491
36.922215 -122.165457
36.922632 -122.166413
36.923062 -122.167361
36.923505 -122.168299
36.923961 -122.169227
36.924431 -122.170145
36.924913 -122.171052
36.925407 -122.171950
36.925914 -122.172836
36.926434 -122.173711
36.926966 -122.174575
36.927509 -122.175427
36.928065 -122.176267
36.928632 -122.177095
36.929211 -122.177910
36.929801 -122.178713
36.930153 -122.179179
36.930169 -122.179225
36.930531 -122.180216
36.930907 -122.181198
36.931297 -122.182172
36.931700 -122.183138
36.932117 -122.184095
36.932547 -122.185042
36.932990 -122.185980
36.933446 -122.186909
36.933916 -122.187827
36.934398 -122.188735
36.934892 -122.189632
36.935400 -122.190518
36.935919 -122.191393
36.936451 -122.192257
36.936994 -122.193109
36.937550 -122.193950
36.938117 -122.194778
36.938696 -122.195593
36.939286 -122.196396
36.939887 -122.197186
36.940499 -122.197963
36.941062 -122.198653
36.941267 -122.198911
36.941890 -122.199674
36.942523 -122.200424
36.943167 -122.201160
36.943821 -122.201881
36.944486 -122.202589
36.944970 -122.203089
36.945387 -122.203972
36.945844 -122.204900
36.946313 -122.205818
36.946795 -122.206726
36.947290 -122.207624
36.947797 -122.208510
36.948316 -122.209386
36.948848 -122.210250
36.949392 -122.211102
36.949947 -122.211942
36.950514 -122.212771
36.951093 -122.213586
36.951683 -122.214389
36.952284 -122.215179
36.952896 -122.215956
36.953519 -122.216720
36.954153 -122.217469
36.954797 -122.218205
36.955451 -122.218927
36.956115 -122.219635
36.956789 -122.220328
36.957041 -122.220580
36.957278 -122.221024
36.957773 -122.221922
36.958280 -122.222808
36.958800 -122.223684
36.959331 -122.224548
36.959875 -122.225400
36.960431 -122.226241
36.960998 -122.227069
36.961576 -122.227885
36.961643 -122.227977
36.961760 -122.228140
36.962350 -122.228943
36.962951 -122.229733
36.963564 -122.230510
36.964186 -122.231274
36.964820 -122.232023
36.965464 -122.232759
36.966118 -122.233481
36.966782 -122.234189
36.967456 -122.234882
36.968140 -122.235560
36.968235 -122.235653
36.968382 -122.235906
36.968901 -122.236781
36.969433 -122.237645
36.969587 -122.237890
36.970013 -122.238581
36.970268 -122.238984
36.970580 -122.239640
36.971036 -122.240569
36.971505 -122.241488
36.971987 -122.242396
36.972482 -122.243294
36.972989 -122.244180
36.973508 -122.245056
36.974040 -122.245920
36.974584 -122.246773
36.975139 -122.247614
36.975706 -122.248442
36.976285 -122.249258
36.976875 -122.250061
36.977476 -122.250852
36.978088 -122.251629
36.978711 -122.252392
36.979345 -122.253142
36.979989 -122.253879
36.980099 -122.254002
36.980180 -122.254194
36.980597 -122.255151
36.981027 -122.256099
36.981470 -122.257038
36.981926 -122.257966
36.982396 -122.258885
36.982878 -122.259794
36.983372 -122.260691
36.983879 -122.261578
36.984399 -122.262454
36.984931 -122.263319
36.985474 -122.264171
36.986030 -122.265012
36.986597 -122.265841
36.987176 -122.266657
36.987766 -122.267460
36.988367 -122.268250
36.988979 -122.269028
36.989602 -122.269792
36.990235 -122.270542
36.990879 -122.271278
36.991533 -122.272000
36.992198 -122.272708
36.992872 -122.273401
36.993555 -122.274080
36.994248 -122.274743
36.994950 -122.275392
36.995661 -122.276025
36.996381 -122.276642
36.997109 -122.277244
36.997846 -122.277830
36.998591 -122.278400
36.999343 -122.278953
37.000104 -122.279490
37.000871 -122.280010
37.001508 -122.280426
37.001662 -122.280551
37.002398 -122.281137
37.003143 -122.281707
37.003896 -122.282260
37.004656 -122.282797
37.005424 -122.283318
37.006199 -122.283821
37.006980 -122.284308
37.007769 -122.284778
37.008564 -122.285230
37.009365 -122.285665
37.010172 -122.286083
37.010985 -122.286482
37.011803 -122.286865
37.012626 -122.287229
37.013455 -122.287575
37.013468 -122.287581
37.013952 -122.288025
37.014663 -122.288658
37.015383 -122.289276
37.015419 -122.289306
37.015585 -122.289515
37.015592 -122.289524
37.015971 -122.290001
37.016594 -122.290766
37.017227 -122.291516
37.017855 -122.292234
37.018023 -122.292495
37.018579 -122.293336
37.019146 -122.294165
37.019504 -122.294674
37.019903 -122.295234
37.020493 -122.296038
37.021095 -122.296829
37.021707 -122.297606
37.022330 -122.298370
37.022963 -122.299121
37.023607 -122.299857
37.024261 -122.300580
37.024925 -122.301288
37.025599 -122.301982
37.026283 -122.302660
37.026976 -122.303324
37.027678 -122.303973
37.028389 -122.304606
37.028826 -122.304984
37.029173 -122.305290
37.029893 -122.305908
37.030621 -122.306510
37.031358 -122.307096
37.031844 -122.307471
37.031967 -122.307575
37.032696 -122.308177
37.033432 -122.308763
37.034177 -122.309333
37.034930 -122.309887
37.035690 -122.310424
37.036458 -122.310945
37.037233 -122.311448
37.038014 -122.311935
37.038037 -122.311949
37.038209 -122.312112
37.038911 -122.312761
37.039622 -122.313394
37.040342 -122.314012
37.041070 -122.314614
37.041807 -122.315200
37.041845 -122.315230
37.042060 -122.315412
37.042788 -122.316014
37.043525 -122.316600
37.044270 -122.317170
37.045022 -122.317724
37.045139 -122.317808
37.045244 -122.317914
37.045927 -122.318593
37.046620 -122.319257
37.047323 -122.319906
37.048034 -122.320540
37.048753 -122.321158
37.049482 -122.321760
37.050218 -122.322346
37.050963 -122.322916
37.051716 -122.323470
37.052476 -122.324007
37.053244 -122.324528
37.054019 -122.325032
37.054487 -122.325326
37.054524 -122.326380
37.054577 -122.327468
37.054646 -122.328555
37.054729 -122.329640
37.054828 -122.330724
37.054942 -122.331804
37.055071 -122.332883
37.055215 -122.333958
37.055375 -122.335030
37.055549 -122.336098
37.055738 -122.337163
37.055941 -122.338223
37.056160 -122.339278
37.056393 -122.340329
37.056641 -122.341374
37.056904 -122.342414
37.057181 -122.343448
37.057473 -122.344476
37.057778 -122.345497
37.058098 -122.346511
37.058313 -122.347163
37.058371 -122.347702
37.058501 -122.348781
37.058645 -122.349856
37.058804 -122.350928
37.058978 -122.351996
37.059167 -122.353061
37.059371 -122.354121
37.059589 -122.355176
37.059823 -122.356227
37.060071 -122.357272
37.060333 -122.358312
37.060610 -122.359346
37.060902 -122.360374
37.061208 -122.361395
37.061528 -122.362410
37.061862 -122.363417
37.062210 -122.364417
37.062572 -122.365410
37.062948 -122.366394
37.063338 -122.367370
37.063741 -122.368337
37.064158 -122.369295
37.064588 -122.370244
37.065031 -122.371184
37.065487 -122.372114
37.065956 -122.373034
37.066438 -122.373943
37.066933 -122.374842
37.067440 -122.375730
37.067960 -122.376607
37.068491 -122.377472
37.069035 -122.378326
37.069590 -122.379167
37.070158 -122.379997
37.070736 -122.380814
37.071326 -122.381618
37.071927 -122.382409
37.072540 -122.383187
37.073163 -122.383952
37.073796 -122.384703
37.074178 -122.385143
37.074398 -122.385401
37.075042 -122.386139
37.075696 -122.386861
37.076360 -122.387570
37.077034 -122.388264
37.077718 -122.388943
37.078411 -122.389608
37.079113 -122.390257
37.079824 -122.390891
37.080544 -122.391509
37.081272 -122.392111
37.082009 -122.392698
37.082754 -122.393268
37.083506 -122.393822
37.084266 -122.394360
37.085034 -122.394881
37.085809 -122.395385
37.086591 -122.395872
37.087379 -122.396342
37.088174 -122.396795
37.088975 -122.397231
37.089782 -122.397649
37.090595 -122.398049
37.091413 -122.398431
37.092236 -122.398796
37.093065 -122.399143
37.093627 -122.399367
37.094241 -122.399622
37.095074 -122.399951
37.095912 -122.400261
37.096754 -122.400553
37.097599 -122.400827
37.098449 -122.401082
37.099302 -122.401319
37.100158 -122.401537
37.101017 -122.401737
37.101879 -122.401917
37.102743 -122.402079
37.103609 -122.402223
37.104477 -122.402347
37.105347 -122.402452
37.106099 -122.402528
37.106517 -122.402680
37.107358 -122.402972
37.108204 -122.403246
37.109054 -122.403501
37.109907 -122.403738
37.110763 -122.403956
37.111379 -122.404102
37.111666 -122.404517
37.112244 -122.405334
37.112834 -122.406139
37.113436 -122.406931
37.114048 -122.407709
37.114671 -122.408474
37.115304 -122.409226
37.115948 -122.409963
37.116602 -122.410687
37.117266 -122.411396
37.117940 -122.412090
37.118624 -122.412770
37.119317 -122.413435
37.120019 -122.414084
37.120730 -122.414718
37.121450 -122.415337
37.122178 -122.415939
37.122915 -122.416526
37.123659 -122.417097
37.124412 -122.417651
37.125172 -122.418189
37.125940 -122.418710
37.126715 -122.419215
37.127496 -122.419702
37.128285 -122.420172
37.129080 -122.420626
37.129881 -122.421061
37.130688 -122.421480
37.131501 -122.421880
37.132319 -122.422263
37.133142 -122.422628
37.133971 -122.422975
37.134804 -122.423304
37.135641 -122.423614
37.136483 -122.423907
37.136729 -122.423988
37.136863 -122.424367
37.136967 -122.424657
37.137063 -122.424929
37.137425 -122.425923
37.137801 -122.426908
37.138191 -122.427885
37.138594 -122.428853
37.139011 -122.429812
37.139441 -122.430762
37.139884 -122.431703
37.140340 -122.432634
37.140809 -122.433554
37.141291 -122.434465
37.141786 -122.435364
37.142293 -122.436253
37.142813 -122.437131
37.143344 -122.437997
37.143888 -122.438851
37.144443 -122.439694
37.144650 -122.439999
37.144749 -122.440159
37.145293 -122.441013
37.145848 -122.441856
37.146415 -122.442686
37.146994 -122.443504
37.147584 -122.444309
37.148185 -122.445101
37.148797 -122.445880
37.149420 -122.446645
37.150054 -122.447397
37.150698 -122.448135
37.151352 -122.448859
37.152016 -122.449568
37.152690 -122.450263
37.153373 -122.450943
37.154066 -122.451608
37.154768 -122.452258
37.155479 -122.452892
37.156199 -122.453511
37.156928 -122.454114
37.157664 -122.454701
37.158409 -122.455272
37.159161 -122.455826
37.159922 -122.456364
37.160689 -122.456886
37.161464 -122.457391
37.162246 -122.457878
37.163034 -122.458349
37.163829 -122.458802
37.164630 -122.459238
37.165437 -122.459657
37.166250 -122.460057
37.167068 -122.460440
37.167892 -122.460805
37.168720 -122.461152
37.169553 -122.461481
37.170391 -122.461792
37.170801 -122.461937
37.171194 -122.462213
37.171962 -122.462735
37.172737 -122.463239
37.173519 -122.463727
37.174307 -122.464198
37.175102 -122.464651
37.175732 -122.464996
37.176366 -122.465390
37.177155 -122.465861
37.177950 -122.466314
37.178751 -122.466750
37.179558 -122.467169
37.180371 -122.467570
37.181189 -122.467953
37.182012 -122.468318
37.182841 -122.468665
37.183674 -122.468994
37.184511 -122.469305
37.185353 -122.469597
37.186199 -122.469871
37.187048 -122.470127
37.187901 -122.470364
37.188757 -122.470583
37.189616 -122.470782
37.190478 -122.470963
37.191342 -122.471125
37.192208 -122.471269
37.193076 -122.471393
37.193946 -122.471498
37.194817 -122.471585
37.195689 -122.471652
37.196562 -122.471701
37.197435 -122.471730
37.197512 -122.471732
37.197904 -122.471742
37.198561 -122.471752
37.198730 -122.471797
37.199586 -122.472016
37.200445 -122.472215
37.201307 -122.472396
37.201526 -122.472439
37.201769 -122.472533
37.202607 -122.472844
37.203449 -122.473137
37.204294 -122.473411
37.205144 -122.473667
37.205997 -122.473904
37.206853 -122.474122
37.207712 -122.474322
37.208574 -122.474503
37.209438 -122.474665
37.210304 -122.474809
37.211172 -122.474933
37.211316 -122.474952
37.211471 -122.475034
37.211494 -122.475046
37.212035 -122.475382
37.212823 -122.475853
37.213618 -122.476306
37.214419 -122.476742
37.215226 -122.477161
37.216039 -122.477562
37.216857 -122.477945
37.217680 -122.478311
37.218509 -122.478658
37.219342 -122.478987
37.220179 -122.479298
37.220326 -122.479351
37.220455 -122.479426
37.221250 -122.479880
37.222051 -122.480316
37.222858 -122.480735
37.223671 -122.481136
37.224489 -122.481519
37.225313 -122.481885
37.226141 -122.482232
37.226974 -122.482561
37.227812 -122.482872
37.228653 -122.483165
37.229499 -122.483439
37.230349 -122.483695
37.231202 -122.483932
37.232058 -122.484151
37.232380 -122.484228
37.233084 -122.484406
37.233943 -122.484606
37.234805 -122.484787
37.235669 -122.484950
37.236535 -122.485093
37.237403 -122.485217
37.238273 -122.485323
37.239144 -122.485409
37.240016 -122.485477
37.240889 -122.485525
37.241762 -122.485554
37.242636 -122.485565
37.243510 -122.485556
37.244383 -122.485528
37.245256 -122.485481
37.246128 -122.485415
37.246999 -122.485330
37.247869 -122.485226
37.248737 -122.485103
37.249141 -122.485039
37.249715 -122.485019
37.250588 -122.484972
37.251460 -122.484906
37.252331 -122.484821
37.253201 -122.484717
37.254069 -122.484594
37.254935 -122.484452
37.255799 -122.484291
37.256661 -122.484111
37.257520 -122.483913
37.258377 -122.483695
37.259230 -122.483459
37.260080 -122.483205
37.260926 -122.482932
37.261768 -122.482640
37.262606 -122.482331
37.263439 -122.482003
37.264268 -122.481656
37.264708 -122.481464
37.264941 -122.481450
37.265814 -122.481384
37.266685 -122.481299
37.267554 -122.481195
37.268423 -122.481072
37.269289 -122.480930
37.270153 -122.480769
37.271015 -122.480589
37.271874 -122.480390
37.272731 -122.480173
37.273584 -122.479937
37.274433 -122.479683
37.275279 -122.479410
37.276122 -122.479118
37.276959 -122.478808
37.277793 -122.478480
37.278622 -122.478134
37.279445 -122.477769
37.280264 -122.477387
37.281077 -122.476987
37.281885 -122.476569
37.282686 -122.476134
37.283481 -122.475681
37.284270 -122.475211
37.284332 -122.475173
37.284895 -122.474924
37.285339 -122.474859
37.286205 -122.474717
37.287069 -122.474556
37.287931 -122.474376
37.288790 -122.474177
37.289014 -122.474122
37.289249 -122.474077
37.290111 -122.473897
37.290970 -122.473698
37.291827 -122.473481
37.292680 -122.473245
37.293529 -122.472991
37.293864 -122.472885
37.294590 -122.472829
37.295461 -122.472743
37.296331 -122.472639
37.297199 -122.472516
37.297249 -122.472508
37.297871 -122.472500
37.298744 -122.472472
37.299617 -122.472425
37.300489 -122.472359
37.301360 -122.472274
37.302230 -122.472170
37.303098 -122.472047
37.303965 -122.471905
37.304829 -122.471744
37.305691 -122.471564
37.306550 -122.471366
37.307406 -122.471148
37.308259 -122.470912
37.309097 -122.470661
37.309195 -122.470651
37.310065 -122.470546
37.310933 -122.470423
37.311799 -122.470281
37.312663 -122.470120
37.312745 -122.470104
37.313260 -122.470040
37.313671 -122.469984
37.314209 -122.469941
37.315080 -122.469856
37.315949 -122.469752
37.316818 -122.469629
37.317684 -122.469487
37.318092 -122.469413
37.318123 -122.469412
37.318996 -122.469365
37.319868 -122.469299
37.320739 -122.469214
37.321609 -122.469110
37.322477 -122.468986
37.323343 -122.468844
37.324208 -122.468683
37.325016 -122.468515
37.325587 -122.468507
37.326460 -122.468479
37.327333 -122.468432
37.328205 -122.468366
37.329076 -122.468281
37.329946 -122.468177
37.330814 -122.468054
37.331680 -122.467912
37.332545 -122.467751
37.333406 -122.467571
37.334165 -122.467396
37.334299 -122.467408
37.335171 -122.467476
37.336044 -122.467524
37.336918 -122.467554
37.337791 -122.467564
37.338665 -122.467555
37.339538 -122.467527
37.340411 -122.467480
37.340893 -122.467446
37.341390 -122.467526
37.342258 -122.467651
37.343127 -122.467756
37.343998 -122.467843
37.344870 -122.467911
37.344987 -122.467918
37.345224 -122.467935
37.345287 -122.467967
37.346099 -122.468368
37.346917 -122.468752
37.347741 -122.469118
37.348569 -122.469466
37.349402 -122.469796
37.350240 -122.470107
37.350353 -122.470148
37.351003 -122.470451
37.351827 -122.470817
37.352655 -122.471165
37.353488 -122.471495
37.354326 -122.471806
37.355167 -122.472100
37.356013 -122.472374
37.356863 -122.472631
37.357716 -122.472868
37.358059 -122.472958
37.358136 -122.472995
37.358705 -122.473602
37.359378 -122.474299
37.360049 -122.474968
37.360542 -122.475475
37.361225 -122.476157
37.361918 -122.476824
37.362620 -122.477475
37.363331 -122.478112
37.364051 -122.478732
37.364779 -122.479337
37.365516 -122.479925
37.366261 -122.480498
37.367013 -122.481054
37.367774 -122.481594
37.368541 -122.482117
37.369316 -122.482623
37.370098 -122.483112
37.370886 -122.483584
37.371681 -122.484038
37.372482 -122.484475
37.373289 -122.484895
37.374102 -122.485297
37.374920 -122.485681
37.375743 -122.486047
37.376572 -122.486395
37.377405 -122.486725
37.378242 -122.487036
37.379084 -122.487330
37.379930 -122.487604
37.380779 -122.487861
37.381632 -122.488098
37.382129 -122.488228
37.382288 -122.488282
37.383134 -122.488557
37.383983 -122.488813
37.384836 -122.489051
37.385692 -122.489270
37.386145 -122.489377
37.386832 -122.489769
37.387633 -122.490207
37.388440 -122.490626
37.389253 -122.491028
37.390071 -122.491412
37.390894 -122.491779
37.391058 -122.491849
37.391428 -122.492109
37.392196 -122.492632
37.392970 -122.493138
37.393752 -122.493628
37.394540 -122.494100
37.395335 -122.494554
37.396136 -122.494992
37.396943 -122.495411
37.397756 -122.495813
37.398574 -122.496197
37.399398 -122.496564
37.400226 -122.496912
37.401059 -122.497242
37.401897 -122.497553
37.402739 -122.497847
37.403292 -122.498029
37.403359 -122.498088
37.404079 -122.498709
37.404808 -122.499314
37.405544 -122.499903
37.406289 -122.500476
37.407041 -122.501033
37.407802 -122.501572
37.408569 -122.502096
37.409344 -122.502602
37.410126 -122.503091
37.410914 -122.503563
37.411709 -122.504018
37.412510 -122.504456
37.413317 -122.504875
37.414130 -122.505277
37.414948 -122.505662
37.415771 -122.506028
37.416600 -122.506376
37.417433 -122.506706
37.418270 -122.507018
37.419112 -122.507311
37.419958 -122.507586
37.420807 -122.507843
37.421660 -122.508081
37.422516 -122.508300
37.423375 -122.508500
37.424237 -122.508682
37.425101 -122.508844
37.425967 -122.508988
37.426835 -122.509113
37.427705 -122.509218
37.428576 -122.509305
37.429448 -122.509373
37.430321 -122.509421
37.430569 -122.509432
37.431065 -122.509489
37.431936 -122.509576
37.432808 -122.509644
37.433214 -122.509669
37.433517 -122.509687
37.434216 -122.509724
37.435090 -122.509754
37.435963 -122.509764
37.436837 -122.509755
37.437711 -122.509727
37.438583 -122.509680
37.439456 -122.509614
37.440327 -122.509529
37.440714 -122.509485
37.440733 -122.509551
37.441039 -122.510578
37.441359 -122.511598
37.441693 -122.512610
37.442041 -122.513615
37.442403 -122.514612
37.442779 -122.515601
37.443169 -122.516582
37.443572 -122.517554
37.443985 -122.518509
37.444112 -122.519008
37.444389 -122.520047
37.444681 -122.521080
37.444987 -122.522107
37.445307 -122.523126
37.445641 -122.524139
37.445989 -122.525144
37.446351 -122.526141
37.446727 -122.527130
37.447116 -122.528111
37.447196 -122.528306
37.447538 -122.529128
37.447954 -122.530091
37.448384 -122.531045
37.448828 -122.531989
37.449284 -122.532924
37.449753 -122.533848
37.450235 -122.534762
37.450730 -122.535666
37.451237 -122.536558
37.451756 -122.537439
37.452288 -122.538309
37.452831 -122.539167
37.453387 -122.540013
37.453954 -122.540847
37.454533 -122.541668
37.455123 -122.542476
37.455724 -122.543272
37.456336 -122.544054
37.456959 -122.544822
37.457592 -122.545577
37.458236 -122.546318
37.458491 -122.546604
37.458601 -122.546733
37.458653 -122.546794
37.458656 -122.546798
37.459300 -122.547539
37.459954 -122.548266
37.460618 -122.548978
37.461292 -122.549675
37.461976 -122.550358
37.462669 -122.551026
37.463371 -122.551678
37.464082 -122.552315
37.464535 -122.552710
37.464962 -122.553075
37.465690 -122.553680
37.466427 -122.554270
37.467171 -122.554843
37.467924 -122.555400
37.468684 -122.555940
37.469452 -122.556464
37.470226 -122.556971
37.471008 -122.557460
37.471796 -122.557933
37.472591 -122.558388
37.472841 -122.558527
37.473025 -122.558759
37.473648 -122.559528
37.474282 -122.560283
37.474925 -122.561024
37.475580 -122.561751
37.476244 -122.562463
37.476917 -122.563161
37.477601 -122.563844
37.478294 -122.564512
37.478996 -122.565164
37.479707 -122.565801
37.480427 -122.566423
37.481155 -122.567029
37.481892 -122.567618
37.482636 -122.568191
37.483389 -122.568748
37.484149 -122.569289
37.484917 -122.569813
37.485691 -122.570319
37.486473 -122.570809
37.487261 -122.571282
37.488056 -122.571737
37.488857 -122.572175
37.489664 -122.572595
37.490477 -122.572998
37.491295 -122.573382
37.492118 -122.573749
37.492947 -122.574098
37.493780 -122.574428
37.494618 -122.574740
37.495459 -122.575034
37.495950 -122.575196
37.496731 -122.575543
37.497559 -122.575892
37.498392 -122.576222
37.499230 -122.576534
37.500071 -122.576828
37.500917 -122.577103
37.501766 -122.577360
37.502619 -122.577598
37.503475 -122.577817
37.504334 -122.578018
37.504627 -122.578082
37.504920 -122.578247
37.505721 -122.578685
37.506528 -122.579105
37.507341 -122.579508
37.508159 -122.579893
37.508982 -122.580259
37.509811 -122.580608
37.510590 -122.580918
37.510965 -122.581082
37.511793 -122.581431
37.512627 -122.581762
37.513464 -122.582074
37.514306 -122.582368
37.515152 -122.582643
37.516001 -122.582900
37.516854 -122.583138
37.517710 -122.583357
37.518569 -122.583558
37.519430 -122.583739
37.520294 -122.583902
37.521161 -122.584046
37.522029 -122.584171
37.522898 -122.584277
37.523769 -122.584364
37.524641 -122.584431
37.525514 -122.584480
37.526387 -122.584509
37.527261 -122.584520
37.528135 -122.584511
37.529008 -122.584483
37.529881 -122.584436
37.530753 -122.584370
37.531624 -122.584284
37.532494 -122.584180
37.533362 -122.584056
37.534228 -122.583914
37.535093 -122.583752
37.535954 -122.583572
37.536814 -122.583373
37.537670 -122.583155
37.538523 -122.582918
37.539042 -122.582764
37.539895 -122.582680
37.540765 -122.582576
37.541633 -122.582453
37.542499 -122.582310
37.543363 -122.582149
37.544225 -122.581968
37.545084 -122.581769
37.545127 -122.581758
37.545931 -122.581626
37.546795 -122.581464
37.547657 -122.581284
37.548516 -122.581084
37.549372 -122.580866
37.550225 -122.580630
37.551075 -122.580374
37.551921 -122.580100
37.552763 -122.579807
37.553601 -122.579496
37.554434 -122.579167
37.554718 -122.579051
37.555149 -122.578872
37.555518 -122.579072
37.556325 -122.579492
37.557138 -122.579895
37.557956 -122.580280
37.558780 -122.580647
37.559608 -122.580996
37.560441 -122.581327
37.561279 -122.581639
37.562120 -122.581933
37.562377 -122.582018
37.563187 -122.582320
37.564029 -122.582614
37.564874 -122.582890
37.565724 -122.583147
37.566577 -122.583385
37.567433 -122.583605
37.568292 -122.583805
37.569153 -122.583987
37.570017 -122.584150
37.570883 -122.584294
37.571751 -122.584419
37.572621 -122.584525
37.573492 -122.584612
37.574364 -122.584680
37.575237 -122.584728
37.576110 -122.584758
37.576984 -122.584768
37.577106 -122.584768
37.577367 -122.584769
37.578241 -122.584760
37.579115 -122.584732
37.579559 -122.584711
37.580207 -122.584982
37.581040 -122.585313
37.581877 -122.585625
37.582719 -122.585919
37.583565 -122.586195
37.584414 -122.586452
37.585267 -122.586690
37.586123 -122.586910
37.586982 -122.587111
37.587844 -122.587292
37.588708 -122.587455
37.589574 -122.587600
37.590442 -122.587725
37.591311 -122.587830
37.592182 -122.587917
37.593054 -122.587985
37.593927 -122.588034
37.594801 -122.588063
37.595577 -122.588073
37.596151 -122.588078
37.597025 -122.588069
37.597898 -122.588041
37.598771 -122.587994
37.599643 -122.587928
37.600514 -122.587842
37.601384 -122.587738
37.602252 -122.587614
37.603118 -122.587472
37.603982 -122.587310
37.604844 -122.587129
37.605703 -122.586930
37.606560 -122.586712
37.607413 -122.586475
37.608262 -122.586219
37.609108 -122.585945
37.609950 -122.585652
37.610788 -122.585341
37.611622 -122.585011
37.612450 -122.584663
37.613274 -122.584297
37.614093 -122.583913
37.614906 -122.583512
37.615713 -122.583092
37.616515 -122.582655
37.617310 -122.582200
37.618099 -122.581727
37.618881 -122.581238
37.619656 -122.580731
37.620424 -122.580208
37.621185 -122.579667
37.621938 -122.579111
37.622683 -122.578537
37.623420 -122.577947
37.624149 -122.577342
37.624869 -122.576720
37.625581 -122.576083
37.626283 -122.575430
37.626977 -122.574761
37.627661 -122.574078
37.628335 -122.573380
37.629000 -122.572667
37.629654 -122.571939
37.630299 -122.571198
37.630933 -122.570442
37.631556 -122.569672
37.632169 -122.568889
37.632771 -122.568092
37.633128 -122.567606
37.633458 -122.567149
37.634038 -122.566327
37.634605 -122.565492
37.635161 -122.564645
37.635324 -122.564391
37.635891 -122.563714
37.636514 -122.562944
37.637127 -122.562161
37.637729 -122.561364
37.638319 -122.560555
37.638898 -122.559732
37.639466 -122.558897
37.639868 -122.558288
37.640626 -122.558229
37.641042 -122.558191
37.641564 -122.558160
37.641909 -122.558136
37.642682 -122.558111
37.643555 -122.558063
37.643905 -122.558039
37.644177 -122.558040
37.645050 -122.558031
37.645924 -122.558003
37.646796 -122.557956
37.647669 -122.557890
37.647948 -122.557864
37.648517 -122.557831
37.649389 -122.557765
37.649761 -122.557731
37.650569 -122.557669
37.651440 -122.557583
37.652126 -122.557503
37.652639 -122.557704
37.653476 -122.558017
37.654318 -122.558311
37.655164 -122.558587
37.655300 -122.558630
37.655492 -122.558709
37.656325 -122.559040
37.657163 -122.559353
37.658005 -122.559647
37.658850 -122.559923
37.659700 -122.560180
37.660553 -122.560419
37.661409 -122.560639
37.662268 -122.560840
37.663129 -122.561022
37.663993 -122.561185
37.664859 -122.561329
37.665727 -122.561454
37.666597 -122.561560
37.667468 -122.561647
37.668340 -122.561715
37.669213 -122.561764
37.670086 -122.561793
37.670960 -122.561804
37.671833 -122.561795
37.672707 -122.561767
37.673580 -122.561720
37.674452 -122.561653
37.675323 -122.561568
37.676192 -122.561463
37.677061 -122.561339
37.677927 -122.561197
37.678791 -122.561035
37.679653 -122.560854
37.680512 -122.560655
37.680930 -122.560551
37.681433 -122.560598
37.681520 -122.560606
37.682072 -122.560686
37.682255 -122.560723
37.682457 -122.560763
37.682726 -122.560836
37.683582 -122.561056
37.684441 -122.561257
37.685302 -122.561439
37.686100 -122.561591
37.686256 -122.561644
37.687102 -122.561920
37.687951 -122.562177
37.688162 -122.562238
37.688880 -122.562454
37.689425 -122.562609
37.689564 -122.562660
37.690406 -122.562954
37.691252 -122.563230
37.692030 -122.563467
37.692294 -122.563551
37.693144 -122.563808
37.693997 -122.564047
37.694795 -122.564252
37.695053 -122.564323
37.695273 -122.564381
37.695944 -122.564599
37.696794 -122.564856
37.697646 -122.565095
37.698307 -122.565266
37.698319 -122.565270
37.699172 -122.565508
37.700028 -122.565728
37.700887 -122.565929
37.701748 -122.566111
37.702071 -122.566175
37.702699 -122.566378
37.702989 -122.566468
37.703532 -122.566682
37.704370 -122.566995
37.705212 -122.567289
37.706057 -122.567565
37.706907 -122.567823
37.707669 -122.568037
37.708168 -122.568186
37.709021 -122.568425
37.709877 -122.568645
37.710489 -122.568790
37.711189 -122.568968
37.712047 -122.569169
37.712909 -122.569352
37.713773 -122.569515
37.714091 -122.569570
37.714703 -122.569711
37.715564 -122.569894
37.715749 -122.569930
37.715752 -122.569931
37.716614 -122.570113
37.717478 -122.570276
37.718344 -122.570421
37.719212 -122.570546
37.719639 -122.570600
37.720261 -122.570688
37.721131 -122.570794
37.722002 -122.570881
37.722101 -122.570890
37.722471 -122.570933
37.722659 -122.570958
37.723529 -122.571065
37.724400 -122.571152
37.724507 -122.571161
37.724861 -122.571202
37.725732 -122.571289
37.726604 -122.571357
37.727476 -122.571405
37.728350 -122.571435
37.728414 -122.571436
37.728468 -122.571439
37.729279 -122.571502
37.729295 -122.571503
37.729477 -122.571532
37.730157 -122.571631
37.730725 -122.571841
37.731566 -122.572136
37.732412 -122.572412
37.733262 -122.572670
37.734114 -122.572909
37.734970 -122.573129
37.735829 -122.573330
37.736691 -122.573512
37.737555 -122.573675
37.738421 -122.573820
37.739289 -122.573945
37.740159 -122.574051
37.741030 -122.574138
37.741901 -122.574206
37.742774 -122.574255
37.743648 -122.574284
37.744521 -122.574295
37.744864 -122.574294
37.745338 -122.574297
37.746212 -122.574288
37.747085 -122.574260
37.747958 -122.574213
37.748830 -122.574146
37.749638 -122.574067
37.750339 -122.574136
37.750968 -122.574187
37.751391 -122.574227
37.752263 -122.574295
37.752780 -122.574326
37.753613 -122.574390
37.754486 -122.574439
37.755209 -122.574465
37.756041 -122.574585
37.756748 -122.574673
37.757542 -122.574804
37.758410 -122.574929
37.759279 -122.575036
37.759575 -122.575067
37.760087 -122.575359
37.760888 -122.575799
37.761695 -122.576220
37.762507 -122.576624
37.763325 -122.577010
37.764149 -122.577378
37.764977 -122.577728
37.765810 -122.578060
37.766648 -122.578373
37.767489 -122.578668
37.768335 -122.578944
37.769184 -122.579202
37.770037 -122.579441
37.770893 -122.579661
37.771752 -122.579862
37.772614 -122.580045
37.773478 -122.580208
37.774344 -122.580352
37.775212 -122.580478
37.776081 -122.580584
37.776952 -122.580671
37.777824 -122.580739
37.778697 -122.580788
37.779570 -122.580817
37.780196 -122.580827
37.780606 -122.580829
37.781480 -122.580820
37.782353 -122.580792
37.783226 -122.580745
37.784098 -122.580678
37.784632 -122.580628
37.784824 -122.580818
37.815248 -122.529430
37.814437 -122.529600
37.814029 -122.529722
37.813401 -122.529963
37.813089 -122.530441
37.812432 -122.531316
37.811585 -122.531718
37.810985 -122.531580
37.797185 -122.523184
37.795838 -122.522237
37.788577 -122.517132
37.786551 -122.515533
37.785302 -122.514524
37.784963 -122.514102
37.784591 -122.513553
37.784031 -122.512740
37.783892 -122.512488
37.783752 -122.512220
37.783674 -122.512106
37.783539 -122.512052
37.783365 -122.512042
37.783230 -122.511999
37.783107 -122.511759
37.782897 -122.511372
37.782765 -122.510995
37.782628 -122.510427
