San_Pedro_Channel_Islands
33.525874 -118.574173
33.525857 -118.574096
33.525897 -118.573287
33.525935 -118.572245
33.525958 -118.571201
33.525966 -118.570157
33.525958 -118.569113
33.525953 -118.568890
33.525950 -118.568476
33.525927 -118.567433
33.525889 -118.566390
33.525836 -118.565348
33.525767 -118.564308
33.525683 -118.563269
33.525584 -118.562231
33.525470 -118.561196
33.525341 -118.560164
33.525196 -118.559135
33.525037 -118.558108
33.524999 -118.557875
33.525179 -118.557225
33.525442 -118.556230
33.525690 -118.555229
33.525924 -118.554223
33.526143 -118.553213
33.526347 -118.552198
33.526537 -118.551179
33.526711 -118.550156
33.526871 -118.549129
33.527015 -118.548100
33.527144 -118.547067
33.527259 -118.546032
33.527358 -118.544995
33.527441 -118.543956
33.527510 -118.542916
33.527563 -118.541874
33.527602 -118.540831
33.527624 -118.539787
33.527632 -118.538743
33.527630 -118.538218
33.527624 -118.537603
33.527601 -118.536560
33.527563 -118.535517
33.527509 -118.534475
33.527441 -118.533434
33.527357 -118.532395
33.527258 -118.531358
33.527144 -118.530323
33.527014 -118.529291
33.526870 -118.528261
33.526711 -118.527235
33.526536 -118.526212
33.526347 -118.525193
33.526143 -118.524178
33.525924 -118.523167
33.525690 -118.522161
33.525441 -118.521161
33.525178 -118.520165
33.524901 -118.519175
33.524609 -118.518191
33.524302 -118.517214
33.523982 -118.516243
33.523647 -118.515278
33.523298 -118.514321
33.522936 -118.513371
33.522559 -118.512429
33.522169 -118.511495
33.521765 -118.510570
33.521363 -118.509685
33.521311 -118.509574
33.520880 -118.508666
33.520436 -118.507766
33.519979 -118.506877
33.519509 -118.505996
33.519027 -118.505126
33.518531 -118.504266
33.518023 -118.503417
33.517503 -118.502578
33.516970 -118.501750
33.516426 -118.500933
33.515870 -118.500128
33.515327 -118.499370
33.515231 -118.499238
33.514652 -118.498457
33.514061 -118.497688
33.513895 -118.497476
33.513860 -118.497421
33.513382 -118.496678
33.513436 -118.495852
33.513490 -118.494810
33.513528 -118.493768
33.513551 -118.492724
33.513559 -118.491681
33.513555 -118.490983
33.513551 -118.490599
33.513528 -118.489556
33.513489 -118.488513
33.513436 -118.487471
33.513367 -118.486431
33.513284 -118.485392
33.513185 -118.484355
33.513070 -118.483320
33.512941 -118.482288
33.512797 -118.481258
33.512637 -118.480232
33.512463 -118.479209
33.512274 -118.478191
33.512069 -118.477176
33.511850 -118.476165
33.511617 -118.475160
33.511368 -118.474159
33.511105 -118.473164
33.510828 -118.472174
33.510536 -118.471190
33.510229 -118.470213
33.509909 -118.469242
33.509574 -118.468278
33.509225 -118.467321
33.508875 -118.466404
33.508853 -118.466347
33.508476 -118.465405
33.508086 -118.464472
33.507682 -118.463546
33.507265 -118.462629
33.506834 -118.461721
33.506791 -118.461631
33.506771 -118.461590
33.506327 -118.460690
33.505870 -118.459801
33.505400 -118.458921
33.504917 -118.458051
33.504421 -118.457191
33.503913 -118.456341
33.503393 -118.455503
33.502861 -118.454675
33.502316 -118.453859
33.501760 -118.453054
33.501192 -118.452260
33.500612 -118.451479
33.500021 -118.450710
33.499583 -118.450156
33.499393 -118.449920
33.498780 -118.449176
33.498156 -118.448445
33.497522 -118.447727
33.496877 -118.447023
33.496222 -118.446332
33.495557 -118.445654
33.494882 -118.444991
33.494197 -118.444342
33.493504 -118.443707
33.492801 -118.443086
33.492089 -118.442481
33.491368 -118.441890
33.490639 -118.441315
33.489901 -118.440755
33.489155 -118.440210
33.488402 -118.439681
33.487641 -118.439167
33.486872 -118.438670
33.486278 -118.438301
33.486060 -118.437997
33.485665 -118.437462
33.485295 -118.436537
33.484905 -118.435603
33.484501 -118.434678
33.484084 -118.433761
33.483653 -118.432853
33.483209 -118.431954
33.482872 -118.431296
33.482638 -118.430844
33.482168 -118.429965
33.481685 -118.429095
33.481190 -118.428235
33.480682 -118.427386
33.480162 -118.426547
33.479629 -118.425720
33.479085 -118.424904
33.478528 -118.424099
33.477960 -118.423306
33.477882 -118.423198
33.477804 -118.422383
33.477689 -118.421348
33.477560 -118.420316
33.477416 -118.419287
33.477323 -118.418680
33.477304 -118.418196
33.477250 -118.417154
33.477182 -118.416114
33.477098 -118.415076
33.476999 -118.414039
33.476884 -118.413005
33.476755 -118.411973
33.476611 -118.410944
33.476451 -118.409918
33.476277 -118.408896
33.476088 -118.407878
33.475883 -118.406863
33.475664 -118.405853
33.475431 -118.404848
33.475182 -118.403848
33.474919 -118.402853
33.474642 -118.401864
33.474350 -118.400880
33.474043 -118.399903
33.473723 -118.398933
33.473388 -118.397969
33.473039 -118.397012
33.472676 -118.396063
33.472300 -118.395122
33.471909 -118.394188
33.471506 -118.393263
33.471088 -118.392346
33.470657 -118.391438
33.470579 -118.391279
33.470534 -118.391056
33.470315 -118.390046
33.470081 -118.389041
33.469832 -118.388041
33.469569 -118.387046
33.469292 -118.386057
33.469000 -118.385073
33.468693 -118.384096
33.468373 -118.383126
33.468038 -118.382162
33.467689 -118.381206
33.467418 -118.380491
33.467295 -118.379627
33.467136 -118.378601
33.467095 -118.378354
33.467027 -118.377927
33.467023 -118.377904
33.466990 -118.377700
33.466816 -118.376677
33.466626 -118.375659
33.466422 -118.374645
33.466203 -118.373635
33.465969 -118.372630
33.465721 -118.371629
33.465458 -118.370635
33.465180 -118.369645
33.464888 -118.368662
33.464582 -118.367685
33.464261 -118.366715
33.463927 -118.365751
33.463578 -118.364795
33.463554 -118.364730
33.463444 -118.364435
33.463170 -118.363713
33.462997 -118.363266
33.462620 -118.362324
33.462230 -118.361391
33.461826 -118.360466
33.461409 -118.359549
33.460978 -118.358642
33.460534 -118.357743
33.460077 -118.356854
33.459607 -118.355974
33.459124 -118.355105
33.458629 -118.354245
33.458121 -118.353396
33.457626 -118.352599
33.457608 -118.352535
33.457316 -118.351551
33.457009 -118.350574
33.456989 -118.350511
33.456941 -118.350360
33.456620 -118.349390
33.456285 -118.348427
33.455936 -118.347470
33.455574 -118.346521
33.455197 -118.345580
33.454807 -118.344647
33.454403 -118.343722
33.453985 -118.342805
33.453555 -118.341897
33.453111 -118.340999
33.452654 -118.340110
33.452354 -118.339548
33.452293 -118.339426
33.451836 -118.338537
33.451366 -118.337657
33.450883 -118.336788
33.450388 -118.335929
33.449880 -118.335080
33.449360 -118.334242
33.448827 -118.333414
33.448283 -118.332598
33.447727 -118.331794
33.447158 -118.331001
33.446579 -118.330220
33.445988 -118.329452
33.445386 -118.328695
33.444773 -118.327952
33.444251 -118.327341
33.443784 -118.326711
33.443193 -118.325943
33.442591 -118.325187
33.441978 -118.324443
33.441354 -118.323712
33.440720 -118.322995
33.440075 -118.322291
33.439420 -118.321600
33.438755 -118.320923
33.438080 -118.320260
33.437395 -118.319611
33.436702 -118.318977
33.435998 -118.318357
33.435286 -118.317752
33.434566 -118.317162
33.433836 -118.316587
33.433099 -118.316027
33.432353 -118.315482
33.431600 -118.314954
33.430838 -118.314441
33.430728 -118.314368
33.430708 -118.314355
33.429940 -118.313858
33.429164 -118.313377
33.428381 -118.312912
33.427592 -118.312464
33.426796 -118.312032
33.425994 -118.311616
33.425186 -118.311218
33.424401 -118.310849
33.424120 -118.310720
33.423301 -118.310355
33.422477 -118.310008
33.421648 -118.309677
33.420814 -118.309364
33.419975 -118.309069
33.419133 -118.308791
33.418286 -118.308530
33.417436 -118.308287
33.416582 -118.308062
33.415725 -118.307855
33.414865 -118.307666
33.414003 -118.307494
33.413138 -118.307341
33.412271 -118.307205
33.411403 -118.307088
33.410532 -118.306988
33.409661 -118.306907
33.408788 -118.306844
33.407915 -118.306799
33.407810 -118.306795
33.407324 -118.306267
33.407319 -118.306261
33.407309 -118.306248
33.406706 -118.305493
33.406093 -118.304749
33.405470 -118.304019
33.404835 -118.303302
33.404190 -118.302598
33.403535 -118.301907
33.402870 -118.301231
33.402268 -118.300638
33.402015 -118.300392
33.401978 -118.300358
33.401762 -118.299987
33.401254 -118.299138
33.400734 -118.298301
33.400202 -118.297474
33.399657 -118.296658
33.399551 -118.296503
33.399220 -118.296011
33.398664 -118.295207
33.398096 -118.294414
33.397516 -118.293634
33.397304 -118.293355
33.396904 -118.292820
33.396313 -118.292052
33.395711 -118.291296
33.395098 -118.290553
33.394474 -118.289823
33.393840 -118.289105
33.393420 -118.288644
33.393296 -118.288507
33.392652 -118.287803
33.391997 -118.287112
33.391332 -118.286436
33.390657 -118.285773
33.389972 -118.285125
33.389278 -118.284491
33.389049 -118.284286
33.388629 -118.283877
33.387945 -118.283229
33.387251 -118.282594
33.386548 -118.281975
33.385836 -118.281370
33.385115 -118.280780
33.384386 -118.280205
33.383648 -118.279646
33.382903 -118.279102
33.382149 -118.278573
33.381388 -118.278061
33.381372 -118.278050
33.381295 -118.277945
33.380716 -118.277164
33.380125 -118.276396
33.379670 -118.275823
33.379378 -118.275447
33.378776 -118.274691
33.378163 -118.273948
33.377539 -118.273218
33.376904 -118.272501
33.376259 -118.271797
33.375604 -118.271107
33.374939 -118.270431
33.374264 -118.269768
33.373580 -118.269120
33.372886 -118.268486
33.372183 -118.267866
33.371847 -118.267581
33.371393 -118.267166
33.370690 -118.266547
33.369978 -118.265942
33.369257 -118.265353
33.368528 -118.264778
33.368404 -118.264684
33.367902 -118.264191
33.367217 -118.263542
33.366523 -118.262908
33.365820 -118.262289
33.365108 -118.261684
33.364387 -118.261095
33.363658 -118.260520
33.362920 -118.259961
33.362175 -118.259417
33.361421 -118.258888
33.360660 -118.258376
33.360106 -118.258015
33.359708 -118.257761
33.358933 -118.257280
33.358150 -118.256816
33.357361 -118.256368
33.356565 -118.255936
33.355763 -118.255522
33.355632 -118.255456
33.355576 -118.255422
33.354793 -118.254957
33.354004 -118.254509
33.353208 -118.254078
33.352406 -118.253663
33.352121 -118.253520
33.351515 -118.253223
33.350902 -118.252934
33.350602 -118.252774
33.349800 -118.252359
33.348992 -118.251961
33.348179 -118.251580
33.347360 -118.251215
33.346535 -118.250868
33.345706 -118.250538
33.344872 -118.250225
33.344034 -118.249930
33.343191 -118.249652
33.342344 -118.249392
33.341494 -118.249149
33.340640 -118.248924
33.339920 -118.248553
33.339112 -118.248154
33.338298 -118.247773
33.337479 -118.247409
33.336655 -118.247062
33.335825 -118.246732
33.334991 -118.246419
33.334153 -118.246124
33.333310 -118.245846
33.332464 -118.245586
33.331937 -118.245433
33.331180 -118.245218
33.330326 -118.244993
33.329469 -118.244786
33.328609 -118.244597
33.327747 -118.244426
33.326882 -118.244272
33.326015 -118.244137
33.325146 -118.244020
33.324276 -118.243920
33.323404 -118.243839
33.322532 -118.243776
33.321658 -118.243732
33.320784 -118.243705
33.320580 -118.243701
33.319732 -118.243693
33.318858 -118.243703
33.317984 -118.243731
33.317110 -118.243777
33.316238 -118.243841
33.316095 -118.243853
33.316007 -118.243855
33.315133 -118.243883
33.314259 -118.243929
33.313387 -118.243993
33.312515 -118.244075
33.311645 -118.244176
33.310776 -118.244294
33.309910 -118.244431
33.309847 -118.244441
33.309186 -118.244547
33.308322 -118.244701
33.307459 -118.244874
33.307234 -118.244922
33.307179 -118.244928
33.306358 -118.245022
33.306065 -118.245039
33.305192 -118.245104
33.304321 -118.245186
33.303450 -118.245286
33.302582 -118.245405
33.301715 -118.245541
33.300850 -118.245696
33.299988 -118.245868
33.299128 -118.246058
33.298272 -118.246266
33.297418 -118.246492
33.296568 -118.246736
33.296305 -118.246815
33.295997 -118.246906
33.295151 -118.247167
33.294308 -118.247446
33.293470 -118.247742
33.292637 -118.248055
33.291808 -118.248386
33.290984 -118.248734
33.290165 -118.249099
33.289352 -118.249482
33.288544 -118.249880
33.287742 -118.250296
33.287529 -118.250410
33.287500 -118.250426
33.286704 -118.250858
33.285915 -118.251306
33.285133 -118.251771
33.284358 -118.252252
33.283590 -118.252750
33.282829 -118.253263
33.282076 -118.253791
33.281331 -118.254336
33.280593 -118.254895
33.279865 -118.255470
33.279144 -118.256060
33.278433 -118.256665
33.277730 -118.257285
33.277037 -118.257919
33.276353 -118.258567
33.275678 -118.259230
33.275475 -118.259434
33.274947 -118.259974
33.274292 -118.260664
33.273648 -118.261367
33.273283 -118.261777
33.272905 -118.262189
33.272619 -118.262504
33.271985 -118.263221
33.271362 -118.263951
33.270749 -118.264693
33.270148 -118.265449
33.269557 -118.266216
33.268978 -118.266996
33.268411 -118.267788
33.267855 -118.268591
33.267311 -118.269406
33.266779 -118.270232
33.266259 -118.271069
33.265752 -118.271916
33.265257 -118.272774
33.264774 -118.273642
33.264305 -118.274520
33.264018 -118.275073
33.263882 -118.275259
33.263314 -118.276051
33.262758 -118.276854
33.262214 -118.277669
33.261682 -118.278495
33.261162 -118.279331
33.260655 -118.280179
33.260160 -118.281037
33.259678 -118.281905
33.259208 -118.282783
33.258751 -118.283670
33.258308 -118.284567
33.257878 -118.285473
33.257461 -118.286387
33.257057 -118.287311
33.256667 -118.288242
33.256291 -118.289181
33.255929 -118.290129
33.255580 -118.291083
33.255246 -118.292044
33.254925 -118.293013
33.254619 -118.293988
33.254328 -118.294969
33.254280 -118.295139
33.254102 -118.295471
33.253646 -118.296358
33.253202 -118.297255
33.252772 -118.298161
33.252355 -118.299076
33.251951 -118.299999
33.251561 -118.300930
33.251185 -118.301870
33.250823 -118.302817
33.250474 -118.303771
33.250140 -118.304732
33.249820 -118.305701
33.249514 -118.306675
33.249222 -118.307656
33.248945 -118.308643
33.248682 -118.309636
33.248434 -118.310633
33.248200 -118.311636
33.247981 -118.312643
33.247777 -118.313655
33.247588 -118.314671
33.247414 -118.315691
33.247255 -118.316714
33.247111 -118.317740
33.246981 -118.318769
33.246867 -118.319801
33.246769 -118.320835
33.246685 -118.321871
33.246616 -118.322908
33.246563 -118.323947
33.246525 -118.324986
33.246502 -118.326026
33.246494 -118.327067
33.246502 -118.328107
33.246525 -118.329147
33.246563 -118.330187
33.246616 -118.331226
33.246685 -118.332263
33.246769 -118.333299
33.246867 -118.334332
33.246981 -118.335364
33.247111 -118.336393
33.247255 -118.337419
33.247414 -118.338443
33.247588 -118.339462
33.247777 -118.340478
33.247981 -118.341490
33.248200 -118.342497
33.248434 -118.343500
33.248682 -118.344498
33.248945 -118.345490
33.249222 -118.346477
33.249514 -118.347458
33.249820 -118.348433
33.250140 -118.349401
33.250474 -118.350363
33.250823 -118.351317
33.251185 -118.352264
33.251561 -118.353203
33.251951 -118.354135
33.252355 -118.355058
33.252772 -118.355972
33.253202 -118.356878
33.253646 -118.357775
33.254102 -118.358662
33.254572 -118.359540
33.255054 -118.360408
33.255549 -118.361266
33.255784 -118.361658
33.255822 -118.361723
33.256329 -118.362571
33.256849 -118.363408
33.257371 -118.364218
33.257470 -118.364472
33.257846 -118.365411
33.258236 -118.366342
33.258639 -118.367266
33.259056 -118.368180
33.259406 -118.368920
33.259747 -118.369636
33.260003 -118.370303
33.260379 -118.371242
33.260769 -118.372174
33.261172 -118.373097
33.261589 -118.374012
33.262020 -118.374918
33.262463 -118.375815
33.262920 -118.376702
33.263389 -118.377580
33.263872 -118.378448
33.264367 -118.379306
33.264874 -118.380153
33.265394 -118.380990
33.265926 -118.381816
33.266470 -118.382631
33.266802 -118.383111
33.266895 -118.383272
33.267402 -118.384119
33.267922 -118.384956
33.268454 -118.385782
33.268998 -118.386597
33.269010 -118.386614
33.268913 -118.387627
33.268830 -118.388663
33.268761 -118.389701
33.268708 -118.390740
33.268670 -118.391779
33.268647 -118.392820
33.268639 -118.393861
33.268647 -118.394901
33.268667 -118.395840
33.268673 -118.396057
33.268711 -118.397096
33.268764 -118.398135
33.268833 -118.399173
33.268916 -118.400209
33.268989 -118.400972
33.268727 -118.401907
33.268464 -118.402900
33.268216 -118.403898
33.268179 -118.404052
33.268015 -118.404680
33.267766 -118.405678
33.267533 -118.406681
33.267314 -118.407689
33.267110 -118.408701
33.266921 -118.409717
33.266747 -118.410737
33.266587 -118.411760
33.266443 -118.412787
33.266314 -118.413816
33.266200 -118.414848
33.266101 -118.415882
33.266017 -118.416918
33.265949 -118.417956
33.265895 -118.418994
33.265857 -118.420034
33.265834 -118.421075
33.265827 -118.422115
33.265834 -118.423156
33.265857 -118.424196
33.265895 -118.425236
33.265949 -118.426275
33.266017 -118.427313
33.266101 -118.428349
33.266200 -118.429383
33.266314 -118.430414
33.266443 -118.431444
33.266587 -118.432470
33.266747 -118.433494
33.266921 -118.434514
33.267110 -118.435530
33.267314 -118.436542
33.267533 -118.437549
33.267766 -118.438552
33.268015 -118.439550
33.268146 -118.440046
33.268151 -118.440795
33.268174 -118.441836
33.268212 -118.442875
33.268244 -118.443531
33.268296 -118.444545
33.268365 -118.445583
33.268406 -118.446112
33.268431 -118.446564
33.268499 -118.447601
33.268583 -118.448637
33.268682 -118.449671
33.268796 -118.450703
33.268925 -118.451733
33.269070 -118.452759
33.269229 -118.453782
33.269403 -118.454802
33.269592 -118.455819
33.269796 -118.456831
33.270015 -118.457838
33.270248 -118.458841
33.270497 -118.459839
33.270759 -118.460832
33.271037 -118.461819
33.271328 -118.462800
33.271551 -118.463516
33.271590 -118.463717
33.271702 -118.464280
33.271739 -118.464536
33.271829 -118.465128
33.271964 -118.465989
33.272139 -118.467009
33.272328 -118.468025
33.272532 -118.469037
33.272750 -118.470045
33.272984 -118.471048
33.273205 -118.471941
33.273390 -118.472788
33.273624 -118.473791
33.273872 -118.474789
33.274135 -118.475782
33.274412 -118.476769
33.274704 -118.477750
33.275010 -118.478725
33.275330 -118.479694
33.275664 -118.480656
33.276013 -118.481610
33.276375 -118.482558
33.276751 -118.483497
33.277141 -118.484429
33.277545 -118.485352
33.277962 -118.486267
33.278392 -118.487173
33.278667 -118.487734
33.278868 -118.488279
33.279231 -118.489226
33.279607 -118.490166
33.279997 -118.491098
33.280400 -118.492021
33.280817 -118.492936
33.281247 -118.493842
33.281691 -118.494739
33.282148 -118.495627
33.282617 -118.496505
33.283099 -118.497373
33.283594 -118.498231
33.284102 -118.499079
33.284622 -118.499916
33.285154 -118.500742
33.285698 -118.501557
33.286254 -118.502360
33.286347 -118.502493
33.286488 -118.502708
33.287032 -118.503523
33.287588 -118.504327
33.288155 -118.505118
33.288734 -118.505898
33.289325 -118.506666
33.289926 -118.507422
33.290539 -118.508164
33.291162 -118.508894
33.291796 -118.509611
33.292441 -118.510315
33.292477 -118.510354
33.292889 -118.510850
33.293512 -118.511580
33.294146 -118.512297
33.294790 -118.513001
33.295445 -118.513691
33.296109 -118.514368
33.296784 -118.515030
33.297468 -118.515679
33.297625 -118.515825
33.297847 -118.516072
33.298491 -118.516776
33.299146 -118.517466
33.299810 -118.518143
33.300485 -118.518805
33.301169 -118.519454
33.301862 -118.520088
33.302565 -118.520708
33.303276 -118.521313
33.303996 -118.521903
33.304725 -118.522478
33.305025 -118.522708
33.305048 -118.522727
33.305768 -118.523317
33.306497 -118.523892
33.307234 -118.524452
33.307979 -118.524997
33.308732 -118.525526
33.309315 -118.525921
33.309742 -118.526370
33.310188 -118.526875
33.310833 -118.527579
33.311487 -118.528269
33.312152 -118.528946
33.312826 -118.529608
33.313510 -118.530257
33.314204 -118.530891
33.314906 -118.531511
33.315618 -118.532116
33.316338 -118.532706
33.317067 -118.533282
33.317804 -118.533842
33.318549 -118.534386
33.319303 -118.534915
33.320063 -118.535428
33.320831 -118.535926
33.321079 -118.536079
33.321088 -118.536086
33.321841 -118.536615
33.322602 -118.537128
33.323370 -118.537626
33.324145 -118.538107
33.324927 -118.538572
33.325716 -118.539021
33.326512 -118.539453
33.327313 -118.539869
33.328121 -118.540268
33.328934 -118.540650
33.329753 -118.541016
33.330577 -118.541364
33.331406 -118.541695
33.332240 -118.542009
33.333078 -118.542305
33.333920 -118.542584
33.334766 -118.542845
33.335536 -118.543067
33.335587 -118.543090
33.336406 -118.543455
33.337230 -118.543804
33.337481 -118.543906
33.337528 -118.543929
33.338342 -118.544311
33.339160 -118.544676
33.339984 -118.545025
33.340813 -118.545356
33.341647 -118.545670
33.342485 -118.545966
33.343328 -118.546245
33.343981 -118.546448
33.344168 -118.546509
33.345015 -118.546770
33.345865 -118.547014
33.346718 -118.547240
33.347575 -118.547448
33.347759 -118.547491
33.348161 -118.547586
33.349021 -118.547776
33.349883 -118.547949
33.350748 -118.548103
33.351614 -118.548240
33.352483 -118.548358
33.353353 -118.548459
33.354225 -118.548541
33.355097 -118.548605
33.355971 -118.548651
33.356845 -118.548679
33.357719 -118.548689
33.358593 -118.548681
33.359467 -118.548654
33.360341 -118.548609
33.361214 -118.548546
33.362085 -118.548465
33.362956 -118.548366
33.363824 -118.548248
33.364691 -118.548113
33.365556 -118.547959
33.366418 -118.547788
33.367278 -118.547599
33.368135 -118.547392
33.368989 -118.547167
33.369839 -118.546924
33.370685 -118.546664
33.371528 -118.546386
33.372366 -118.546090
33.372876 -118.545902
33.373087 -118.545898
33.373962 -118.545871
33.374835 -118.545826
33.375708 -118.545763
33.376579 -118.545682
33.377450 -118.545583
33.378318 -118.545465
33.378762 -118.545398
33.379028 -118.545958
33.379472 -118.546856
33.379925 -118.547738
33.380056 -118.548346
33.380290 -118.549350
33.380538 -118.550350
33.380801 -118.551343
33.381078 -118.552332
33.381370 -118.553314
33.381676 -118.554290
33.381996 -118.555260
33.382130 -118.555646
33.382081 -118.556596
33.382043 -118.557637
33.382020 -118.558679
33.382013 -118.559721
33.382020 -118.560763
33.382043 -118.561805
33.382081 -118.562846
33.382135 -118.563886
33.382203 -118.564925
33.382287 -118.565962
33.382386 -118.566998
33.382500 -118.568031
33.382629 -118.569062
33.382773 -118.570090
33.382933 -118.571114
33.383107 -118.572136
33.383296 -118.573153
33.383500 -118.574167
33.383719 -118.575176
33.383952 -118.576180
33.384201 -118.577179
33.384463 -118.578173
33.384741 -118.579162
33.385032 -118.580144
33.385338 -118.581120
33.385659 -118.582090
33.385993 -118.583053
33.386341 -118.584009
33.386704 -118.584957
33.387080 -118.585898
33.387470 -118.586831
33.387873 -118.587755
33.388290 -118.588671
33.388721 -118.589579
33.389164 -118.590477
33.389451 -118.591035
33.389727 -118.591669
33.390144 -118.592585
33.390575 -118.593492
33.391018 -118.594390
33.391475 -118.595279
33.391944 -118.596158
33.392427 -118.597027
33.392922 -118.597887
33.393273 -118.598478
33.393543 -118.599148
33.393933 -118.600081
33.394336 -118.601005
33.394753 -118.601921
33.395183 -118.602829
33.395627 -118.603727
33.396084 -118.604616
33.396553 -118.605495
33.397035 -118.606364
33.397530 -118.607224
33.398038 -118.608072
33.398558 -118.608911
33.399090 -118.609738
33.399634 -118.610554
33.400190 -118.611358
33.400757 -118.612151
33.401336 -118.612932
33.401927 -118.613701
33.402528 -118.614457
33.403141 -118.615201
33.403764 -118.615932
33.404398 -118.616650
33.405042 -118.617354
33.405697 -118.618045
33.406361 -118.618723
33.407036 -118.619386
33.407720 -118.620035
33.408413 -118.620670
33.409116 -118.621291
33.409827 -118.621897
33.410548 -118.622488
33.411276 -118.623063
33.411995 -118.623610
33.412396 -118.623936
33.413125 -118.624512
33.413862 -118.625073
33.414607 -118.625618
33.415361 -118.626148
33.416121 -118.626661
33.416889 -118.627159
33.417665 -118.627641
33.418361 -118.628057
33.418728 -118.628390
33.419430 -118.629010
33.420142 -118.629616
33.420862 -118.630207
33.421591 -118.630783
33.422328 -118.631343
33.422679 -118.631603
33.423164 -118.631955
33.423917 -118.632485
33.424678 -118.632999
33.425446 -118.633497
33.426221 -118.633979
33.426368 -118.634067
33.426442 -118.634153
33.426919 -118.634695
33.427156 -118.634961
33.427800 -118.635666
33.428455 -118.636357
33.429120 -118.637035
33.429794 -118.637698
33.430478 -118.638348
33.430622 -118.638482
33.430768 -118.638741
33.431263 -118.639601
33.431770 -118.640450
33.432290 -118.641288
33.432822 -118.642116
33.433366 -118.642932
33.433922 -118.643737
33.434489 -118.644530
33.435068 -118.645311
33.435659 -118.646080
33.436260 -118.646837
33.436873 -118.647581
33.437496 -118.648312
33.438130 -118.649030
33.438774 -118.649735
33.439429 -118.650427
33.440094 -118.651104
33.440768 -118.651768
33.441452 -118.652417
33.442145 -118.653053
33.442848 -118.653673
33.443559 -118.654279
33.444280 -118.654870
33.445009 -118.655446
33.445746 -118.656007
33.446491 -118.656553
33.447244 -118.657082
33.448005 -118.657596
33.448773 -118.658094
33.449548 -118.658576
33.450330 -118.659042
33.451119 -118.659492
33.451915 -118.659925
33.452716 -118.660341
33.453524 -118.660741
33.454337 -118.661124
33.455156 -118.661489
33.455570 -118.661667
33.456092 -118.661886
33.456921 -118.662217
33.457755 -118.662532
33.458593 -118.662828
33.459435 -118.663108
33.460282 -118.663369
33.461132 -118.663613
33.461985 -118.663840
33.462842 -118.664048
33.463701 -118.664239
33.464563 -118.664412
33.465428 -118.664566
33.466126 -118.664677
33.466284 -118.664729
33.467130 -118.664991
33.467980 -118.665235
33.468833 -118.665461
33.469690 -118.665670
33.470549 -118.665860
33.471412 -118.666033
33.472276 -118.666188
33.473143 -118.666325
33.474012 -118.666443
33.474882 -118.666544
33.475753 -118.666626
33.476626 -118.666691
33.477499 -118.666737
33.478373 -118.666765
33.479248 -118.666774
33.480122 -118.666766
33.480996 -118.666739
33.481869 -118.666694
33.482742 -118.666631
33.483614 -118.666550
33.484484 -118.666450
33.485353 -118.666333
33.486220 -118.666197
33.487084 -118.666044
33.487947 -118.665872
33.488806 -118.665682
33.489663 -118.665475
33.490517 -118.665250
33.491367 -118.665007
33.492214 -118.664746
33.493056 -118.664468
33.493895 -118.664172
33.494729 -118.663859
33.495558 -118.663528
33.496382 -118.663180
33.497201 -118.662815
33.498015 -118.662433
33.498823 -118.662035
33.499625 -118.661619
33.500421 -118.661187
33.501210 -118.660738
33.501992 -118.660273
33.502768 -118.659791
33.503537 -118.659294
33.504298 -118.658781
33.505051 -118.658251
33.505797 -118.657706
33.506535 -118.657146
33.507264 -118.656571
33.507985 -118.655980
33.508697 -118.655374
33.509400 -118.654754
33.510094 -118.654119
33.510778 -118.653469
33.511453 -118.652806
33.512118 -118.652128
33.512773 -118.651437
33.513418 -118.650732
33.514052 -118.650014
33.514676 -118.649283
33.515289 -118.648539
33.515891 -118.647782
33.516482 -118.647013
33.517062 -118.646231
33.517630 -118.645438
33.518186 -118.644633
33.518731 -118.643816
33.519263 -118.642988
33.519783 -118.642149
33.520291 -118.641300
33.520787 -118.640440
33.521269 -118.639570
33.521739 -118.638690
33.522196 -118.637800
33.522640 -118.636900
33.523071 -118.635992
33.523489 -118.635075
33.523892 -118.634149
33.524283 -118.633215
33.524659 -118.632273
33.525022 -118.631323
33.525371 -118.630366
33.525706 -118.629402
33.526026 -118.628431
33.526333 -118.627453
33.526625 -118.626469
33.526902 -118.625479
33.527165 -118.624484
33.527414 -118.623483
33.527647 -118.622477
33.527866 -118.621466
33.528071 -118.620451
33.528184 -118.619840
33.528227 -118.619627
33.528416 -118.618608
33.528591 -118.617585
33.528750 -118.616559
33.528895 -118.615529
33.529012 -118.614598
33.529051 -118.614272
33.529165 -118.613237
33.529264 -118.612200
33.529348 -118.611161
33.529417 -118.610120
33.529470 -118.609078
33.529508 -118.608035
33.529531 -118.606992
33.529539 -118.605948
33.529531 -118.604904
33.529508 -118.603861
33.529470 -118.602818
33.529417 -118.601776
33.529348 -118.600735
33.529264 -118.599696
33.529165 -118.598659
33.529051 -118.597624
33.528922 -118.596591
33.528777 -118.595562
33.528618 -118.594535
33.528443 -118.593513
33.528254 -118.592493
33.528072 -118.591584
33.528016 -118.591313
33.527797 -118.590303
33.527580 -118.589369
33.527574 -118.588609
33.527551 -118.587565
33.527513 -118.586522
33.527460 -118.585480
33.527391 -118.584440
33.527307 -118.583400
33.527208 -118.582363
33.527094 -118.581328
33.526965 -118.580296
33.526820 -118.579266
33.526661 -118.578240
33.526487 -118.577217
33.526297 -118.576198
33.526093 -118.575183
33.525874 -118.574173
33.084563 -118.567730
33.084228 -118.566771
33.084014 -118.566188
33.083055 -118.562378
33.082932 -118.561720
33.082917 -118.561642
33.082897 -118.561538
33.082693 -118.560528
33.082474 -118.559523
33.082240 -118.558522
33.081991 -118.557526
33.081728 -118.556536
33.081451 -118.555551
33.081159 -118.554572
33.080852 -118.553599
33.080532 -118.552633
33.080197 -118.551674
33.079848 -118.550721
33.079485 -118.549776
33.079109 -118.548839
33.078718 -118.547910
33.078314 -118.546989
33.077897 -118.546076
33.077466 -118.545172
33.077022 -118.544278
33.076565 -118.543392
33.076095 -118.542517
33.075612 -118.541651
33.075117 -118.540795
33.074609 -118.539950
33.074089 -118.539115
33.073556 -118.538292
33.073012 -118.537479
33.072455 -118.536678
33.071887 -118.535889
33.071308 -118.535111
33.070717 -118.534346
33.070115 -118.533593
33.069501 -118.532853
33.069222 -118.532524
33.068714 -118.531933
33.068079 -118.531218
33.067434 -118.530517
33.066779 -118.529829
33.066114 -118.529155
33.065767 -118.528813
33.065217 -118.528125
33.064944 -118.527691
33.064412 -118.526867
33.063867 -118.526055
33.063311 -118.525254
33.062743 -118.524465
33.062163 -118.523687
33.061572 -118.522922
33.060970 -118.522169
33.060376 -118.521452
33.060266 -118.521321
33.059989 -118.520994
33.059533 -118.520466
33.058899 -118.519751
33.058254 -118.519050
33.057599 -118.518362
33.056934 -118.517688
33.056259 -118.517028
33.055574 -118.516382
33.054881 -118.515751
33.054177 -118.515133
33.053465 -118.514531
33.052745 -118.513943
33.052015 -118.513371
33.051278 -118.512813
33.050532 -118.512271
33.049778 -118.511745
33.049017 -118.511234
33.048249 -118.510739
33.047473 -118.510260
33.046690 -118.509797
33.045901 -118.509351
33.045105 -118.508921
33.044303 -118.508507
33.043495 -118.508111
33.042681 -118.507731
33.042304 -118.507561
33.042254 -118.507538
33.041435 -118.507175
33.040610 -118.506829
33.039781 -118.506500
33.038947 -118.506189
33.038109 -118.505894
33.037266 -118.505617
33.036723 -118.505449
33.036282 -118.505316
33.035952 -118.505220
33.035404 -118.504666
33.034808 -118.504019
33.034153 -118.503331
33.033487 -118.502657
33.032942 -118.502122
33.032714 -118.501902
33.032029 -118.501256
33.031335 -118.500624
33.030632 -118.500007
33.029920 -118.499405
33.029199 -118.498817
33.028470 -118.498245
33.027732 -118.497688
33.027218 -118.497311
33.026738 -118.496965
33.025985 -118.496439
33.025224 -118.495928
33.024455 -118.495434
33.023679 -118.494955
33.022897 -118.494492
33.022107 -118.494046
33.021311 -118.493616
33.020509 -118.493203
33.019702 -118.492806
33.018888 -118.492426
33.018069 -118.492063
33.017244 -118.491717
33.016415 -118.491388
33.015581 -118.491077
33.014743 -118.490783
33.013900 -118.490506
33.013053 -118.490247
33.012203 -118.490005
33.011804 -118.489898
33.011678 -118.489864
33.011369 -118.489508
33.010735 -118.488794
33.010090 -118.488093
33.009435 -118.487406
33.008770 -118.486732
33.008332 -118.486302
33.007875 -118.485858
33.007191 -118.485212
33.006497 -118.484581
33.005794 -118.483964
33.005082 -118.483362
33.004361 -118.482775
33.003676 -118.482236
33.003648 -118.482214
33.002919 -118.481642
33.002181 -118.481085
33.001435 -118.480543
33.001087 -118.480297
33.000994 -118.480183
33.000570 -118.479637
32.999968 -118.478884
32.999846 -118.478735
32.999842 -118.478731
32.999229 -118.477991
32.998605 -118.477264
32.997970 -118.476550
32.997326 -118.475849
32.996671 -118.475162
32.996005 -118.474489
32.995330 -118.473829
32.994646 -118.473183
32.993952 -118.472552
32.993249 -118.471935
32.992537 -118.471333
32.991816 -118.470746
32.991087 -118.470174
32.991058 -118.470152
32.990587 -118.469756
32.989866 -118.469168
32.989136 -118.468596
32.988399 -118.468039
32.987653 -118.467497
32.986899 -118.466971
32.986584 -118.466757
32.986056 -118.466313
32.985336 -118.465726
32.984606 -118.465154
32.983869 -118.464597
32.983123 -118.464055
32.982369 -118.463529
32.981608 -118.463019
32.980839 -118.462524
32.980064 -118.462045
32.979281 -118.461583
32.978492 -118.461137
32.977696 -118.460707
32.976894 -118.460294
32.976086 -118.459898
32.975844 -118.459783
32.975756 -118.459696
32.975082 -118.459036
32.974685 -118.458659
32.974194 -118.458199
32.973501 -118.457568
32.972797 -118.456951
32.972085 -118.456350
32.971365 -118.455762
32.970746 -118.455276
32.970694 -118.455220
32.970039 -118.454533
32.969374 -118.453860
32.968699 -118.453201
32.968342 -118.452861
32.967813 -118.452364
32.967119 -118.451733
32.966416 -118.451117
32.965704 -118.450515
32.965507 -118.450352
32.965051 -118.449841
32.964406 -118.449141
32.963751 -118.448454
32.963392 -118.448088
32.962977 -118.447287
32.962507 -118.446413
32.962025 -118.445548
32.961529 -118.444693
32.961491 -118.444629
32.961289 -118.444193
32.960859 -118.443291
32.960415 -118.442397
32.959958 -118.441513
32.959488 -118.440639
32.959005 -118.439774
32.958509 -118.438919
32.958378 -118.438699
32.958366 -118.438673
32.957935 -118.437770
32.957781 -118.437456
32.957751 -118.437395
32.957308 -118.436501
32.956850 -118.435617
32.956380 -118.434743
32.955898 -118.433878
32.955402 -118.433023
32.954894 -118.432179
32.954374 -118.431346
32.953841 -118.430523
32.953297 -118.429712
32.952740 -118.428912
32.952172 -118.428124
32.951593 -118.427347
32.951002 -118.426583
32.950400 -118.425831
32.949787 -118.425091
32.949601 -118.424873
32.949464 -118.424685
32.949417 -118.424621
32.949200 -118.424289
32.949037 -118.424031
32.948504 -118.423209
32.947960 -118.422397
32.947404 -118.421597
32.946835 -118.420809
32.946256 -118.420033
32.945665 -118.419269
32.945063 -118.418517
32.944450 -118.417777
32.943826 -118.417051
32.943191 -118.416337
32.942546 -118.415637
32.941891 -118.414950
32.941226 -118.414277
32.940551 -118.413618
32.939867 -118.412973
32.939173 -118.412342
32.938470 -118.411725
32.937783 -118.411145
32.937417 -118.410826
32.936704 -118.410225
32.935984 -118.409638
32.935254 -118.409066
32.934517 -118.408509
32.934385 -118.408412
32.934240 -118.408272
32.933622 -118.407669
32.933554 -118.407604
32.933348 -118.407239
32.932853 -118.406385
32.932345 -118.405541
32.931825 -118.404708
32.931292 -118.403886
32.930747 -118.403074
32.930191 -118.402275
32.929623 -118.401486
32.929043 -118.400710
32.928452 -118.399946
32.927860 -118.399206
32.927837 -118.399172
32.927281 -118.398373
32.926712 -118.397584
32.926133 -118.396808
32.925542 -118.396044
32.924940 -118.395292
32.924327 -118.394553
32.923703 -118.393827
32.923235 -118.393298
32.922918 -118.392945
32.922734 -118.392742
32.922481 -118.392408
32.921890 -118.391644
32.921288 -118.390892
32.920675 -118.390153
32.920051 -118.389426
32.919417 -118.388713
32.918983 -118.388240
32.918772 -118.387960
32.918181 -118.387196
32.917860 -118.386796
32.917476 -118.386023
32.917019 -118.385139
32.916549 -118.384265
32.916066 -118.383400
32.915570 -118.382546
32.915062 -118.381703
32.914542 -118.380869
32.914009 -118.380047
32.913465 -118.379236
32.912909 -118.378437
32.912340 -118.377649
32.911761 -118.376872
32.911170 -118.376108
32.910568 -118.375357
32.909955 -118.374618
32.909559 -118.374157
32.909476 -118.374015
32.908968 -118.373171
32.908448 -118.372338
32.907915 -118.371516
32.907371 -118.370705
32.906814 -118.369905
32.906246 -118.369117
32.905667 -118.368341
32.905076 -118.367577
32.904474 -118.366826
32.903861 -118.366087
32.903534 -118.365704
32.903088 -118.365187
32.902453 -118.364474
32.901808 -118.363774
32.901153 -118.363087
32.901125 -118.363058
32.901015 -118.362913
32.900424 -118.362149
32.899822 -118.361398
32.899209 -118.360659
32.898585 -118.359933
32.897951 -118.359220
32.897306 -118.358520
32.896651 -118.357833
32.896470 -118.357648
32.896414 -118.357557
32.895894 -118.356724
32.895361 -118.355902
32.894817 -118.355091
32.894549 -118.354704
32.893999 -118.353913
32.893431 -118.353125
32.892851 -118.352349
32.892260 -118.351585
32.891658 -118.350834
32.891045 -118.350095
32.890539 -118.349504
32.890512 -118.349471
32.889899 -118.348732
32.889372 -118.348117
32.889263 -118.347925
32.888767 -118.347071
32.888259 -118.346227
32.887739 -118.345394
32.887214 -118.344584
32.886980 -118.344227
32.886436 -118.343416
32.885879 -118.342617
32.885311 -118.341829
32.884732 -118.341053
32.884141 -118.340289
32.883539 -118.339538
32.882926 -118.338799
32.882302 -118.338073
32.881667 -118.337360
32.881113 -118.336759
32.880716 -118.336074
32.880208 -118.335231
32.879688 -118.334398
32.879155 -118.333576
32.878611 -118.332766
32.878054 -118.331966
32.877486 -118.331179
32.876907 -118.330403
32.876316 -118.329639
32.875964 -118.329198
32.875795 -118.328949
32.875239 -118.328150
32.874671 -118.327362
32.874091 -118.326586
32.873500 -118.325823
32.872898 -118.325071
32.872285 -118.324333
32.871661 -118.323607
32.871027 -118.322894
32.870382 -118.322194
32.869727 -118.321508
32.869062 -118.320835
32.868387 -118.320177
32.867702 -118.319532
32.867008 -118.318902
32.866305 -118.318286
32.865935 -118.317973
32.865552 -118.317512
32.864928 -118.316786
32.864293 -118.316073
32.863649 -118.315373
32.862993 -118.314687
32.862328 -118.314015
32.861653 -118.313356
32.861424 -118.313138
32.861193 -118.312921
32.861070 -118.312724
32.860537 -118.311902
32.859993 -118.311092
32.859436 -118.310293
32.858868 -118.309505
32.858289 -118.308730
32.857698 -118.307966
32.857096 -118.307215
32.856483 -118.306476
32.855859 -118.305750
32.855224 -118.305038
32.854579 -118.304338
32.853924 -118.303652
32.853259 -118.302980
32.852584 -118.302321
32.851900 -118.301676
32.851435 -118.301252
32.851072 -118.300913
32.850378 -118.300283
32.849675 -118.299667
32.848963 -118.299066
32.848242 -118.298480
32.847513 -118.297908
32.846775 -118.297352
32.846030 -118.296812
32.845276 -118.296286
32.844515 -118.295777
32.843746 -118.295283
32.842970 -118.294805
32.842188 -118.294343
32.841398 -118.293898
32.840602 -118.293469
32.839800 -118.293056
32.838992 -118.292660
32.838179 -118.292281
32.837360 -118.291919
32.836535 -118.291574
32.835706 -118.291246
32.834872 -118.290935
32.834033 -118.290641
32.833191 -118.290365
32.832344 -118.290106
32.831494 -118.289865
32.830640 -118.289641
32.829783 -118.289436
32.828923 -118.289247
32.828061 -118.289077
32.827196 -118.288925
32.826329 -118.288790
32.825460 -118.288673
32.824590 -118.288575
32.823718 -118.288494
32.822845 -118.288431
32.821972 -118.288387
32.821098 -118.288360
32.820223 -118.288352
32.819349 -118.288361
32.818475 -118.288389
32.817601 -118.288435
32.816729 -118.288499
32.815857 -118.288580
32.814987 -118.288680
32.814118 -118.288798
32.813251 -118.288934
32.812386 -118.289087
32.811524 -118.289259
32.810664 -118.289448
32.809808 -118.289655
32.808954 -118.289880
32.808104 -118.290122
32.807258 -118.290382
32.806415 -118.290659
32.805577 -118.290954
32.804743 -118.291265
32.803914 -118.291594
32.803090 -118.291941
32.802271 -118.292304
32.801458 -118.292684
32.800650 -118.293080
32.799849 -118.293494
32.799053 -118.293923
32.798264 -118.294370
32.797482 -118.294832
32.796706 -118.295310
32.795938 -118.295805
32.795177 -118.296315
32.794424 -118.296841
32.793679 -118.297382
32.792942 -118.297939
32.792213 -118.298511
32.791492 -118.299097
32.790781 -118.299699
32.790078 -118.300315
32.789385 -118.300946
32.788701 -118.301590
32.788026 -118.302249
32.787362 -118.302922
32.786707 -118.303608
32.786062 -118.304308
32.785428 -118.305020
32.784805 -118.305746
32.784192 -118.306485
32.783591 -118.307236
32.783000 -118.307999
32.782421 -118.308775
32.781854 -118.309562
32.781298 -118.310361
32.780782 -118.311129
32.780388 -118.311657
32.779820 -118.312444
32.779819 -118.312446
32.779441 -118.312973
32.778885 -118.313772
32.778341 -118.314583
32.777809 -118.315404
32.777289 -118.316236
32.776782 -118.317079
32.776286 -118.317932
32.775804 -118.318795
32.775750 -118.318894
32.775411 -118.319440
32.774904 -118.320283
32.774409 -118.321136
32.773926 -118.321999
32.773457 -118.322872
32.773000 -118.323755
32.772557 -118.324647
32.772407 -118.324956
32.772073 -118.325659
32.771656 -118.326569
32.771252 -118.327487
32.770862 -118.328413
32.770486 -118.329347
32.770123 -118.330289
32.769775 -118.331238
32.769441 -118.332195
32.769120 -118.333158
32.768814 -118.334127
32.768522 -118.335103
32.768245 -118.336084
32.767982 -118.337071
32.767734 -118.338064
32.767501 -118.339061
32.767282 -118.340063
32.767123 -118.340841
32.767063 -118.341122
32.766859 -118.342129
32.766670 -118.343139
32.766495 -118.344153
32.766419 -118.344631
32.766312 -118.345326
32.766167 -118.346347
32.766038 -118.347370
32.765924 -118.348396
32.765851 -118.349157
32.765839 -118.349224
32.765680 -118.350242
32.765536 -118.351263
32.765407 -118.352286
32.765293 -118.353312
32.765194 -118.354341
32.765110 -118.355371
32.765042 -118.356402
32.764988 -118.357435
32.764950 -118.358469
32.764927 -118.359504
32.764920 -118.360539
32.764927 -118.361573
32.764950 -118.362608
32.764988 -118.363642
32.765042 -118.364675
32.765110 -118.365707
32.765194 -118.366737
32.765293 -118.367765
32.765407 -118.368791
32.765536 -118.369815
32.765680 -118.370835
32.765839 -118.371853
32.766014 -118.372867
32.766203 -118.373877
32.766407 -118.374884
32.766626 -118.375886
32.766764 -118.376475
32.766437 -118.377251
32.766061 -118.378185
32.765966 -118.378428
32.765605 -118.379367
32.765256 -118.380316
32.764922 -118.381272
32.764601 -118.382235
32.764295 -118.383204
32.764283 -118.383244
32.764000 -118.383600
32.763410 -118.384363
32.762831 -118.385139
32.762263 -118.385926
32.761707 -118.386725
32.761479 -118.387065
32.761118 -118.387531
32.760539 -118.388306
32.759972 -118.389093
32.759416 -118.389892
32.758872 -118.390702
32.758340 -118.391523
32.757820 -118.392355
32.757312 -118.393198
32.756817 -118.394051
32.756335 -118.394914
32.755865 -118.395787
32.755409 -118.396669
32.754965 -118.397561
32.754535 -118.398462
32.754118 -118.399371
32.753714 -118.400289
32.753324 -118.401215
32.752948 -118.402149
32.752586 -118.403091
32.752237 -118.404040
32.751903 -118.404996
32.751582 -118.405959
32.751276 -118.406928
32.750985 -118.407904
32.750707 -118.408885
32.750444 -118.409872
32.750397 -118.410055
32.750355 -118.410217
32.750107 -118.411209
32.749874 -118.412207
32.749655 -118.413208
32.749451 -118.414215
32.749262 -118.415225
32.749087 -118.416239
32.748928 -118.417256
32.748784 -118.418277
32.748655 -118.419300
32.748541 -118.420326
32.748442 -118.421354
32.748358 -118.422384
32.748289 -118.423415
32.748236 -118.424448
32.748198 -118.425482
32.748175 -118.426516
32.748167 -118.427551
32.748175 -118.428585
32.748198 -118.429620
32.748236 -118.430654
32.748289 -118.431686
32.748358 -118.432718
32.748442 -118.433748
32.748541 -118.434776
32.748655 -118.435802
32.748784 -118.436825
32.748928 -118.437846
32.749087 -118.438863
32.749262 -118.439877
32.749451 -118.440887
32.749655 -118.441893
32.749874 -118.442895
32.750107 -118.443892
32.750355 -118.444884
32.750618 -118.445871
32.750895 -118.446853
32.751187 -118.447828
32.751493 -118.448797
32.751813 -118.449760
32.752148 -118.450716
32.752496 -118.451665
32.752859 -118.452607
32.753235 -118.453541
32.753625 -118.454467
32.754029 -118.455385
32.754446 -118.456294
32.754876 -118.457195
32.755319 -118.458087
32.755776 -118.458969
32.755801 -118.459016
32.756099 -118.459752
32.756489 -118.460679
32.756892 -118.461597
32.757309 -118.462506
32.757740 -118.463407
32.758183 -118.464299
32.758640 -118.465181
32.759109 -118.466054
32.759592 -118.466917
32.760087 -118.467770
32.760594 -118.468613
32.761114 -118.469445
32.761646 -118.470266
32.762190 -118.471076
32.762746 -118.471875
32.763314 -118.472662
32.763893 -118.473438
32.764484 -118.474201
32.765085 -118.474952
32.765698 -118.475690
32.766321 -118.476416
32.766955 -118.477129
32.767600 -118.477828
32.768254 -118.478514
32.768919 -118.479187
32.769593 -118.479845
32.770277 -118.480490
32.770971 -118.481120
32.771674 -118.481736
32.772385 -118.482338
32.773106 -118.482924
32.773834 -118.483496
32.774572 -118.484052
32.775317 -118.484594
32.776070 -118.485119
32.776831 -118.485629
32.777599 -118.486124
32.778375 -118.486602
32.779157 -118.487064
32.779946 -118.487511
32.780225 -118.487661
32.780228 -118.487665
32.780784 -118.488464
32.781351 -118.489251
32.781930 -118.490027
32.782521 -118.490790
32.783122 -118.491541
32.783735 -118.492280
32.784358 -118.493006
32.784992 -118.493719
32.785637 -118.494418
32.786291 -118.495105
32.786956 -118.495777
32.787631 -118.496436
32.788315 -118.497081
32.788715 -118.497448
32.788850 -118.497727
32.789294 -118.498619
32.789751 -118.499502
32.790220 -118.500375
32.790703 -118.501239
32.791198 -118.502092
32.791705 -118.502935
32.792225 -118.503767
32.792757 -118.504589
32.792996 -118.504948
32.793275 -118.505391
32.793807 -118.506212
32.794351 -118.507023
32.794907 -118.507822
32.795474 -118.508609
32.796053 -118.509385
32.796644 -118.510148
32.796724 -118.510249
32.796870 -118.510684
32.797205 -118.511640
32.797553 -118.512590
32.797916 -118.513532
32.798292 -118.514467
32.798682 -118.515393
32.799085 -118.516312
32.799502 -118.517222
32.799933 -118.518123
32.800234 -118.518732
32.800634 -118.519535
32.801090 -118.520418
32.801560 -118.521291
32.802042 -118.522155
32.802537 -118.523008
32.803045 -118.523851
32.803560 -118.524676
32.803769 -118.525196
32.804159 -118.526122
32.804563 -118.527041
32.804980 -118.527951
32.805410 -118.528852
32.805853 -118.529744
32.806310 -118.530627
32.806780 -118.531501
32.807262 -118.532364
32.807757 -118.533218
32.808265 -118.534061
32.808784 -118.534893
32.809317 -118.535715
32.809861 -118.536525
32.810417 -118.537325
32.810984 -118.538112
32.811563 -118.538888
32.812154 -118.539652
32.812755 -118.540403
32.813368 -118.541142
32.813991 -118.541868
32.814625 -118.542581
32.815270 -118.543281
32.815924 -118.543967
32.816589 -118.544640
32.817264 -118.545299
32.817730 -118.545742
32.817928 -118.545961
32.818572 -118.546661
32.819227 -118.547347
32.819891 -118.548020
32.820566 -118.548679
32.821250 -118.549324
32.821943 -118.549955
32.822646 -118.550571
32.823358 -118.551173
32.824078 -118.551760
32.824807 -118.552332
32.825544 -118.552889
32.826289 -118.553430
32.827042 -118.553956
32.827803 -118.554467
32.828571 -118.554961
32.829347 -118.555440
32.830129 -118.555903
32.830918 -118.556349
32.831714 -118.556779
32.832515 -118.557192
32.833323 -118.557589
32.834136 -118.557969
32.834955 -118.558332
32.835779 -118.558679
32.836608 -118.559008
32.837442 -118.559320
32.838280 -118.559615
32.839123 -118.559892
32.839969 -118.560152
32.840819 -118.560394
32.841673 -118.560619
32.842529 -118.560826
32.843389 -118.561015
32.844251 -118.561187
32.844409 -118.561216
32.844881 -118.561469
32.845682 -118.561882
32.846490 -118.562279
32.847303 -118.562659
32.848122 -118.563023
32.848946 -118.563369
32.849096 -118.563428
32.849450 -118.563839
32.850084 -118.564552
32.850729 -118.565253
32.851383 -118.565939
32.852048 -118.566612
32.852722 -118.567272
32.853406 -118.567917
32.854100 -118.568548
32.854802 -118.569164
32.855514 -118.569766
32.856234 -118.570354
32.856963 -118.570926
32.857700 -118.571483
32.858446 -118.572025
32.859199 -118.572551
32.859960 -118.573061
32.860132 -118.573172
32.860244 -118.573260
32.860981 -118.573817
32.861727 -118.574359
32.862480 -118.574885
32.863241 -118.575396
32.864009 -118.575891
32.864634 -118.576277
32.865024 -118.576764
32.865637 -118.577504
32.866260 -118.578230
32.866894 -118.578943
32.867444 -118.579542
32.867904 -118.580040
32.868559 -118.580727
32.869223 -118.581400
32.869898 -118.582059
32.870582 -118.582705
32.871275 -118.583336
32.871978 -118.583952
32.872689 -118.584554
32.873410 -118.585142
32.874139 -118.585714
32.874876 -118.586271
32.875621 -118.586813
32.876374 -118.587339
32.877135 -118.587850
32.877293 -118.587952
32.877840 -118.588487
32.878524 -118.589132
32.879218 -118.589764
32.879920 -118.590380
32.880632 -118.590982
32.881352 -118.591570
32.882081 -118.592142
32.882818 -118.592699
32.883564 -118.593241
32.884317 -118.593767
32.885078 -118.594278
32.885846 -118.594773
32.886621 -118.595252
32.887404 -118.595715
32.888193 -118.596162
32.888988 -118.596592
32.889790 -118.597006
32.890597 -118.597403
32.891411 -118.597783
32.892230 -118.598146
32.892778 -118.598377
32.892993 -118.598527
32.893754 -118.599038
32.894522 -118.599533
32.895297 -118.600012
32.896080 -118.600475
32.896869 -118.600922
32.897664 -118.601352
32.898466 -118.601766
32.899273 -118.602163
32.900087 -118.602543
32.900906 -118.602907
32.901730 -118.603253
32.902297 -118.603479
32.902329 -118.603492
32.903158 -118.603821
32.903992 -118.604134
32.904830 -118.604428
32.905672 -118.604706
32.906519 -118.604966
32.907369 -118.605209
32.908222 -118.605434
32.909079 -118.605641
32.909939 -118.605830
32.910801 -118.606002
32.911666 -118.606156
32.912532 -118.606292
32.913401 -118.606409
32.914271 -118.606509
32.915143 -118.606591
32.916016 -118.606655
32.916889 -118.606701
32.917149 -118.606711
32.917189 -118.606727
32.918023 -118.607039
32.918861 -118.607334
32.919704 -118.607612
32.920550 -118.607872
32.920617 -118.607891
32.921280 -118.608153
32.922113 -118.608466
32.922952 -118.608761
32.923794 -118.609038
32.924640 -118.609298
32.925491 -118.609541
32.925732 -118.609606
32.926402 -118.610261
32.927086 -118.610907
32.927779 -118.611539
32.928482 -118.612156
32.929193 -118.612758
32.929642 -118.613124
32.929774 -118.613238
32.930105 -118.613594
32.930760 -118.614282
32.931424 -118.614956
32.932099 -118.615615
32.932783 -118.616261
32.933476 -118.616893
32.934179 -118.617510
32.934891 -118.618112
32.934983 -118.618188
32.935604 -118.618774
32.936298 -118.619406
32.936615 -118.619687
32.936699 -118.619771
32.937373 -118.620431
32.938057 -118.621077
32.938751 -118.621708
32.939453 -118.622325
32.940165 -118.622928
32.940885 -118.623516
32.941614 -118.624088
32.942351 -118.624646
32.943097 -118.625188
32.943850 -118.625715
32.944610 -118.626226
32.945379 -118.626721
32.946154 -118.627200
32.946936 -118.627664
32.947725 -118.628111
32.948521 -118.628541
32.949322 -118.628955
32.950130 -118.629352
32.950943 -118.629733
32.951762 -118.630097
32.952586 -118.630443
32.953415 -118.630773
32.954249 -118.631085
32.955087 -118.631381
32.955930 -118.631658
32.956683 -118.631891
32.956839 -118.631955
32.957668 -118.632284
32.958502 -118.632597
32.959340 -118.632892
32.959534 -118.632958
32.960098 -118.633233
32.960911 -118.633614
32.961730 -118.633978
32.962554 -118.634324
32.963383 -118.634654
32.964217 -118.634966
32.965055 -118.635262
32.965898 -118.635539
32.966744 -118.635799
32.967594 -118.636042
32.968448 -118.636267
32.969304 -118.636475
32.970164 -118.636664
32.971026 -118.636836
32.971543 -118.636928
32.971969 -118.637752
32.972438 -118.638627
32.972921 -118.639492
32.973416 -118.640347
32.973923 -118.641192
32.974443 -118.642026
32.974975 -118.642849
32.975519 -118.643661
32.976075 -118.644462
32.976642 -118.645251
32.977222 -118.646028
32.977812 -118.646793
32.978414 -118.647546
32.979026 -118.648286
32.979650 -118.649013
32.980027 -118.649442
32.980378 -118.649834
32.981022 -118.650535
32.981677 -118.651223
32.982341 -118.651897
32.983016 -118.652557
32.983700 -118.653203
32.984393 -118.653835
32.985096 -118.654452
32.985807 -118.655055
32.986528 -118.655643
32.987257 -118.656216
32.987994 -118.656774
32.988739 -118.657317
32.989492 -118.657844
32.990253 -118.658355
32.991021 -118.658851
32.991797 -118.659330
32.992579 -118.659794
32.993368 -118.660241
32.994163 -118.660671
32.994965 -118.661086
32.995533 -118.661367
32.995849 -118.661521
32.996663 -118.661901
32.997482 -118.662265
32.998306 -118.662612
32.999135 -118.662942
32.999968 -118.663255
33.000807 -118.663550
33.001649 -118.663828
33.002495 -118.664088
33.003345 -118.664331
33.004199 -118.664556
33.005056 -118.664763
33.005092 -118.664772
33.005150 -118.664785
33.006010 -118.664975
33.006872 -118.665147
33.007737 -118.665301
33.008604 -118.665437
33.008732 -118.665455
33.009129 -118.665730
33.009890 -118.666242
33.010658 -118.666737
33.011433 -118.667217
33.012216 -118.667681
33.013005 -118.668128
33.013800 -118.668559
33.014503 -118.668923
33.014643 -118.668994
33.015451 -118.669392
33.016264 -118.669773
33.017083 -118.670137
33.017907 -118.670484
33.018736 -118.670813
33.019570 -118.671126
33.020408 -118.671421
33.021250 -118.671699
33.022097 -118.671960
33.022947 -118.672203
33.023800 -118.672428
33.024657 -118.672635
33.025517 -118.672825
33.026379 -118.672997
33.027244 -118.673151
33.028110 -118.673287
33.028979 -118.673405
33.029849 -118.673505
33.030721 -118.673587
33.031594 -118.673651
33.032467 -118.673697
33.033341 -118.673725
33.034216 -118.673734
33.035090 -118.673726
33.035964 -118.673699
33.036837 -118.673655
33.037710 -118.673592
33.038582 -118.673511
33.039452 -118.673412
33.040321 -118.673295
33.041188 -118.673160
33.042053 -118.673007
33.042915 -118.672836
33.043775 -118.672648
33.044632 -118.672441
33.045486 -118.672217
33.046336 -118.671975
33.047182 -118.671716
33.048025 -118.671439
33.048864 -118.671145
33.049698 -118.670833
33.050527 -118.670504
33.051351 -118.670158
33.052170 -118.669795
33.052984 -118.669415
33.053792 -118.669018
33.054594 -118.668605
33.055390 -118.668175
33.056179 -118.667728
33.056962 -118.667265
33.057738 -118.666786
33.058506 -118.666292
33.059267 -118.665781
33.060021 -118.665254
33.060767 -118.664712
33.061504 -118.664155
33.062234 -118.663582
33.062955 -118.662994
33.063667 -118.662392
33.064370 -118.661774
33.064544 -118.661618
33.065114 -118.661097
33.065798 -118.660451
33.066473 -118.659791
33.067138 -118.659117
33.067793 -118.658429
33.068438 -118.657728
33.069073 -118.657014
33.069697 -118.656286
33.070310 -118.655546
33.070912 -118.654793
33.071503 -118.654027
33.072082 -118.653250
33.072650 -118.652460
33.073207 -118.651659
33.073751 -118.650847
33.074284 -118.650023
33.074804 -118.649188
33.075312 -118.648343
33.075808 -118.647488
33.076290 -118.646622
33.076760 -118.645746
33.077217 -118.644861
33.077661 -118.643966
33.078092 -118.643062
33.078510 -118.642150
33.078913 -118.641229
33.079304 -118.640299
33.079680 -118.639362
33.080043 -118.638417
33.080392 -118.637465
33.080727 -118.636505
33.081047 -118.635539
33.081354 -118.634566
33.081646 -118.633587
33.081923 -118.632603
33.082186 -118.631612
33.082425 -118.630656
33.082484 -118.630415
33.082718 -118.629414
33.082937 -118.628409
33.083141 -118.627399
33.083330 -118.626385
33.083505 -118.625367
33.083664 -118.624346
33.083809 -118.623322
33.083938 -118.622295
33.084052 -118.621265
33.084151 -118.620233
33.084235 -118.619199
33.084304 -118.618164
33.084357 -118.617127
33.084395 -118.616089
33.084402 -118.615834
33.084422 -118.614898
33.084430 -118.613860
33.084429 -118.613596
33.084480 -118.613445
33.084639 -118.612984
33.084959 -118.612017
33.085266 -118.611045
33.085558 -118.610066
33.085835 -118.609081
33.086098 -118.608090
33.086347 -118.607094
33.086581 -118.606094
33.086800 -118.605088
33.087004 -118.604078
33.087193 -118.603064
33.087368 -118.602046
33.087527 -118.601025
33.087659 -118.600095
33.087710 -118.599718
33.087839 -118.598691
33.087954 -118.597661
33.088053 -118.596629
33.088137 -118.595595
33.088205 -118.594560
33.088259 -118.593523
33.088297 -118.592485
33.088320 -118.591447
33.088327 -118.590408
33.088320 -118.589370
33.088297 -118.588331
33.088259 -118.587294
33.088205 -118.586257
33.088137 -118.585222
33.088053 -118.584188
33.087954 -118.583156
33.087839 -118.582126
33.087710 -118.581099
33.087566 -118.580074
33.087406 -118.579053
33.087232 -118.578035
33.087043 -118.577021
33.086838 -118.576011
33.086619 -118.575006
33.086386 -118.574005
33.086137 -118.573009
33.085874 -118.572019
33.085596 -118.571034
33.085411 -118.570407
33.085190 -118.569669
33.084883 -118.568696
33.084563 -118.567730
33.328327 -119.494310
33.327783 -119.493495
33.327226 -119.492692
33.326658 -119.491900
33.326079 -119.491120
33.325488 -119.490353
33.325338 -119.490162
33.325285 -119.490079
33.324753 -119.489253
33.324208 -119.488438
33.323652 -119.487635
33.323084 -119.486843
33.322504 -119.486063
33.321913 -119.485296
33.321311 -119.484540
33.320698 -119.483798
33.320567 -119.483643
33.320562 -119.483623
33.320284 -119.482636
33.319992 -119.481654
33.319686 -119.480679
33.319365 -119.479710
33.319031 -119.478748
33.318682 -119.477793
33.318319 -119.476845
33.317943 -119.475905
33.317552 -119.474974
33.317148 -119.474050
33.316731 -119.473135
33.316300 -119.472229
33.316108 -119.471836
33.315914 -119.471009
33.315666 -119.470011
33.315403 -119.469018
33.315125 -119.468030
33.314833 -119.467049
33.314527 -119.466073
33.314206 -119.465105
33.313871 -119.464143
33.313523 -119.463188
33.313160 -119.462240
33.312833 -119.461422
33.312828 -119.461409
33.312564 -119.460755
33.312173 -119.459823
33.311769 -119.458900
33.311352 -119.457985
33.310921 -119.457078
33.310477 -119.456181
33.310020 -119.455294
33.309550 -119.454416
33.309067 -119.453548
33.308572 -119.452690
33.308337 -119.452294
33.308286 -119.452027
33.308082 -119.451014
33.307863 -119.450006
33.307629 -119.449003
33.307380 -119.448005
33.307117 -119.447012
33.306840 -119.446024
33.306548 -119.445043
33.306242 -119.444068
33.305969 -119.443240
33.305887 -119.442999
33.305552 -119.442037
33.305204 -119.441082
33.304841 -119.440135
33.304464 -119.439195
33.304074 -119.438263
33.303670 -119.437340
33.303253 -119.436425
33.302822 -119.435519
33.302378 -119.434622
33.301921 -119.433734
33.301451 -119.432856
33.300968 -119.431988
33.300473 -119.431130
33.299965 -119.430283
33.299871 -119.430130
33.299749 -119.429888
33.299292 -119.429000
33.298822 -119.428122
33.298340 -119.427254
33.297844 -119.426397
33.297336 -119.425549
33.296816 -119.424712
33.296283 -119.423887
33.295739 -119.423072
33.295183 -119.422269
33.294614 -119.421478
33.294035 -119.420698
33.293444 -119.419931
33.292842 -119.419176
33.292229 -119.418434
33.291605 -119.417704
33.290970 -119.416988
33.290326 -119.416285
33.289671 -119.415596
33.289005 -119.414920
33.288834 -119.414749
33.288714 -119.414629
33.288039 -119.413967
33.287791 -119.413730
33.287488 -119.413425
33.286813 -119.412763
33.286531 -119.412493
33.286318 -119.412264
33.285663 -119.411574
33.285518 -119.411426
33.285105 -119.410832
33.284537 -119.410041
33.284301 -119.409720
33.284272 -119.409665
33.283802 -119.408787
33.283319 -119.407919
33.282824 -119.407062
33.282316 -119.406214
33.281796 -119.405378
33.281263 -119.404552
33.280719 -119.403738
33.280162 -119.402935
33.279594 -119.402144
33.279015 -119.401364
33.278424 -119.400597
33.277822 -119.399842
33.277209 -119.399100
33.276585 -119.398371
33.275950 -119.397655
33.275306 -119.396952
33.274650 -119.396263
33.273985 -119.395587
33.273979 -119.395581
33.273974 -119.395569
33.273780 -119.395100
33.273479 -119.394386
33.273076 -119.393463
33.272658 -119.392549
33.272227 -119.391643
33.271783 -119.390746
33.271326 -119.389859
33.270856 -119.388981
33.270374 -119.388114
33.269878 -119.387256
33.269370 -119.386409
33.268850 -119.385572
33.268317 -119.384747
33.267773 -119.383933
33.267217 -119.383130
33.266648 -119.382339
33.266069 -119.381559
33.265478 -119.380792
33.264876 -119.380038
33.264263 -119.379296
33.263639 -119.378566
33.263005 -119.377850
33.262360 -119.377148
33.261705 -119.376458
33.261039 -119.375783
33.260365 -119.375121
33.259680 -119.374474
33.259526 -119.374331
33.259445 -119.374255
33.258751 -119.373622
33.258048 -119.373004
33.257336 -119.372400
33.256615 -119.371811
33.255886 -119.371237
33.255148 -119.370678
33.254402 -119.370135
33.253649 -119.369607
33.252888 -119.369095
33.252119 -119.368599
33.251343 -119.368119
33.250561 -119.367655
33.249771 -119.367208
33.248976 -119.366777
33.248174 -119.366362
33.247366 -119.365965
33.246552 -119.365584
33.245733 -119.365220
33.244909 -119.364873
33.244079 -119.364543
33.243245 -119.364231
33.242407 -119.363936
33.241564 -119.363659
33.240718 -119.363399
33.239867 -119.363156
33.239014 -119.362932
33.238157 -119.362725
33.237297 -119.362536
33.236435 -119.362365
33.235570 -119.362211
33.234703 -119.362076
33.233834 -119.361959
33.232964 -119.361860
33.232092 -119.361779
33.231219 -119.361716
33.230346 -119.361671
33.229472 -119.361644
33.228598 -119.361636
33.228249 -119.361638
33.227439 -119.361647
33.226565 -119.361675
33.225691 -119.361721
33.224818 -119.361785
33.223947 -119.361867
33.223077 -119.361968
33.222208 -119.362086
33.221341 -119.362222
33.220477 -119.362377
33.219614 -119.362549
33.218755 -119.362739
33.217898 -119.362947
33.217045 -119.363173
33.216195 -119.363416
33.215348 -119.363677
33.214506 -119.363956
33.213668 -119.364252
33.212834 -119.364565
33.212005 -119.364895
33.211181 -119.365243
33.210362 -119.365608
33.209549 -119.365990
33.208741 -119.366388
33.207940 -119.366803
33.207144 -119.367235
33.206355 -119.367683
33.205573 -119.368148
33.204798 -119.368629
33.204029 -119.369125
33.203269 -119.369638
33.202516 -119.370166
33.201770 -119.370710
33.201033 -119.371269
33.200304 -119.371844
33.199584 -119.372433
33.198872 -119.373038
33.198170 -119.373656
33.197476 -119.374290
33.196792 -119.374938
33.196118 -119.375600
33.195453 -119.376275
33.194799 -119.376965
33.194154 -119.377668
33.193520 -119.378384
33.192897 -119.379113
33.192285 -119.379855
33.191683 -119.380609
33.191093 -119.381376
33.190513 -119.382155
33.189946 -119.382946
33.189390 -119.383749
33.188846 -119.384563
33.188314 -119.385388
33.187794 -119.386224
33.187287 -119.387071
33.186792 -119.387928
33.186309 -119.388795
33.185919 -119.389522
33.185698 -119.389940
33.185241 -119.390826
33.184798 -119.391723
33.184367 -119.392628
33.183950 -119.393542
33.183547 -119.394464
33.183157 -119.395395
33.182781 -119.396333
33.182418 -119.397280
33.182070 -119.398233
33.181735 -119.399194
33.181415 -119.400161
33.181156 -119.400984
33.181098 -119.401170
33.180969 -119.401358
33.180425 -119.402172
33.179893 -119.402997
33.179373 -119.403833
33.178866 -119.404680
33.178371 -119.405537
33.177888 -119.406404
33.177419 -119.407281
33.176962 -119.408168
33.176519 -119.409064
33.176088 -119.409969
33.175671 -119.410882
33.175268 -119.411805
33.174878 -119.412735
33.174502 -119.413674
33.174139 -119.414620
33.173791 -119.415574
33.173457 -119.416534
33.173136 -119.417502
33.172830 -119.418475
33.172539 -119.419456
33.172261 -119.420441
33.171998 -119.421433
33.171750 -119.422430
33.171517 -119.423432
33.171298 -119.424438
33.171094 -119.425449
33.170905 -119.426464
33.170731 -119.427483
33.170571 -119.428505
33.170474 -119.429185
33.170393 -119.429770
33.170366 -119.429923
33.170191 -119.430942
33.170032 -119.431964
33.169888 -119.432989
33.169759 -119.434018
33.169645 -119.435048
33.169630 -119.435195
33.169442 -119.435799
33.169150 -119.436779
33.168873 -119.437765
33.168839 -119.437891
33.168664 -119.438518
33.168401 -119.439510
33.168153 -119.440506
33.167920 -119.441508
33.167701 -119.442515
33.167497 -119.443526
33.167308 -119.444541
33.167134 -119.445559
33.167036 -119.446177
33.166894 -119.447091
33.166750 -119.448116
33.166620 -119.449145
33.166506 -119.450175
33.166407 -119.451208
33.166324 -119.452243
33.166290 -119.452727
33.166160 -119.453334
33.165956 -119.454345
33.165767 -119.455360
33.165592 -119.456379
33.165501 -119.456954
33.165423 -119.457423
33.165263 -119.458445
33.165155 -119.459206
33.165042 -119.460015
33.165032 -119.460091
33.164959 -119.460623
33.164830 -119.461652
33.164716 -119.462682
33.164617 -119.463715
33.164533 -119.464750
33.164465 -119.465786
33.164411 -119.466824
33.164373 -119.467863
33.164350 -119.468902
33.164343 -119.469941
33.164350 -119.470981
33.164373 -119.472020
33.164411 -119.473059
33.164465 -119.474096
33.164518 -119.474925
33.164572 -119.475713
33.164656 -119.476748
33.164755 -119.477781
33.164869 -119.478811
33.164998 -119.479840
33.165142 -119.480865
33.165301 -119.481887
33.165475 -119.482906
33.165665 -119.483921
33.165736 -119.484286
33.165822 -119.485042
33.165951 -119.486070
33.166095 -119.487095
33.166254 -119.488117
33.166428 -119.489136
33.166618 -119.490151
33.166822 -119.491162
33.167040 -119.492169
33.167274 -119.493170
33.167522 -119.494167
33.167785 -119.495159
33.168062 -119.496145
33.168194 -119.496594
33.168198 -119.496956
33.168221 -119.497995
33.168259 -119.499034
33.168273 -119.499330
33.168326 -119.500368
33.168395 -119.501404
33.168479 -119.502439
33.168577 -119.503472
33.168691 -119.504503
33.168821 -119.505531
33.168965 -119.506556
33.169124 -119.507579
33.169298 -119.508597
33.169487 -119.509612
33.169691 -119.510623
33.169910 -119.511630
33.170144 -119.512632
33.170392 -119.513629
33.170655 -119.514620
33.170932 -119.515606
33.171224 -119.516586
33.171360 -119.517026
33.171502 -119.517525
33.171794 -119.518506
33.172100 -119.519479
33.172220 -119.519848
33.172388 -119.520611
33.172621 -119.521613
33.172869 -119.522610
33.173132 -119.523602
33.173409 -119.524588
33.173701 -119.525568
33.174007 -119.526542
33.174327 -119.527509
33.174662 -119.528470
33.174769 -119.528768
33.174976 -119.529655
33.175225 -119.530652
33.175487 -119.531643
33.175765 -119.532629
33.176056 -119.533609
33.176362 -119.534583
33.176683 -119.535551
33.177017 -119.536511
33.177366 -119.537465
33.177728 -119.538411
33.178104 -119.539350
33.178494 -119.540280
33.178898 -119.541203
33.179315 -119.542117
33.179745 -119.543022
33.180188 -119.543918
33.180645 -119.544804
33.181115 -119.545681
33.181597 -119.546549
33.181765 -119.546843
33.181832 -119.547849
33.181916 -119.548884
33.182015 -119.549918
33.182025 -119.550023
33.182067 -119.550434
33.182181 -119.551465
33.182310 -119.552493
33.182454 -119.553519
33.182613 -119.554541
33.182788 -119.555560
33.182977 -119.556575
33.183113 -119.557259
33.183188 -119.557650
33.183392 -119.558661
33.183610 -119.559668
33.183844 -119.560670
33.184092 -119.561667
33.184355 -119.562659
33.184632 -119.563645
33.184924 -119.564625
33.185230 -119.565599
33.185460 -119.566298
33.185538 -119.566558
33.185844 -119.567532
33.186165 -119.568499
33.186499 -119.569460
33.186848 -119.570414
33.187210 -119.571360
33.187586 -119.572298
33.187976 -119.573229
33.188380 -119.574152
33.188579 -119.574592
33.188914 -119.575324
33.189344 -119.576230
33.189788 -119.577126
33.190244 -119.578012
33.190714 -119.578890
33.191196 -119.579757
33.191691 -119.580614
33.192199 -119.581461
33.192719 -119.582297
33.193251 -119.583122
33.193795 -119.583936
33.194351 -119.584739
33.194918 -119.585530
33.195497 -119.586309
33.196088 -119.587076
33.196689 -119.587831
33.197302 -119.588573
33.197925 -119.589302
33.198559 -119.590018
33.199049 -119.590555
33.199438 -119.591156
33.199982 -119.591970
33.200538 -119.592772
33.201106 -119.593563
33.201685 -119.594343
33.202275 -119.595110
33.202877 -119.595864
33.203489 -119.596606
33.204113 -119.597336
33.204549 -119.597831
33.204884 -119.598329
33.204886 -119.598332
33.205014 -119.598568
33.205496 -119.599435
33.205991 -119.600293
33.206499 -119.601139
33.207019 -119.601976
33.207551 -119.602801
33.208095 -119.603615
33.208651 -119.604418
33.209218 -119.605209
33.209797 -119.605988
33.210388 -119.606756
33.210989 -119.607510
33.211602 -119.608252
33.212225 -119.608982
33.212859 -119.609698
33.213504 -119.610401
33.214158 -119.611091
33.214823 -119.611766
33.215497 -119.612428
33.216181 -119.613076
33.216875 -119.613710
33.217577 -119.614329
33.218289 -119.614933
33.219009 -119.615523
33.219738 -119.616098
33.220475 -119.616657
33.221220 -119.617201
33.221973 -119.617729
33.222734 -119.618242
33.223502 -119.618739
33.224278 -119.619220
33.225060 -119.619684
33.225849 -119.620133
33.226644 -119.620564
33.227446 -119.620980
33.228253 -119.621378
33.228636 -119.621558
33.228694 -119.621776
33.228971 -119.622762
33.229263 -119.623743
33.229569 -119.624717
33.229889 -119.625686
33.230223 -119.626647
33.230572 -119.627601
33.230934 -119.628548
33.231310 -119.629487
33.231700 -119.630418
33.232104 -119.631341
33.232521 -119.632255
33.232951 -119.633161
33.233395 -119.634057
33.233851 -119.634945
33.234321 -119.635822
33.234803 -119.636690
33.235298 -119.637548
33.235806 -119.638395
33.236326 -119.639231
33.236858 -119.640057
33.237402 -119.640872
33.237957 -119.641675
33.238525 -119.642466
33.239104 -119.643245
33.239695 -119.644013
33.240296 -119.644768
33.240909 -119.645510
33.241532 -119.646240
33.242166 -119.646956
33.242810 -119.647660
33.243465 -119.648349
33.244130 -119.649025
33.244804 -119.649688
33.245488 -119.650336
33.245622 -119.650460
33.245626 -119.650464
33.246310 -119.651112
33.247004 -119.651746
33.247706 -119.652365
33.248418 -119.652970
33.249138 -119.653560
33.249867 -119.654134
33.250604 -119.654694
33.251349 -119.655238
33.252102 -119.655767
33.252863 -119.656280
33.253631 -119.656777
33.254407 -119.657258
33.255189 -119.657722
33.255978 -119.658171
33.256773 -119.658603
33.257575 -119.659018
33.258382 -119.659417
33.259196 -119.659799
33.260015 -119.660164
33.260839 -119.660512
33.261668 -119.660843
33.262501 -119.661156
33.263339 -119.661452
33.264182 -119.661731
33.265028 -119.661992
33.265878 -119.662236
33.266732 -119.662461
33.267588 -119.662669
33.267865 -119.662733
33.268280 -119.662831
33.269139 -119.663021
33.270002 -119.663194
33.270866 -119.663348
33.271733 -119.663485
33.272602 -119.663603
33.273472 -119.663703
33.274343 -119.663786
33.275216 -119.663850
33.276090 -119.663896
33.276964 -119.663924
33.277838 -119.663933
33.278712 -119.663925
33.279586 -119.663898
33.280460 -119.663853
33.281332 -119.663790
33.282204 -119.663709
33.283074 -119.663610
33.283943 -119.663493
33.284810 -119.663358
33.285675 -119.663204
33.286537 -119.663033
33.287397 -119.662844
33.288254 -119.662637
33.289107 -119.662412
33.289958 -119.662170
33.290804 -119.661910
33.291647 -119.661632
33.292485 -119.661337
33.293319 -119.661024
33.294149 -119.660695
33.294973 -119.660348
33.295792 -119.659983
33.296606 -119.659602
33.297414 -119.659204
33.298216 -119.658790
33.299011 -119.658359
33.299801 -119.657911
33.300583 -119.657447
33.301359 -119.656966
33.302128 -119.656470
33.302889 -119.655958
33.303642 -119.655430
33.304388 -119.654886
33.305126 -119.654327
33.305855 -119.653753
33.306576 -119.653164
33.307288 -119.652559
33.307991 -119.651940
33.308685 -119.651307
33.309369 -119.650659
33.310044 -119.649997
33.310709 -119.649321
33.311364 -119.648631
33.312009 -119.647928
33.312643 -119.647212
33.313267 -119.646482
33.313880 -119.645740
33.314482 -119.644985
33.315073 -119.644217
33.315653 -119.643438
33.316221 -119.642646
33.316777 -119.641843
33.317322 -119.641028
33.317854 -119.640202
33.318375 -119.639365
33.318883 -119.638517
33.319378 -119.637659
33.319861 -119.636791
33.320331 -119.635913
33.320788 -119.635025
33.321232 -119.634128
33.321663 -119.633222
33.322080 -119.632307
33.322484 -119.631383
33.322874 -119.630451
33.323251 -119.629511
33.323614 -119.628564
33.323962 -119.627609
33.324297 -119.626647
33.324618 -119.625678
33.324924 -119.624702
33.325216 -119.623721
33.325494 -119.622733
33.325757 -119.621740
33.326005 -119.620741
33.326239 -119.619738
33.326458 -119.618730
33.326662 -119.617717
33.326852 -119.616700
33.327026 -119.615680
33.327185 -119.614656
33.327330 -119.613628
33.327459 -119.612598
33.327573 -119.611566
33.327672 -119.610531
33.327756 -119.609494
33.327825 -119.608456
33.327878 -119.607417
33.327916 -119.606376
33.327939 -119.605335
33.327947 -119.604293
33.327939 -119.603252
33.327916 -119.602211
33.327878 -119.601170
33.327825 -119.600131
33.327756 -119.599093
33.327672 -119.598056
33.327573 -119.597021
33.327459 -119.595988
33.327330 -119.594958
33.327185 -119.593931
33.327026 -119.592907
33.327001 -119.592758
33.327151 -119.592065
33.327355 -119.591052
33.327545 -119.590035
33.327719 -119.589015
33.327879 -119.587991
33.328023 -119.586963
33.328152 -119.585933
33.328266 -119.584901
33.328366 -119.583866
33.328449 -119.582829
33.328518 -119.581791
33.328571 -119.580752
33.328610 -119.579711
33.328632 -119.578670
33.328640 -119.577628
33.328632 -119.576587
33.328610 -119.575546
33.328571 -119.574505
33.328518 -119.573466
33.328449 -119.572427
33.328366 -119.571391
33.328293 -119.570613
33.328604 -119.570070
33.329087 -119.569202
33.329557 -119.568324
33.330014 -119.567436
33.330458 -119.566539
33.330888 -119.565632
33.331306 -119.564717
33.331710 -119.563793
33.332100 -119.562861
33.332477 -119.561921
33.332839 -119.560974
33.333188 -119.560019
33.333523 -119.559057
33.333844 -119.558088
33.333867 -119.558014
33.333916 -119.557895
33.334293 -119.556955
33.334655 -119.556008
33.335004 -119.555053
33.335339 -119.554090
33.335659 -119.553121
33.335966 -119.552146
33.336258 -119.551164
33.336535 -119.550176
33.336798 -119.549183
33.337047 -119.548184
33.337281 -119.547181
33.337500 -119.546172
33.337704 -119.545159
33.337893 -119.544143
33.338068 -119.543122
33.338227 -119.542098
33.338371 -119.541070
33.338501 -119.540040
33.338615 -119.539008
33.338714 -119.537973
33.338798 -119.536936
33.338866 -119.535897
33.338920 -119.534858
33.338958 -119.533817
33.338981 -119.532776
33.338989 -119.531734
33.338981 -119.530693
33.338958 -119.529651
33.338920 -119.528611
33.338870 -119.527631
33.338830 -119.526886
33.338761 -119.525847
33.338678 -119.524811
33.338579 -119.523776
33.338464 -119.522743
33.338335 -119.521713
33.338191 -119.520686
33.338031 -119.519661
33.337857 -119.518641
33.337668 -119.517624
33.337463 -119.516611
33.337244 -119.515603
33.337011 -119.514599
33.336762 -119.513600
33.336499 -119.512607
33.336221 -119.511619
33.335929 -119.510637
33.335623 -119.509662
33.335303 -119.508693
33.334968 -119.507731
33.334619 -119.506776
33.334256 -119.505828
33.333880 -119.504888
33.333489 -119.503956
33.333085 -119.503032
33.332668 -119.502117
33.332237 -119.501211
33.331793 -119.500313
33.331336 -119.499425
33.330866 -119.498547
33.330383 -119.497679
33.329888 -119.496821
33.329380 -119.495973
33.328860 -119.495136
33.328327 -119.494310
33.412988 -119.048474
33.412981 -119.049517
33.412988 -119.050559
33.413011 -119.051601
33.413049 -119.052643
33.413103 -119.053684
33.413171 -119.054723
33.413255 -119.055761
33.413354 -119.056796
33.413468 -119.057830
33.413597 -119.058861
33.413741 -119.059889
33.413901 -119.060914
33.414075 -119.061936
33.414264 -119.062954
33.414468 -119.063968
33.414595 -119.064561
33.414725 -119.065153
33.414958 -119.066157
33.415207 -119.067157
33.415469 -119.068151
33.415747 -119.069140
33.416038 -119.070123
33.416344 -119.071100
33.416665 -119.072070
33.416999 -119.073033
33.417347 -119.073989
33.417710 -119.074938
33.418086 -119.075879
33.418476 -119.076812
33.418879 -119.077737
33.419296 -119.078653
33.419727 -119.079561
33.420170 -119.080459
33.420627 -119.081349
33.421096 -119.082228
33.421579 -119.083098
33.422074 -119.083957
33.422581 -119.084806
33.423101 -119.085644
33.423633 -119.086472
33.424177 -119.087288
33.424733 -119.088093
33.425300 -119.088886
33.425879 -119.089667
33.426470 -119.090436
33.427071 -119.091193
33.427684 -119.091937
33.428307 -119.092668
33.428941 -119.093386
33.429586 -119.094091
33.430240 -119.094782
33.430905 -119.095459
33.431579 -119.096123
33.432032 -119.096556
33.432287 -119.096796
33.432981 -119.097431
33.433683 -119.098051
33.434395 -119.098657
33.435115 -119.099248
33.435844 -119.099824
33.436581 -119.100385
33.437326 -119.100930
33.438079 -119.101460
33.438840 -119.101974
33.438860 -119.101987
33.438998 -119.102079
33.439766 -119.102577
33.440542 -119.103059
33.441324 -119.103525
33.442113 -119.103974
33.442908 -119.104407
33.443710 -119.104824
33.444517 -119.105223
33.445331 -119.105606
33.446149 -119.105972
33.446973 -119.106320
33.447802 -119.106652
33.448636 -119.106966
33.448881 -119.107055
33.448922 -119.107070
33.449760 -119.107367
33.450603 -119.107646
33.451449 -119.107908
33.452299 -119.108152
33.453152 -119.108378
33.454009 -119.108586
33.454869 -119.108777
33.455731 -119.108950
33.456595 -119.109105
33.457462 -119.109241
33.458331 -119.109360
33.459201 -119.109460
33.459765 -119.109516
33.460366 -119.109571
33.461239 -119.109635
33.462112 -119.109681
33.462986 -119.109709
33.463860 -119.109719
33.464048 -119.109718
33.464066 -119.109718
33.464155 -119.109719
33.465029 -119.109710
33.465903 -119.109683
33.466777 -119.109639
33.467629 -119.109577
33.467928 -119.109553
33.468800 -119.109472
33.469670 -119.109373
33.470539 -119.109255
33.471406 -119.109120
33.472271 -119.108966
33.473133 -119.108794
33.473993 -119.108605
33.474685 -119.108439
33.475481 -119.108530
33.476353 -119.108613
33.476928 -119.108657
33.477276 -119.108680
33.478149 -119.108727
33.479023 -119.108754
33.479897 -119.108764
33.480772 -119.108756
33.481646 -119.108729
33.482519 -119.108684
33.483392 -119.108621
33.484263 -119.108540
33.485134 -119.108440
33.486002 -119.108323
33.486869 -119.108187
33.487734 -119.108034
33.488596 -119.107862
33.489456 -119.107672
33.490313 -119.107465
33.490373 -119.107450
33.490496 -119.107419
33.491350 -119.107193
33.492200 -119.106950
33.493047 -119.106690
33.493889 -119.106411
33.494728 -119.106116
33.495562 -119.105802
33.495620 -119.105780
33.496073 -119.105638
33.496915 -119.105360
33.497619 -119.105113
33.497712 -119.105081
33.498551 -119.104785
33.499384 -119.104472
33.500214 -119.104141
33.501038 -119.103794
33.501857 -119.103429
33.502671 -119.103047
33.503479 -119.102648
33.504281 -119.102232
33.505076 -119.101800
33.505866 -119.101351
33.506118 -119.101203
33.506685 -119.100864
33.507461 -119.100383
33.508230 -119.099885
33.508991 -119.099372
33.509744 -119.098842
33.510490 -119.098297
33.511228 -119.097737
33.511957 -119.097162
33.512678 -119.096571
33.513390 -119.095965
33.514093 -119.095345
33.514786 -119.094710
33.515471 -119.094060
33.516146 -119.093397
33.516811 -119.092719
33.517466 -119.092028
33.518111 -119.091323
33.518745 -119.090605
33.519369 -119.089874
33.519982 -119.089129
33.520338 -119.088685
33.520620 -119.088328
33.521210 -119.087559
33.521790 -119.086777
33.522358 -119.085984
33.522914 -119.085178
33.523459 -119.084362
33.523991 -119.083534
33.524512 -119.082695
33.525020 -119.081845
33.525515 -119.080985
33.525998 -119.080115
33.526468 -119.079235
33.526925 -119.078345
33.527369 -119.077446
33.527565 -119.077036
33.527820 -119.076495
33.528237 -119.075578
33.528641 -119.074652
33.529031 -119.073718
33.529408 -119.072776
33.529771 -119.071826
33.530119 -119.070869
33.530454 -119.069904
33.530775 -119.068933
33.531081 -119.067955
33.531373 -119.066971
33.531651 -119.065982
33.531914 -119.064986
33.532162 -119.063985
33.532396 -119.062979
33.532615 -119.061968
33.532819 -119.060953
33.532888 -119.060592
33.532912 -119.060471
33.533252 -119.059579
33.533601 -119.058622
33.533935 -119.057658
33.534256 -119.056687
33.534562 -119.055709
33.534854 -119.054725
33.535132 -119.053735
33.535395 -119.052739
33.535643 -119.051738
33.535839 -119.050903
33.535988 -119.050420
33.536280 -119.049436
33.536502 -119.048646
33.536611 -119.048251
33.536874 -119.047256
33.537123 -119.046255
33.537356 -119.045249
33.537575 -119.044238
33.537584 -119.044196
33.537627 -119.043994
33.537831 -119.042979
33.538020 -119.041960
33.538195 -119.040937
33.538354 -119.039910
33.538499 -119.038881
33.538628 -119.037848
33.538742 -119.036813
33.538841 -119.035776
33.538925 -119.034736
33.538994 -119.033696
33.539047 -119.032654
33.539085 -119.031611
33.539089 -119.031484
33.539110 -119.030492
33.539118 -119.029448
33.539110 -119.028404
33.539087 -119.027361
33.539049 -119.026318
33.538996 -119.025275
33.538927 -119.024235
33.538843 -119.023195
33.538744 -119.022158
33.538630 -119.021123
33.538501 -119.020091
33.538356 -119.019061
33.538197 -119.018034
33.538022 -119.017011
33.537833 -119.015992
33.537629 -119.014977
33.537410 -119.013966
33.537176 -119.012960
33.536928 -119.011959
33.536665 -119.010964
33.536387 -119.009974
33.536095 -119.008990
33.535789 -119.008012
33.535468 -119.007041
33.535133 -119.006076
33.534785 -119.005119
33.534604 -119.004641
33.534555 -119.004502
33.534206 -119.003545
33.533843 -119.002595
33.533467 -119.001653
33.533077 -119.000719
33.532673 -118.999793
33.532255 -118.998876
33.531825 -118.997967
33.531381 -118.997068
33.530924 -118.996178
33.530454 -118.995298
33.529971 -118.994427
33.529475 -118.993567
33.528967 -118.992718
33.528447 -118.991879
33.527915 -118.991051
33.527370 -118.990234
33.526814 -118.989429
33.526246 -118.988635
33.525666 -118.987854
33.525075 -118.987084
33.524473 -118.986328
33.524321 -118.986140
33.523805 -118.985516
33.523181 -118.984784
33.522547 -118.984066
33.521902 -118.983361
33.521247 -118.982670
33.520582 -118.981992
33.519907 -118.981329
33.519223 -118.980679
33.518529 -118.980044
33.517826 -118.979424
33.517114 -118.978818
33.516393 -118.978227
33.515664 -118.977652
33.514926 -118.977091
33.514180 -118.976546
33.513427 -118.976017
33.512666 -118.975504
33.511897 -118.975006
33.511121 -118.974525
33.510339 -118.974060
33.509549 -118.973611
33.508754 -118.973178
33.507952 -118.972763
33.507144 -118.972364
33.506330 -118.971982
33.505511 -118.971617
33.504687 -118.971269
33.504609 -118.971237
33.503803 -118.970916
33.502969 -118.970603
33.502131 -118.970307
33.501288 -118.970029
33.500442 -118.969768
33.499592 -118.969525
33.498738 -118.969300
33.497881 -118.969092
33.497021 -118.968903
33.496159 -118.968731
33.495294 -118.968578
33.494427 -118.968442
33.493559 -118.968324
33.493456 -118.968312
33.493395 -118.968304
33.492525 -118.968205
33.491653 -118.968123
33.490781 -118.968060
33.489907 -118.968015
33.489033 -118.967989
33.488159 -118.967980
33.487285 -118.967990
33.486411 -118.968018
33.485718 -118.968053
33.485336 -118.967995
33.484467 -118.967878
33.483597 -118.967778
33.482725 -118.967697
33.481852 -118.967634
33.480979 -118.967589
33.480290 -118.967566
33.479459 -118.967507
33.478585 -118.967462
33.477711 -118.967435
33.476837 -118.967427
33.476538 -118.967428
33.475756 -118.967437
33.474882 -118.967465
33.474009 -118.967512
33.473136 -118.967576
33.472264 -118.967658
33.471394 -118.967759
33.470658 -118.967858
33.470230 -118.967919
33.469363 -118.968056
33.468498 -118.968211
33.467636 -118.968383
33.466776 -118.968574
33.465920 -118.968783
33.465066 -118.969009
33.464216 -118.969253
33.463370 -118.969515
33.462528 -118.969794
33.461690 -118.970091
33.460856 -118.970405
33.460027 -118.970737
33.459203 -118.971085
33.458879 -118.971228
33.458129 -118.971411
33.457275 -118.971638
33.456425 -118.971882
33.455579 -118.972144
33.454737 -118.972423
33.453899 -118.972720
33.453065 -118.973034
33.452257 -118.973357
33.452181 -118.973388
33.451357 -118.973736
33.450538 -118.974102
33.449725 -118.974485
33.448917 -118.974885
33.448116 -118.975301
33.447320 -118.975734
33.446532 -118.976183
33.445749 -118.976649
33.444974 -118.977131
33.444206 -118.977629
33.443445 -118.978143
33.442692 -118.978673
33.441947 -118.979218
33.441210 -118.979779
33.440481 -118.980355
33.439761 -118.980946
33.439049 -118.981552
33.438346 -118.982173
33.437653 -118.982808
33.436969 -118.983458
33.436295 -118.984121
33.436201 -118.984216
33.435936 -118.984458
33.435435 -118.984919
33.434751 -118.985568
33.434076 -118.986232
33.433412 -118.986910
33.433081 -118.987256
33.432615 -118.987751
33.431970 -118.988456
33.431587 -118.988887
33.431028 -118.989521
33.430405 -118.990252
33.429793 -118.990996
33.429191 -118.991753
33.428601 -118.992522
33.428022 -118.993303
33.427454 -118.994096
33.426898 -118.994901
33.426354 -118.995717
33.425822 -118.996545
33.425302 -118.997383
33.424795 -118.998232
33.424300 -118.999091
33.423818 -118.999961
33.423738 -119.000108
33.423617 -119.000329
33.423148 -119.001208
33.422691 -119.002097
33.422248 -119.002996
33.421817 -119.003903
33.421400 -119.004820
33.420997 -119.005745
33.420607 -119.006678
33.420544 -119.006833
33.420196 -119.007704
33.419834 -119.008653
33.419485 -119.009609
33.419151 -119.010573
33.418831 -119.011543
33.418575 -119.012356
33.418549 -119.012427
33.418215 -119.013390
33.417895 -119.014360
33.417589 -119.015337
33.417297 -119.016320
33.417020 -119.017308
33.416757 -119.018303
33.416509 -119.019303
33.416275 -119.020307
33.416056 -119.021317
33.415994 -119.021617
33.415835 -119.022415
33.415646 -119.023433
33.415472 -119.024455
33.415313 -119.025480
33.415168 -119.026508
33.415039 -119.027539
33.414925 -119.028573
33.414826 -119.029609
33.414742 -119.030646
33.414674 -119.031686
33.414636 -119.032399
33.414524 -119.032923
33.414320 -119.033936
33.414131 -119.034954
33.413957 -119.035976
33.413798 -119.037001
33.413737 -119.037419
33.413626 -119.038217
33.413497 -119.039249
33.413383 -119.040282
33.413284 -119.041318
33.413201 -119.042356
33.413132 -119.043395
33.413079 -119.044436
33.413041 -119.045477
33.413018 -119.046519
33.413010 -119.047476
33.412988 -119.048474
33.311939 -119.694536
33.311931 -119.695578
33.311938 -119.696512
33.311942 -119.696831
33.311964 -119.697872
33.312003 -119.698913
33.312056 -119.699952
33.312124 -119.700990
33.312208 -119.702027
33.312307 -119.703061
33.312421 -119.704094
33.312550 -119.705123
33.312695 -119.706151
33.312854 -119.707174
33.313028 -119.708195
33.313217 -119.709212
33.313421 -119.710224
33.313640 -119.711232
33.313873 -119.712236
33.314122 -119.713234
33.314384 -119.714227
33.314662 -119.715215
33.314953 -119.716197
33.315259 -119.717172
33.315580 -119.718141
33.315914 -119.719103
33.316262 -119.720058
33.316625 -119.721006
33.317001 -119.721946
33.317391 -119.722878
33.317794 -119.723802
33.318211 -119.724717
33.318642 -119.725624
33.319085 -119.726521
33.319542 -119.727409
33.320011 -119.728288
33.320494 -119.729156
33.320989 -119.730015
33.321496 -119.730863
33.322016 -119.731700
33.322548 -119.732527
33.323092 -119.733342
33.323648 -119.734146
33.324216 -119.734938
33.324795 -119.735718
33.325385 -119.736486
33.325987 -119.737242
33.326599 -119.737985
33.327222 -119.738716
33.327856 -119.739433
33.328501 -119.740137
33.329155 -119.740827
33.329820 -119.741504
33.330494 -119.742167
33.331178 -119.742816
33.331872 -119.743450
33.332574 -119.744070
33.332912 -119.744360
33.333434 -119.744802
33.334155 -119.745392
33.334884 -119.745968
33.335621 -119.746528
33.336366 -119.747072
33.337119 -119.747602
33.337880 -119.748115
33.338648 -119.748612
33.339423 -119.749094
33.340205 -119.749559
33.340994 -119.750008
33.341790 -119.750440
33.342591 -119.750856
33.343399 -119.751255
33.344212 -119.751638
33.345031 -119.752003
33.345855 -119.752351
33.346684 -119.752682
33.347518 -119.752996
33.348356 -119.753293
33.349198 -119.753572
33.350045 -119.753833
33.350895 -119.754077
33.351748 -119.754303
33.352605 -119.754511
33.353464 -119.754701
33.354327 -119.754874
33.355191 -119.755029
33.356058 -119.755165
33.356927 -119.755284
33.357797 -119.755384
33.358668 -119.755466
33.359541 -119.755531
33.360414 -119.755577
33.361288 -119.755605
33.362163 -119.755614
33.363037 -119.755606
33.363911 -119.755579
33.364784 -119.755534
33.365657 -119.755471
33.366529 -119.755390
33.367399 -119.755291
33.368268 -119.755173
33.369135 -119.755038
33.369999 -119.754885
33.370862 -119.754713
33.371722 -119.754524
33.372578 -119.754317
33.373432 -119.754092
33.374282 -119.753849
33.375129 -119.753589
33.375201 -119.753566
33.375389 -119.753506
33.376232 -119.753228
33.377070 -119.752933
33.377904 -119.752620
33.378733 -119.752290
33.379558 -119.751943
33.380377 -119.751578
33.381190 -119.751197
33.381998 -119.750798
33.382800 -119.750383
33.383557 -119.749973
33.383665 -119.749913
33.384455 -119.749465
33.385237 -119.749001
33.386013 -119.748520
33.386782 -119.748023
33.387543 -119.747510
33.388296 -119.746982
33.389042 -119.746438
33.389779 -119.745878
33.390509 -119.745303
33.391230 -119.744713
33.391942 -119.744109
33.392645 -119.743489
33.393338 -119.742855
33.394023 -119.742206
33.394698 -119.741544
33.395363 -119.740867
33.396018 -119.740177
33.396663 -119.739473
33.397297 -119.738756
33.397921 -119.738026
33.398367 -119.737488
33.398787 -119.736976
33.399389 -119.736220
33.399980 -119.735452
33.400560 -119.734671
33.401128 -119.733879
33.401684 -119.733075
33.402228 -119.732259
33.402761 -119.731433
33.403281 -119.730595
33.403789 -119.729746
33.404285 -119.728888
33.404767 -119.728018
33.405237 -119.727139
33.405694 -119.726251
33.406138 -119.725353
33.406569 -119.724446
33.406986 -119.723530
33.407390 -119.722605
33.407781 -119.721672
33.408157 -119.720732
33.408520 -119.719783
33.408869 -119.718827
33.409204 -119.717864
33.409524 -119.716894
33.409831 -119.715918
33.410123 -119.714935
33.410400 -119.713947
33.410663 -119.712953
33.410912 -119.711953
33.411145 -119.710949
33.411364 -119.709939
33.411569 -119.708926
33.411758 -119.707908
33.411932 -119.706886
33.412092 -119.705861
33.412236 -119.704833
33.412365 -119.703802
33.412480 -119.702769
33.412579 -119.701733
33.412663 -119.700695
33.412731 -119.699656
33.412785 -119.698615
33.412823 -119.697574
33.412828 -119.697401
33.412850 -119.696363
33.412858 -119.695321
33.412850 -119.694278
33.412827 -119.693236
33.412789 -119.692195
33.412736 -119.691154
33.412667 -119.690115
33.412583 -119.689077
33.412484 -119.688041
33.412370 -119.687008
33.412241 -119.685977
33.412096 -119.684949
33.411937 -119.683924
33.411763 -119.682902
33.411573 -119.681884
33.411369 -119.680871
33.411150 -119.679861
33.410916 -119.678857
33.410668 -119.677857
33.410405 -119.676863
33.410127 -119.675875
33.409835 -119.674892
33.409529 -119.673916
33.409208 -119.672946
33.408874 -119.671983
33.408525 -119.671027
33.408162 -119.670078
33.407785 -119.669138
33.407395 -119.668205
33.406991 -119.667280
33.406574 -119.666364
33.406143 -119.665457
33.405699 -119.664559
33.405242 -119.663670
33.404772 -119.662791
33.404289 -119.661922
33.403794 -119.661064
33.403286 -119.660215
33.402766 -119.659377
33.402456 -119.658894
33.402119 -119.658374
33.401575 -119.657558
33.401018 -119.656754
33.400450 -119.655962
33.399871 -119.655181
33.399280 -119.654413
33.398678 -119.653657
33.398065 -119.652914
33.397441 -119.652184
33.396806 -119.651467
33.396162 -119.650763
33.395507 -119.650072
33.394841 -119.649396
33.394167 -119.648733
33.393482 -119.648085
33.392788 -119.647451
33.392085 -119.646831
33.391373 -119.646226
33.390652 -119.645636
33.389923 -119.645061
33.389186 -119.644502
33.388440 -119.643958
33.387686 -119.643429
33.386925 -119.642917
33.386157 -119.642420
33.385381 -119.641939
33.384598 -119.641474
33.383809 -119.641026
33.383013 -119.640595
33.382211 -119.640179
33.381403 -119.639781
33.380590 -119.639400
33.379771 -119.639035
33.378946 -119.638688
33.378117 -119.638358
33.377283 -119.638045
33.376445 -119.637750
33.375602 -119.637472
33.374755 -119.637211
33.373905 -119.636969
33.373051 -119.636744
33.372195 -119.636537
33.371335 -119.636347
33.370472 -119.636176
33.369608 -119.636022
33.368741 -119.635887
33.367872 -119.635770
33.367002 -119.635670
33.366130 -119.635589
33.365257 -119.635526
33.364384 -119.635481
33.363510 -119.635455
33.363073 -119.635448
33.362410 -119.635443
33.361536 -119.635453
33.360662 -119.635481
33.359789 -119.635527
33.358916 -119.635591
33.358044 -119.635673
33.357174 -119.635774
33.356306 -119.635892
33.355439 -119.636029
33.354574 -119.636184
33.353712 -119.636356
33.352852 -119.636547
33.351996 -119.636755
33.351142 -119.636981
33.350292 -119.637225
33.349446 -119.637486
33.348604 -119.637765
33.347765 -119.638061
33.346932 -119.638375
33.346193 -119.638669
33.345994 -119.638751
33.345170 -119.639099
33.344351 -119.639464
33.343538 -119.639846
33.342730 -119.640246
33.341929 -119.640661
33.341133 -119.641094
33.340344 -119.641543
33.339562 -119.642008
33.338787 -119.642490
33.338018 -119.642987
33.337258 -119.643500
33.336505 -119.644029
33.335759 -119.644574
33.335022 -119.645134
33.334293 -119.645710
33.333573 -119.646300
33.332862 -119.646905
33.332159 -119.647525
33.331466 -119.648159
33.330782 -119.648808
33.330107 -119.649471
33.329743 -119.649839
33.329227 -119.650366
33.328573 -119.651057
33.327928 -119.651761
33.327294 -119.652478
33.326671 -119.653208
33.326058 -119.653951
33.325457 -119.654707
33.324866 -119.655475
33.324287 -119.656255
33.323720 -119.657048
33.323164 -119.657851
33.322620 -119.658667
33.322088 -119.659493
33.321568 -119.660331
33.321061 -119.661179
33.320566 -119.662037
33.320083 -119.662906
33.319614 -119.663784
33.319157 -119.664672
33.318714 -119.665570
33.318283 -119.666476
33.317866 -119.667391
33.317463 -119.668315
33.317406 -119.668448
33.317388 -119.668489
33.316999 -119.669421
33.316622 -119.670362
33.316260 -119.671309
33.315912 -119.672264
33.315577 -119.673226
33.315257 -119.674195
33.314951 -119.675171
33.314659 -119.676153
33.314382 -119.677140
33.314119 -119.678133
33.313871 -119.679132
33.313637 -119.680135
33.313419 -119.681144
33.313215 -119.682156
33.313026 -119.683173
33.312851 -119.684193
33.312692 -119.685217
33.312548 -119.686244
33.312419 -119.687274
33.312305 -119.688306
33.312206 -119.689341
33.312122 -119.690378
33.312053 -119.691416
33.312000 -119.692455
33.311962 -119.693495
33.311939 -119.694536
