San_Antonio
34.902377 -120.622963
34.902339 -120.622347
34.902373 -120.622161
34.902789 -120.621872
34.903170 -120.621376
34.903289 -120.621159
34.903148 -120.620709
34.903040 -120.620551
34.902805 -120.620404
34.902588 -120.620121
34.902442 -120.619842
34.902200 -120.619455
34.901789 -120.619113
34.900962 -120.618069
34.900304 -120.617477
34.899598 -120.616626
34.899272 -120.616219
34.899091 -120.615682
34.899097 -120.615494
34.899146 -120.615275
34.899047 -120.614809
34.898927 -120.614121
34.899058 -120.611600
34.899109 -120.610834
34.899017 -120.610625
34.898640 -120.610045
34.898458 -120.609081
34.898374 -120.608236
34.897966 -120.607488
34.897772 -120.607318
34.897408 -120.607201
34.897051 -120.606902
34.896262 -120.606523
34.895524 -120.606107
34.894979 -120.605961
34.894496 -120.605940
34.893854 -120.606236
34.893724 -120.606109
34.893554 -120.605656
34.893369 -120.604597
34.893382 -120.604152
34.893801 -120.602957
34.894124 -120.602202
34.894518 -120.601248
34.894602 -120.600686
34.894544 -120.599834
34.894332 -120.599116
34.894202 -120.598792
34.894490 -120.597741
34.895040 -120.595813
34.895087 -120.595650
34.895193 -120.595191
34.895216 -120.595092
34.895259 -120.595051
34.895389 -120.594929
34.895583 -120.594898
34.895786 -120.594866
34.895898 -120.594849
34.896513 -120.594978
34.896678 -120.594992
34.896892 -120.595011
34.897345 -120.594434
34.897875 -120.594132
34.898155 -120.593743
34.898320 -120.592871
34.898694 -120.592364
34.899444 -120.591025
34.899493 -120.590938
34.899830 -120.590342
34.899965 -120.590277
34.900357 -120.590091
34.900727 -120.589954
34.900802 -120.589803
34.900778 -120.589666
34.900415 -120.589087
34.899937 -120.588127
34.899709 -120.586819
34.899639 -120.585826
34.899389 -120.584790
34.899432 -120.583785
34.899586 -120.582869
34.899636 -120.582120
34.899241 -120.581215
34.898903 -120.580757
34.898915 -120.580347
34.899337 -120.579392
34.899418 -120.578559
34.899263 -120.577596
34.899105 -120.577231
34.898718 -120.576531
34.897949 -120.575883
34.897416 -120.575348
34.896919 -120.574558
34.896262 -120.572976
34.895759 -120.571451
34.895689 -120.570458
34.895555 -120.569274
34.895697 -120.568768
34.895521 -120.568043
34.895281 -120.567606
34.894886 -120.567162
34.894324 -120.566643
34.894089 -120.566035
34.893787 -120.565305
34.893649 -120.564718
34.893756 -120.564433
34.893811 -120.564008
34.893841 -120.563463
34.893715 -120.562485
34.893549 -120.561897
34.893352 -120.561445
34.892996 -120.561105
34.892708 -120.560853
34.892609 -120.560371
34.892954 -120.559669
34.893038 -120.559177
34.892814 -120.558672
34.892433 -120.558229
34.892153 -120.557722
34.891993 -120.556930
34.891519 -120.556295
34.891470 -120.555097
34.891705 -120.553776
34.891479 -120.553339
34.891251 -120.552476
34.891053 -120.551545
34.890634 -120.550964
34.889819 -120.549990
34.889338 -120.549593
34.888294 -120.549207
34.887364 -120.548791
34.886714 -120.548388
34.886264 -120.547925
34.886266 -120.547378
34.886295 -120.546850
34.886120 -120.546570
34.885828 -120.546472
34.885374 -120.546606
34.884611 -120.546710
34.883867 -120.546644
34.883184 -120.546426
34.882618 -120.546061
34.881516 -120.545740
34.880430 -120.545352
34.879808 -120.544984
34.879475 -120.544355
34.879221 -120.543900
34.878851 -120.543560
34.878347 -120.542975
34.878044 -120.542279
34.877605 -120.541424
34.877072 -120.540872
34.876692 -120.540412
34.876106 -120.539772
34.875591 -120.539579
34.875182 -120.539613
34.874256 -120.540017
34.873653 -120.539957
34.873296 -120.540112
34.872982 -120.539791
34.872853 -120.539410
34.872653 -120.539009
34.872673 -120.538822
34.872910 -120.538389
34.872982 -120.537880
34.872966 -120.537452
34.872850 -120.536611
34.872803 -120.535790
34.872695 -120.534692
34.872334 -120.534028
34.871884 -120.533548
34.871380 -120.533441
34.870936 -120.533235
34.870532 -120.532620
34.870271 -120.531431
34.869847 -120.530047
34.869526 -120.528992
34.869038 -120.528374
34.868520 -120.527806
34.867681 -120.527138
34.866750 -120.526262
34.866468 -120.525796
34.866200 -120.525351
34.865671 -120.524663
34.864932 -120.524444
34.864268 -120.524040
34.864114 -120.523538
34.864120 -120.523317
34.864131 -120.522942
34.863889 -120.522078
34.863744 -120.521747
34.863389 -120.521374
34.862788 -120.520256
34.862597 -120.519582
34.862735 -120.518700
34.863485 -120.518050
34.864254 -120.517263
34.864736 -120.516618
34.865147 -120.516516
34.865605 -120.516229
34.866009 -120.515921
34.866173 -120.515587
34.866383 -120.515135
34.866208 -120.514394
34.865924 -120.513703
34.865708 -120.513178
34.865446 -120.512996
34.864713 -120.512555
34.864171 -120.512344
34.863788 -120.511952
34.863464 -120.511495
34.862646 -120.511068
34.861876 -120.510454
34.861352 -120.509613
34.861068 -120.509225
34.860854 -120.508841
34.860838 -120.508396
34.860861 -120.507612
34.861110 -120.507264
34.861490 -120.506786
34.861676 -120.506674
34.862130 -120.506523
34.862723 -120.506446
34.863393 -120.506150
34.863620 -120.505982
34.863896 -120.505779
34.864259 -120.505401
34.864716 -120.505165
34.864962 -120.504936
34.864792 -120.504468
34.864400 -120.503940
34.863258 -120.502065
34.862789 -120.501243
34.862549 -120.500789
34.862505 -120.500360
34.862942 -120.499833
34.862887 -120.499301
34.862716 -120.498884
34.862335 -120.498442
34.861627 -120.497643
34.861211 -120.496926
34.860629 -120.495639
34.860108 -120.494678
34.859877 -120.493934
34.859746 -120.493587
34.859490 -120.493184
34.859239 -120.492132
34.858742 -120.491309
34.858339 -120.491138
34.857431 -120.490929
34.857066 -120.490880
34.856613 -120.490502
34.855929 -120.490303
34.855534 -120.489859
34.855078 -120.489567
34.854646 -120.489429
34.854147 -120.489664
34.853824 -120.489633
34.853517 -120.488596
34.853192 -120.488156
34.853119 -120.487760
34.853188 -120.487286
34.852909 -120.486233
34.852733 -120.485014
34.852405 -120.484693
34.851914 -120.484638
34.851065 -120.484329
34.850420 -120.484233
34.849917 -120.484127
34.849970 -120.483737
34.849860 -120.482691
34.849911 -120.481874
34.850259 -120.481018
34.850374 -120.480460
34.850148 -120.479990
34.849673 -120.479390
34.848998 -120.478883
34.848423 -120.478557
34.848441 -120.478177
34.848176 -120.477620
34.848234 -120.477076
34.848452 -120.476318
34.848803 -120.475872
34.849092 -120.475594
34.849306 -120.474988
34.849121 -120.474571
34.848517 -120.474068
34.848283 -120.473945
34.848129 -120.473864
34.847665 -120.473366
34.847452 -120.472931
34.847239 -120.472512
34.846854 -120.472189
34.846181 -120.471615
34.844390 -120.470311
34.842694 -120.469113
34.840978 -120.467625
34.840095 -120.466991
34.839612 -120.466663
34.839285 -120.466291
34.838409 -120.465453
34.837091 -120.464783
34.835930 -120.463574
34.835074 -120.462515
34.834627 -120.461899
34.834108 -120.461348
34.834023 -120.460901
34.834003 -120.460115
34.833706 -120.458670
34.833323 -120.457817
34.832922 -120.457067
34.832846 -120.456262
34.833043 -120.455281
34.833038 -120.454973
34.832804 -120.454298
34.832401 -120.453633
34.831873 -120.453389
34.831289 -120.452648
34.830929 -120.452462
34.830521 -120.451951
34.830845 -120.451452
34.831127 -120.450935
34.831270 -120.450344
34.831258 -120.449286
34.831359 -120.448693
34.831666 -120.448296
34.832128 -120.447889
34.832399 -120.447252
34.832608 -120.446817
34.832614 -120.446118
34.832496 -120.445806
34.832142 -120.445416
34.831884 -120.445064
34.831746 -120.444495
34.831729 -120.443590
34.831606 -120.442953
34.831635 -120.442443
34.831862 -120.441889
34.832255 -120.441301
34.832449 -120.441009
34.832927 -120.440023
34.833078 -120.439671
34.833451 -120.438935
34.833402 -120.438660
34.833195 -120.438515
34.833018 -120.438320
34.832728 -120.437626
34.832441 -120.436829
34.832090 -120.436303
34.831718 -120.436048
34.831283 -120.435979
34.831024 -120.435695
34.830967 -120.434720
34.831019 -120.433869
34.831075 -120.433394
34.831186 -120.432955
34.831261 -120.432293
34.831587 -120.431214
34.831953 -120.430701
34.832003 -120.430413
34.832015 -120.430004
34.832335 -120.429130
34.832972 -120.428491
34.833470 -120.427795
34.834276 -120.426139
34.834793 -120.425768
34.835278 -120.425055
34.835774 -120.423932
34.836067 -120.423006
34.836013 -120.422406
34.835892 -120.421719
34.835725 -120.421149
34.835409 -120.420880
34.834870 -120.420533
34.834972 -120.419923
34.834792 -120.419336
34.833986 -120.418483
34.833121 -120.417714
34.832247 -120.416774
34.831780 -120.415884
34.831705 -120.415028
34.831957 -120.414066
34.832289 -120.413278
34.832795 -120.412292
34.833035 -120.411756
34.833195 -120.410585
34.833197 -120.410005
34.833012 -120.409554
34.832689 -120.409063
34.832314 -120.408877
34.832229 -120.408413
34.832435 -120.408063
34.832993 -120.407250
34.833829 -120.405510
34.834649 -120.403872
34.835021 -120.403153
34.835353 -120.401836
34.835730 -120.400930
34.836435 -120.400379
34.837196 -120.399830
34.838004 -120.398601
34.838078 -120.397956
34.837375 -120.396442
34.837010 -120.395898
34.837015 -120.395216
34.837283 -120.394186
34.837184 -120.393704
34.836933 -120.392619
34.836403 -120.391471
34.835835 -120.391141
34.835464 -120.390306
34.835519 -120.389865
34.835817 -120.389263
34.836287 -120.388566
34.836354 -120.388159
34.836438 -120.387685
34.837000 -120.387213
34.837450 -120.386685
34.837647 -120.386181
34.837656 -120.385858
34.837591 -120.385667
34.837310 -120.385656
34.836889 -120.385638
34.836580 -120.385626
34.836200 -120.385610
34.835976 -120.385584
34.835728 -120.385386
34.835406 -120.384844
34.835276 -120.384429
34.835181 -120.383811
34.834896 -120.383424
34.834639 -120.383089
34.833970 -120.382857
34.833442 -120.382614
34.832805 -120.382246
34.832376 -120.381973
34.831883 -120.381509
34.831230 -120.381192
34.830740 -120.381121
34.830343 -120.381241
34.829787 -120.380997
34.828899 -120.381046
34.828324 -120.381005
34.827840 -120.380678
34.827598 -120.380276
34.827152 -120.379626
34.827000 -120.379309
34.826586 -120.379005
34.826157 -120.378748
34.825634 -120.378174
34.825409 -120.377674
34.825339 -120.377218
34.825360 -120.376439
34.825247 -120.375655
34.825176 -120.375237
34.825108 -120.374680
34.825280 -120.373731
34.825335 -120.373230
34.825241 -120.372900
34.824966 -120.372712
34.824567 -120.372495
34.823967 -120.372093
34.823564 -120.371661
34.822831 -120.370776
34.822695 -120.370456
34.822621 -120.370113
34.822260 -120.368941
34.821965 -120.368338
34.821610 -120.368034
34.821253 -120.367844
34.820891 -120.367414
34.820599 -120.366723
34.820368 -120.366084
34.820050 -120.365581
34.819665 -120.365251
34.818807 -120.364763
34.818413 -120.364370
34.818218 -120.364215
34.818129 -120.364144
34.818084 -120.363916
34.818178 -120.363683
34.818206 -120.363367
34.818104 -120.362971
34.818144 -120.362698
34.818090 -120.362304
34.817637 -120.361776
34.817305 -120.361508
34.817262 -120.361480
34.816892 -120.361237
34.817382 -120.361041
34.817793 -120.360784
34.818495 -120.359931
34.819476 -120.358345
34.820018 -120.357427
34.820367 -120.356500
34.821143 -120.355317
34.821955 -120.353999
34.822275 -120.353522
34.822758 -120.352993
34.823219 -120.352659
34.823541 -120.352143
34.823758 -120.351290
34.823918 -120.350768
34.824511 -120.350361
34.824989 -120.349988
34.825018 -120.349539
34.825344 -120.348827
34.825624 -120.348055
34.825840 -120.347261
34.825813 -120.346598
34.824901 -120.346145
34.824124 -120.345624
34.823503 -120.344698
34.823062 -120.344308
34.823066 -120.344171
34.823070 -120.344008
34.823073 -120.343897
34.822889 -120.343537
34.822719 -120.343275
34.822601 -120.342859
34.822612 -120.342468
34.822757 -120.341886
34.822756 -120.341337
34.822729 -120.341199
34.822657 -120.340824
34.822597 -120.340645
34.822738 -120.340220
34.822634 -120.339883
34.822177 -120.339472
34.821620 -120.339176
34.821235 -120.339082
34.820797 -120.339142
34.820405 -120.339283
34.820120 -120.339095
34.819844 -120.338555
34.819546 -120.338230
34.819275 -120.337514
34.818519 -120.336190
34.818483 -120.336018
34.818362 -120.335440
34.818278 -120.335408
34.818186 -120.335374
34.817396 -120.335322
34.816783 -120.334710
34.816284 -120.334063
34.816131 -120.333724
34.816065 -120.333490
34.816029 -120.333366
34.815866 -120.332793
34.815712 -120.331980
34.815625 -120.331521
34.815533 -120.330820
34.815639 -120.330492
34.815682 -120.330403
34.815827 -120.330107
34.815851 -120.329795
34.815580 -120.329079
34.815514 -120.329043
34.815151 -120.328846
34.814522 -120.328214
34.814068 -120.327686
34.813952 -120.327192
34.813974 -120.326995
34.814030 -120.326492
34.814080 -120.326041
34.814365 -120.324521
34.814492 -120.323394
34.814426 -120.322862
34.814116 -120.322380
34.813944 -120.322177
34.813579 -120.321927
34.813241 -120.321641
34.813216 -120.321619
34.813222 -120.321384
34.813272 -120.321293
34.813494 -120.320886
34.813503 -120.320737
34.813524 -120.320397
34.813294 -120.319481
34.813122 -120.319128
34.813035 -120.319104
34.812866 -120.319058
34.812279 -120.318643
34.811252 -120.318406
34.811168 -120.318193
34.811056 -120.317909
34.810760 -120.317485
34.810680 -120.317469
34.810262 -120.317387
34.809731 -120.317307
34.809508 -120.317200
34.809286 -120.316447
34.809091 -120.315891
34.809051 -120.315504
34.809040 -120.315399
34.808901 -120.315178
34.808592 -120.315094
34.808307 -120.315017
34.808074 -120.314694
34.807728 -120.314328
34.807347 -120.314097
34.807292 -120.313742
34.807398 -120.313589
34.807595 -120.313304
34.807778 -120.312508
34.807783 -120.312325
34.807789 -120.312117
34.807818 -120.311629
34.807893 -120.311501
34.808089 -120.311169
34.808305 -120.310963
34.808542 -120.310561
34.808623 -120.309957
34.808530 -120.309228
34.808540 -120.308837
34.808275 -120.308513
34.808057 -120.308377
34.807941 -120.308304
34.807758 -120.307905
34.807764 -120.307690
34.807954 -120.307410
34.808050 -120.307270
34.808233 -120.307082
34.808676 -120.306237
34.808704 -120.306084
34.808903 -120.304993
34.808969 -120.304385
34.808990 -120.304193
34.808847 -120.303502
34.808731 -120.303293
34.808015 -120.302000
34.807358 -120.301210
34.807268 -120.300971
34.807277 -120.300619
34.807613 -120.299575
34.807633 -120.299528
34.807803 -120.299132
34.807845 -120.298742
34.807763 -120.298666
34.807577 -120.298496
34.807007 -120.298082
34.806690 -120.297873
34.806317 -120.297329
34.806241 -120.296563
34.806075 -120.296106
34.805872 -120.295862
34.805530 -120.294752
34.805249 -120.294388
34.805193 -120.294073
34.805086 -120.293853
34.804604 -120.293168
34.804126 -120.292326
34.803966 -120.292261
34.803685 -120.291897
34.803466 -120.291654
34.803176 -120.291622
34.802711 -120.291486
34.802325 -120.291432
34.801763 -120.291312
34.801298 -120.291156
34.801107 -120.291051
34.801022 -120.290616
34.800993 -120.289910
34.801046 -120.289148
34.801056 -120.288777
34.801245 -120.288353
34.801272 -120.287943
34.801073 -120.287524
34.800452 -120.286598
34.800300 -120.286259
34.800012 -120.286150
34.799669 -120.285705
34.799424 -120.285206
34.799128 -120.284803
34.798943 -120.284462
34.798954 -120.284052
34.798953 -120.283921
34.798950 -120.283621
34.798840 -120.283485
34.798606 -120.283196
34.797933 -120.282386
34.797569 -120.282117
34.797294 -120.282106
34.797273 -120.281694
34.796964 -120.281172
34.797099 -120.280942
34.797286 -120.280597
34.797414 -120.280074
34.797419 -120.279863
34.797422 -120.279761
34.797398 -120.279664
34.797344 -120.279442
34.797277 -120.279167
34.797068 -120.278532
34.796900 -120.278258
34.796774 -120.278051
34.796565 -120.277416
34.796237 -120.276972
34.796195 -120.276755
34.796196 -120.276109
34.796243 -120.275543
34.796241 -120.275261
34.796240 -120.275072
34.796250 -120.274681
34.796146 -120.273801
34.796064 -120.273225
34.796083 -120.273088
34.796185 -120.273049
34.796312 -120.272999
34.796528 -120.272773
34.796533 -120.272577
34.796393 -120.272396
34.796295 -120.272301
34.796078 -120.272089
34.795846 -120.271708
34.795829 -120.271435
34.795812 -120.271158
34.795859 -120.270631
34.795676 -120.270213
34.795642 -120.270114
34.795511 -120.269736
34.795503 -120.269441
34.795495 -120.269148
34.795494 -120.268580
34.795489 -120.268169
34.795301 -120.267926
34.795130 -120.267792
34.794827 -120.267555
34.794175 -120.267157
34.793516 -120.266446
34.792965 -120.265895
34.792840 -120.265753
34.793185 -120.265578
34.793233 -120.265554
34.793760 -120.265183
34.794272 -120.264733
34.794624 -120.264277
34.794678 -120.264083
34.794659 -120.264045
34.794540 -120.263803
34.794538 -120.263275
34.794549 -120.262844
34.794757 -120.262251
34.794915 -120.261860
34.794990 -120.261471
34.795020 -120.261086
34.795040 -120.260827
34.795123 -120.260707
34.795219 -120.260569
34.795292 -120.260465
34.795349 -120.260428
34.795637 -120.260243
34.796108 -120.260164
34.796370 -120.259998
34.796640 -120.259597
34.796781 -120.259153
34.796988 -120.258652
34.797036 -120.258085
34.796942 -120.257945
34.796807 -120.257921
34.796508 -120.257869
34.795853 -120.257588
34.795536 -120.257380
34.795047 -120.256930
34.794657 -120.256425
34.794487 -120.256125
34.794387 -120.255631
34.794386 -120.255594
34.794378 -120.255357
34.794177 -120.255055
34.793955 -120.254859
34.793829 -120.254748
34.793167 -120.254154
34.792437 -120.253655
34.792042 -120.253306
34.791927 -120.252773
34.791918 -120.252683
34.791863 -120.252144
34.791892 -120.251695
34.791815 -120.251555
34.791594 -120.251350
34.790778 -120.251063
34.790353 -120.251223
34.789997 -120.251268
34.789709 -120.251139
34.789411 -120.250834
34.789066 -120.250448
34.788781 -120.250221
34.788445 -120.250110
34.788208 -120.249905
34.787847 -120.249480
34.787585 -120.249125
34.787504 -120.249016
34.787311 -120.248885
34.786981 -120.248662
34.786586 -120.248334
34.786198 -120.247669
34.786060 -120.247432
34.785428 -120.246917
34.785269 -120.246891
34.784672 -120.246790
34.784450 -120.246644
34.783851 -120.246287
34.784267 -120.245669
34.784410 -120.245489
34.784675 -120.245156
34.785037 -120.244761
34.785129 -120.244475
34.785142 -120.243998
34.785122 -120.243673
34.784975 -120.243378
34.784585 -120.242697
34.784363 -120.242058
34.784050 -120.241670
34.783857 -120.241509
34.783728 -120.241459
34.783565 -120.241395
34.783453 -120.241374
34.783428 -120.241254
34.783662 -120.241049
34.783745 -120.240976
34.784158 -120.240788
34.784598 -120.240651
34.785060 -120.240209
34.785324 -120.239810
34.785211 -120.238792
34.785149 -120.238213
34.785053 -120.237310
34.785099 -120.236630
34.785223 -120.236174
34.785570 -120.235846
34.785756 -120.235717
34.785981 -120.235709
34.786184 -120.235512
34.786393 -120.235043
34.786641 -120.234729
34.786591 -120.234488
34.786304 -120.234170
34.786218 -120.234089
34.785810 -120.233707
34.785468 -120.232807
34.785446 -120.232571
34.785391 -120.231985
34.785376 -120.231507
34.785178 -120.231005
34.785141 -120.230963
34.784919 -120.230705
34.784870 -120.230413
34.785006 -120.230061
34.785229 -120.229848
34.785728 -120.229372
34.786373 -120.228937
34.786861 -120.228395
34.786981 -120.228262
34.787504 -120.227613
34.787767 -120.227286
34.788380 -120.226440
34.788400 -120.226219
34.788247 -120.225617
34.788227 -120.225510
34.788136 -120.225032
34.788215 -120.224729
34.788567 -120.224197
34.788674 -120.224130
34.788824 -120.224036
34.788859 -120.223782
34.788723 -120.223124
34.788684 -120.222939
34.788740 -120.222565
34.788770 -120.222363
34.788969 -120.221756
34.789343 -120.221430
34.789721 -120.220984
34.790234 -120.220186
34.790486 -120.219735
34.790362 -120.219099
34.790192 -120.218615
34.789813 -120.218054
34.789278 -120.217522
34.788800 -120.217353
34.788763 -120.217322
34.788461 -120.217013
34.788260 -120.216630
34.788016 -120.216313
34.787582 -120.215700
34.787361 -120.215521
34.787185 -120.215258
34.787085 -120.214776
34.787029 -120.214246
34.787130 -120.213636
34.787257 -120.213078
34.787287 -120.212465
34.787302 -120.211920
34.787335 -120.211188
34.787338 -120.210557
34.787332 -120.210424
34.787304 -120.209686
34.787251 -120.209259
34.787246 -120.209223
34.787153 -120.209015
34.787100 -120.209029
34.786926 -120.209074
34.785841 -120.208640
34.784789 -120.208497
34.783443 -120.208514
34.783128 -120.208518
34.782483 -120.208442
34.781987 -120.208047
34.781704 -120.207420
34.781681 -120.207370
34.781686 -120.207203
34.781702 -120.206570
34.781829 -120.205517
34.782080 -120.205050
34.782480 -120.204809
34.782670 -120.204544
34.782753 -120.204070
34.782779 -120.203644
34.782725 -120.202994
34.782714 -120.202888
34.782692 -120.202669
34.782673 -120.202293
34.782808 -120.201974
34.783242 -120.201818
34.784071 -120.201563
34.785103 -120.201398
34.785533 -120.201108
34.785778 -120.200861
34.785791 -120.200371
34.785930 -120.199749
34.786030 -120.199302
34.785914 -120.198923
34.785432 -120.198512
34.785220 -120.198368
34.785059 -120.198259
34.784993 -120.198152
34.784789 -120.197822
34.784625 -120.197082
34.784729 -120.195807
34.784839 -120.194669
34.784845 -120.194601
34.785024 -120.194250
34.785062 -120.194229
34.785437 -120.194027
34.786571 -120.193730
34.786748 -120.193254
34.786828 -120.193040
34.787034 -120.192690
34.787220 -120.192561
34.787384 -120.192573
34.787740 -120.192598
34.788431 -120.192522
34.789042 -120.192297
34.789227 -120.192229
34.789734 -120.192214
34.789855 -120.192239
34.790672 -120.192404
34.791056 -120.192231
34.791344 -120.192032
34.791429 -120.191973
34.792510 -120.191509
34.792053 -120.191247
34.791903 -120.190507
34.791886 -120.190366
34.791811 -120.189736
34.791818 -120.189481
34.791769 -120.189206
34.791334 -120.188910
34.791105 -120.188754
34.790468 -120.188371
34.789228 -120.187897
34.788724 -120.187810
34.788347 -120.187693
34.788063 -120.187273
34.787909 -120.186687
34.787826 -120.186121
34.787833 -120.185825
34.787838 -120.185627
34.787913 -120.184930
34.788188 -120.184105
34.788547 -120.183284
34.788703 -120.182724
34.788745 -120.182575
34.788811 -120.182339
34.788815 -120.182279
34.788851 -120.181810
34.788876 -120.181471
34.788787 -120.180547
34.788682 -120.179724
34.788569 -120.179226
34.788320 -120.179045
34.788125 -120.178985
34.787692 -120.178851
34.786433 -120.178581
34.786200 -120.178412
34.785812 -120.178131
34.785593 -120.177883
34.785246 -120.177717
34.784784 -120.177597
34.784332 -120.177550
34.784251 -120.177542
34.784019 -120.177277
34.783922 -120.176694
34.784265 -120.176348
34.784297 -120.176316
34.784686 -120.175990
34.784787 -120.175363
34.784679 -120.175028
34.784565 -120.174672
34.784445 -120.173874
34.784422 -120.172620
34.784431 -120.172262
34.784143 -120.171735
34.783838 -120.171268
34.783807 -120.170857
34.783805 -120.170618
34.783800 -120.170021
34.783743 -120.169508
34.783442 -120.169043
34.783324 -120.168861
34.783015 -120.168303
34.782761 -120.167782
34.782672 -120.167608
34.782627 -120.167521
34.782560 -120.167410
34.782425 -120.167189
34.782418 -120.166916
34.782417 -120.166575
34.782417 -120.166421
34.782189 -120.165441
34.781838 -120.164882
34.781176 -120.163926
34.781146 -120.163883
34.780673 -120.163132
34.780189 -120.162557
34.780168 -120.162533
34.779782 -120.162228
34.779422 -120.162027
34.779030 -120.161926
34.778790 -120.161968
34.778677 -120.162044
34.778475 -120.162178
34.778305 -120.162240
34.778014 -120.162041
34.777981 -120.161975
34.777867 -120.161746
34.777574 -120.161649
34.777385 -120.161609
34.776693 -120.161462
34.776367 -120.161535
34.775782 -120.161308
34.775386 -120.161412
34.774808 -120.161458
34.774477 -120.161207
34.774371 -120.160721
34.774301 -120.160399
34.774001 -120.160029
34.773775 -120.160055
34.773563 -120.160388
34.773511 -120.160471
34.773105 -120.160933
34.772539 -120.161610
34.772361 -120.161962
34.771590 -120.162376
34.771349 -120.162997
34.771198 -120.163929
34.770950 -120.164261
34.770695 -120.164319
34.770607 -120.163924
34.770542 -120.162114
34.770544 -120.160955
34.770442 -120.159996
34.770368 -120.159038
34.770212 -120.158555
34.769973 -120.158000
34.769893 -120.157893
34.769647 -120.157561
34.769453 -120.157452
34.769228 -120.157443
34.768795 -120.157324
34.768499 -120.157005
34.768466 -120.156971
34.768076 -120.156291
34.768072 -120.155916
34.768277 -120.155391
34.768449 -120.154941
34.768421 -120.154612
34.768406 -120.154428
34.768459 -120.153987
34.768655 -120.153749
34.768910 -120.153441
34.769362 -120.152828
34.769839 -120.152317
34.770029 -120.152069
34.770022 -120.151779
34.769994 -120.151660
34.769946 -120.151452
34.769995 -120.151198
34.770212 -120.150965
34.770487 -120.150671
34.770716 -120.150526
34.771024 -120.150555
34.771207 -120.150562
34.771256 -120.150325
34.771390 -120.150023
34.771870 -120.149411
34.772257 -120.149136
34.772405 -120.148851
34.772335 -120.148303
34.772173 -120.147512
34.772094 -120.146742
34.772136 -120.146215
34.772298 -120.145369
34.772520 -120.144951
34.772535 -120.144343
34.772519 -120.143894
34.772542 -120.143828
34.772687 -120.143406
34.772751 -120.143101
34.772746 -120.142760
34.772435 -120.142299
34.772380 -120.142218
34.772122 -120.141799
34.771929 -120.141689
34.771410 -120.141652
34.771214 -120.141577
34.771180 -120.141285
34.771115 -120.141061
34.770647 -120.140668
34.770395 -120.140625
34.770292 -120.140240
34.770352 -120.139003
34.770381 -120.138425
34.770650 -120.137821
34.771035 -120.137068
34.771427 -120.136623
34.771435 -120.136299
34.771006 -120.135499
34.770616 -120.135313
34.770386 -120.135412
34.770360 -120.135423
34.770039 -120.135343
34.769764 -120.135076
34.769470 -120.135031
34.769100 -120.135171
34.768747 -120.135243
34.768514 -120.134995
34.768489 -120.134859
34.768415 -120.134463
34.768215 -120.134046
34.767997 -120.133832
34.767927 -120.133762
34.767530 -120.133338
34.767438 -120.133062
34.767479 -120.132573
34.767443 -120.132329
34.767403 -120.132132
34.767381 -120.132020
34.767475 -120.131893
34.767541 -120.131804
34.767997 -120.131583
34.768440 -120.131309
34.768948 -120.130715
34.769128 -120.130295
34.769114 -120.129732
34.769082 -120.129491
34.769043 -120.129201
34.769205 -120.128934
34.769246 -120.128920
34.769474 -120.128842
34.769657 -120.128866
34.769779 -120.128496
34.770001 -120.127515
34.770119 -120.127298
34.770211 -120.127028
34.770135 -120.126685
34.769973 -120.126475
34.769944 -120.126439
34.769805 -120.126382
34.769813 -120.126059
34.770057 -120.125335
34.770068 -120.124926
34.769837 -120.124593
34.769475 -120.124426
34.769398 -120.124167
34.769570 -120.123475
34.769779 -120.122460
34.769977 -120.121870
34.770467 -120.121446
34.771172 -120.120824
34.771363 -120.120507
34.771403 -120.120032
34.771347 -120.119420
34.770638 -120.118944
34.770351 -120.118639
34.770143 -120.118290
34.769954 -120.118159
34.769660 -120.118163
34.769078 -120.118389
34.768777 -120.118176
34.768221 -120.118419
34.767867 -120.118747
34.766997 -120.119257
34.766273 -120.119524
34.765157 -120.119652
34.764147 -120.119614
34.762110 -120.119770
34.760320 -120.120227
34.759034 -120.120987
34.758519 -120.121107
34.756292 -120.121148
34.755333 -120.121142
34.754723 -120.121460
34.754251 -120.122435
34.753853 -120.122978
34.753331 -120.123404
34.753291 -120.123437
34.752628 -120.123861
34.752491 -120.123850
34.752296 -120.123833
34.752156 -120.123813
34.751829 -120.124079
34.751715 -120.124247
34.751470 -120.124608
34.751314 -120.124695
34.751172 -120.124572
34.751127 -120.124533
34.750822 -120.124429
34.750624 -120.124173
34.750309 -120.124006
34.750079 -120.123967
34.749672 -120.123874
34.749505 -120.123914
34.749561 -120.124226
34.749441 -120.124423
34.748980 -120.124421
34.748605 -120.124609
34.748650 -120.124827
34.749037 -120.125198
34.749248 -120.125454
34.749287 -120.125921
34.749254 -120.126152
34.749178 -120.126692
34.749020 -120.127863
34.749009 -120.128793
34.749026 -120.129135
34.749117 -120.129556
34.749040 -120.130080
34.748813 -120.130940
34.748773 -120.131512
34.748967 -120.131906
34.749149 -120.132285
34.749126 -120.132672
34.749037 -120.133149
34.749251 -120.133793
34.749375 -120.134433
34.749039 -120.135071
34.748585 -120.135798
34.748201 -120.136310
34.748173 -120.136898
34.748039 -120.137125
34.747252 -120.137405
34.746517 -120.137641
34.745931 -120.137526
34.745726 -120.137534
34.745529 -120.137728
34.745192 -120.137916
34.744741 -120.138054
34.744374 -120.138397
34.744147 -120.138760
34.743674 -120.138742
34.743113 -120.138659
34.742608 -120.138919
34.742242 -120.139215
34.741952 -120.139560
34.741563 -120.139732
34.741204 -120.139780
34.740773 -120.139640
34.740378 -120.140043
34.739635 -120.140588
34.738862 -120.141303
34.738581 -120.141422
34.738526 -120.141445
34.738279 -120.141591
34.738223 -120.141759
34.738328 -120.142199
34.738495 -120.142637
34.738550 -120.142965
34.738204 -120.143510
34.737748 -120.144329
34.737615 -120.145006
34.737318 -120.145599
34.737039 -120.146007
34.736428 -120.146867
34.736370 -120.147159
34.736170 -120.147461
34.735789 -120.147850
34.735501 -120.148614
34.735485 -120.149233
34.735456 -120.149852
34.735083 -120.150411
34.735033 -120.150858
34.735014 -120.151121
34.734742 -120.151219
34.734380 -120.151376
34.733940 -120.151591
34.733694 -120.152186
34.733050 -120.152828
34.732224 -120.153603
34.731283 -120.153892
34.729704 -120.154111
34.729098 -120.154305
34.728650 -120.154784
34.728415 -120.154976
34.728004 -120.155054
34.727255 -120.155304
34.726767 -120.155394
34.726182 -120.155759
34.725447 -120.155979
34.724855 -120.156127
34.724747 -120.156324
34.724691 -120.156539
34.724504 -120.157322
34.724142 -120.157479
34.723655 -120.157491
34.723259 -120.157476
34.722777 -120.157303
34.722347 -120.157147
34.722025 -120.157212
34.721595 -120.157537
34.721469 -120.157950
34.721298 -120.159121
34.721038 -120.160258
34.720848 -120.160653
34.719721 -120.161710
34.719510 -120.161950
34.719041 -120.162258
34.718440 -120.162746
34.717692 -120.163477
34.717405 -120.164194
34.717080 -120.164894
34.716671 -120.165359
34.716314 -120.165810
34.715882 -120.166661
34.715829 -120.167248
34.715837 -120.167899
34.715682 -120.168481
34.715300 -120.168900
34.714786 -120.168974
34.714706 -120.169110
34.714676 -120.169279
34.714829 -120.169766
34.714918 -120.170296
34.714645 -120.170936
34.714015 -120.172074
34.713712 -120.172868
34.713514 -120.173108
34.712804 -120.173855
34.712514 -120.174201
34.712188 -120.174901
34.711562 -120.175372
34.711018 -120.175646
34.710159 -120.175722
34.709762 -120.175706
34.708858 -120.176044
34.708464 -120.176447
34.707835 -120.177027
34.707521 -120.177294
34.707080 -120.177509
34.706504 -120.177518
34.705689 -120.177859
34.705101 -120.178347
34.704554 -120.178714
34.704123 -120.179053
34.703912 -120.179293
34.703603 -120.179870
34.703605 -120.180273
34.703648 -120.180635
34.703668 -120.180802
34.703668 -120.181313
34.703737 -120.181594
34.704203 -120.181875
34.704748 -120.182051
34.704889 -120.182072
34.704986 -120.182262
34.705029 -120.182589
34.705104 -120.183118
34.705311 -120.183544
34.705620 -120.183943
34.706224 -120.184323
34.706734 -120.184404
34.707012 -120.184539
34.707189 -120.184781
34.707234 -120.184842
34.707247 -120.185068
34.707260 -120.185292
34.707206 -120.185925
34.707322 -120.186379
34.707497 -120.186509
34.707529 -120.186759
34.707616 -120.187335
34.707758 -120.187774
34.708252 -120.187979
34.708979 -120.188069
34.709231 -120.188187
34.709327 -120.188439
34.709345 -120.188749
34.709515 -120.189053
34.709540 -120.189097
34.709494 -120.189390
34.709459 -120.189530
34.709308 -120.190142
34.709223 -120.190464
34.709325 -120.190963
34.709567 -120.191712
34.709732 -120.192032
34.709724 -120.192342
34.709580 -120.192956
34.709504 -120.193501
34.709485 -120.193634
34.709506 -120.193748
34.709574 -120.194133
34.709563 -120.194566
34.709395 -120.195102
34.709201 -120.195683
34.708782 -120.196070
34.708214 -120.196730
34.707898 -120.197089
34.707627 -120.197187
34.707373 -120.197290
34.707278 -120.197329
34.707209 -120.197512
34.707269 -120.197669
34.707580 -120.197991
34.707894 -120.198220
34.708130 -120.198477
34.708342 -120.198702
34.708436 -120.198984
34.708469 -120.199202
34.708637 -120.199627
34.708795 -120.199928
34.709117 -120.200343
34.709880 -120.201007
34.710244 -120.201254
34.710686 -120.201983
34.711007 -120.202414
34.711082 -120.202959
34.711096 -120.203167
34.711110 -120.203363
34.711077 -120.203625
34.710954 -120.203961
34.710569 -120.204008
34.710098 -120.203912
34.709766 -120.203869
34.709265 -120.203942
34.708417 -120.204111
34.708286 -120.204201
34.708247 -120.204228
34.708240 -120.204281
34.708221 -120.204422
34.708216 -120.204459
34.708268 -120.204744
34.708305 -120.204943
34.708400 -120.205226
34.708493 -120.205601
34.708304 -120.205965
34.707909 -120.206384
34.707529 -120.206725
34.706951 -120.206812
34.706237 -120.207218
34.705658 -120.207830
34.705277 -120.208699
34.704929 -120.209274
34.704561 -120.209778
34.704478 -120.209891
34.704422 -120.210066
34.704283 -120.210503
34.704140 -120.211055
34.704041 -120.211423
34.703861 -120.211943
34.703664 -120.212121
34.703275 -120.212332
34.703210 -120.212367
34.702935 -120.212635
34.702822 -120.213102
34.702805 -120.213172
34.702757 -120.213558
34.702519 -120.213843
34.702196 -120.213970
34.701838 -120.213956
34.701403 -120.213954
34.701069 -120.214004
34.700326 -120.214548
34.700194 -120.214698
34.699872 -120.214778
34.699514 -120.214780
34.699106 -120.214717
34.698595 -120.214698
34.698130 -120.214850
34.697973 -120.214983
34.697107 -120.215833
34.696725 -120.216221
34.696349 -120.216407
34.695936 -120.216546
34.695860 -120.216617
34.695792 -120.216680
34.695768 -120.216758
34.695694 -120.217001
34.695515 -120.217475
34.695167 -120.217585
34.694828 -120.217622
34.694538 -120.217654
34.693954 -120.217492
34.693825 -120.217533
34.693959 -120.217802
34.694207 -120.218105
34.694376 -120.218484
34.694460 -120.219153
34.694608 -120.219856
34.694809 -120.220080
34.694881 -120.220160
34.694979 -120.220350
34.695008 -120.220692
34.694944 -120.220861
34.694898 -120.220982
34.694813 -120.221304
34.694985 -120.221558
34.695008 -120.221574
34.695174 -120.221690
34.695207 -120.221892
34.695104 -120.222399
34.695052 -120.222893
34.694788 -120.223192
34.694606 -120.223509
34.694587 -120.223541
34.694489 -120.223862
34.694510 -120.224545
34.694602 -120.224904
34.695005 -120.225632
34.695105 -120.225744
34.695453 -120.226130
34.695537 -120.226319
34.695374 -120.226700
34.695269 -120.227018
34.695193 -120.227250
34.695153 -120.227791
34.695257 -120.228182
34.695491 -120.228532
34.695860 -120.229104
34.696280 -120.229662
34.696550 -120.230060
34.696654 -120.230513
34.696725 -120.230717
34.696583 -120.230774
34.696535 -120.230790
34.696377 -120.230843
34.696093 -120.230910
34.695820 -120.231100
34.695499 -120.231134
34.694957 -120.231130
34.694609 -120.231127
34.694467 -120.231123
34.693854 -120.230946
34.693666 -120.230878
34.692904 -120.230600
34.692148 -120.230152
34.691858 -120.230001
34.691532 -120.229756
34.691478 -120.229735
34.691279 -120.229654
34.690883 -120.229623
34.690480 -120.229840
34.690076 -120.230149
34.689956 -120.230315
34.689920 -120.230406
34.689709 -120.230940
34.689414 -120.231455
34.689021 -120.231796
34.688254 -120.232262
34.687827 -120.232462
34.687575 -120.232808
34.687508 -120.232899
34.687461 -120.233049
34.687383 -120.233296
34.687165 -120.233676
34.686940 -120.234069
34.686660 -120.234507
34.686314 -120.235020
34.686139 -120.235339
34.685818 -120.235853
34.685118 -120.236937
34.685224 -120.237400
34.685307 -120.237999
34.685288 -120.238680
34.685245 -120.239292
34.685246 -120.239336
34.685411 -120.239877
34.685496 -120.240063
34.685704 -120.240519
34.686031 -120.240906
34.686527 -120.241317
34.686842 -120.241426
34.686917 -120.241452
34.687027 -120.241558
34.686952 -120.241708
34.686763 -120.241913
34.686663 -120.242021
34.686452 -120.242541
34.686241 -120.243060
34.686043 -120.243632
34.685987 -120.244078
34.685792 -120.244610
34.685684 -120.244721
34.685633 -120.244774
34.685345 -120.245018
34.685158 -120.245164
34.685080 -120.245468
34.684954 -120.245889
34.684610 -120.246199
34.684344 -120.246665
34.684199 -120.246990
34.684105 -120.247201
34.683828 -120.248076
34.683746 -120.248302
34.683585 -120.248748
34.683535 -120.249052
34.683699 -120.249212
34.684109 -120.249688
34.684431 -120.250262
34.684642 -120.250732
34.684676 -120.250809
34.684750 -120.250973
34.684737 -120.251433
34.684783 -120.251843
34.685170 -120.252080
34.685621 -120.252522
34.685708 -120.252667
34.685986 -120.253135
34.686067 -120.253273
34.686347 -120.253665
34.686542 -120.253939
34.687133 -120.254456
34.687525 -120.255050
34.688079 -120.255568
34.688115 -120.255602
34.688346 -120.255934
34.688373 -120.256106
34.688430 -120.256466
34.688608 -120.256909
34.688680 -120.257089
34.688946 -120.257695
34.689263 -120.258440
34.689360 -120.259023
34.689367 -120.259313
34.689513 -120.259642
34.689725 -120.260110
34.689740 -120.260219
34.689784 -120.260539
34.689771 -120.261032
34.689826 -120.261613
34.690047 -120.262269
34.690279 -120.262534
34.690632 -120.262839
34.690774 -120.262962
34.690799 -120.263005
34.691030 -120.263398
34.691185 -120.263898
34.691381 -120.263957
34.691540 -120.263776
34.691582 -120.263283
34.691740 -120.262625
34.692053 -120.262222
34.692141 -120.262170
34.692513 -120.261976
34.692788 -120.261832
34.693042 -120.261825
34.693260 -120.261938
34.693361 -120.261991
34.693570 -120.262067
34.693821 -120.262145
34.694575 -120.262345
34.695863 -120.262617
34.697144 -120.263093
34.697897 -120.263344
34.698445 -120.263383
34.698755 -120.263361
34.699281 -120.263160
34.699894 -120.262860
34.700145 -120.262816
34.700445 -120.262763
34.700666 -120.262925
34.701040 -120.263144
34.701152 -120.263309
34.701243 -120.263442
34.701520 -120.263623
34.701966 -120.263777
34.702496 -120.263951
34.702569 -120.263978
34.702955 -120.264122
34.703261 -120.264253
34.703411 -120.264430
34.703640 -120.264813
34.704081 -120.265155
34.704502 -120.265733
34.704927 -120.266142
34.705037 -120.266248
34.705576 -120.266593
34.706035 -120.266799
34.706330 -120.266977
34.706547 -120.267109
34.706710 -120.267319
34.706768 -120.267782
34.706783 -120.268078
34.706796 -120.268328
34.706758 -120.268701
34.706831 -120.269130
34.707046 -120.269479
34.707488 -120.269803
34.707811 -120.269833
34.708135 -120.269795
34.708193 -120.269765
34.708349 -120.269684
34.708574 -120.269693
34.708855 -120.269732
34.709079 -120.269764
34.709442 -120.269846
34.709572 -120.269928
34.709761 -120.270046
34.709855 -120.270203
34.709927 -120.270649
34.709978 -120.271367
34.709906 -120.271977
34.709772 -120.272227
34.709538 -120.272576
34.709437 -120.272690
34.709175 -120.272988
34.709076 -120.273546
34.709105 -120.274024
34.709219 -120.274489
34.709426 -120.274650
34.709745 -120.274736
34.709873 -120.274770
34.710396 -120.275182
34.710427 -120.275227
34.710564 -120.275426
34.710721 -120.275655
34.710719 -120.275733
34.710706 -120.276217
34.710672 -120.276360
34.710643 -120.276487
34.710602 -120.276531
34.710367 -120.276783
34.710203 -120.277151
34.710100 -120.277811
34.710029 -120.278354
34.709994 -120.278625
34.709751 -120.279280
34.709430 -120.280221
34.709301 -120.280602
34.709201 -120.280894
34.709341 -120.280933
34.709412 -120.280955
34.710053 -120.281149
34.710301 -120.281312
34.710603 -120.281597
34.710722 -120.281785
34.710814 -120.281930
34.710846 -120.281981
34.711059 -120.282432
34.711096 -120.282684
34.711107 -120.282758
34.711241 -120.283496
34.711254 -120.283532
34.711398 -120.283945
34.711759 -120.284658
34.712403 -120.285297
34.712801 -120.285653
34.712962 -120.285949
34.713038 -120.286259
34.713108 -120.286566
34.713151 -120.286758
34.713180 -120.287253
34.713334 -120.287804
34.713424 -120.288131
34.713607 -120.288633
34.713813 -120.289055
34.713954 -120.289345
34.713995 -120.289909
34.713918 -120.290673
34.713713 -120.291465
34.713564 -120.291783
34.713460 -120.291983
34.713248 -120.292043
34.712910 -120.292047
34.712376 -120.292026
34.711909 -120.292070
34.711741 -120.292086
34.711412 -120.292277
34.711251 -120.292526
34.711184 -120.292787
34.711156 -120.292897
34.711123 -120.293083
34.710905 -120.293330
34.710186 -120.293880
34.710101 -120.293946
34.709080 -120.295268
34.708895 -120.295512
34.708716 -120.295748
34.708569 -120.295963
34.708330 -120.295954
34.708220 -120.295933
34.707980 -120.295889
34.707930 -120.295866
34.707160 -120.295516
34.706650 -120.295138
34.706356 -120.295010
34.706261 -120.294969
34.706112 -120.294963
34.706036 -120.294960
34.705860 -120.295083
34.705806 -120.295121
34.705792 -120.295197
34.705773 -120.295290
34.705646 -120.295847
34.705460 -120.296487
34.705332 -120.296804
34.705264 -120.296974
34.704970 -120.297422
34.704778 -120.297755
34.704768 -120.298129
34.704771 -120.298226
34.704775 -120.298385
34.704713 -120.298604
34.704441 -120.298764
34.704199 -120.298890
34.703690 -120.298989
34.703474 -120.299151
34.703349 -120.299430
34.703324 -120.299486
34.703300 -120.299877
34.703359 -120.300271
34.703376 -120.300329
34.703449 -120.300581
34.703476 -120.300952
34.703480 -120.301008
34.703503 -120.301555
34.703227 -120.302020
34.703093 -120.302305
34.702972 -120.302607
34.702411 -120.303078
34.701655 -120.303457
34.701171 -120.303659
34.700422 -120.303783
34.700052 -120.303955
34.699623 -120.304194
34.699470 -120.304442
34.699563 -120.304905
34.699728 -120.305151
34.699820 -120.305290
34.700314 -120.305644
34.700400 -120.305705
34.700903 -120.305827
34.701482 -120.306259
34.701644 -120.306521
34.701695 -120.306694
34.701673 -120.306867
34.701624 -120.307253
34.701756 -120.307565
34.701954 -120.308067
34.702206 -120.308622
34.702244 -120.309271
34.702198 -120.309541
34.702161 -120.309762
34.702094 -120.309882
34.701850 -120.310328
34.701402 -120.311281
34.701236 -120.311684
34.701256 -120.311974
34.701472 -120.312323
34.701660 -120.312579
34.701730 -120.312674
34.701784 -120.312804
34.701888 -120.313056
34.701989 -120.313485
34.702398 -120.313962
34.702808 -120.314421
34.703238 -120.314643
34.703726 -120.314798
34.703976 -120.314914
34.704171 -120.315003
34.704211 -120.315067
34.704427 -120.315406
34.704524 -120.315989
34.704529 -120.316841
34.704456 -120.317434
34.704532 -120.317744
34.704690 -120.317982
34.704689 -120.318174
34.704684 -120.318380
34.704516 -120.318833
34.704508 -120.319140
34.704623 -120.319570
34.704698 -120.320953
34.704655 -120.321479
34.704638 -120.322109
34.704733 -120.322743
34.704732 -120.322779
34.704723 -120.323135
34.704627 -120.323348
34.704588 -120.323436
34.704494 -120.323790
34.704641 -120.324068
34.704892 -120.324147
34.704960 -120.324180
34.705267 -120.324332
34.705666 -120.324672
34.705833 -120.325223
34.705807 -120.325682
34.705755 -120.326038
34.705560 -120.326396
34.705355 -120.326772
34.705296 -120.327400
34.705303 -120.327462
34.705364 -120.327998
34.705355 -120.328322
34.705245 -120.328726
34.704909 -120.329254
34.704386 -120.330310
34.704118 -120.330862
34.703815 -120.331633
34.703729 -120.332209
34.703973 -120.332542
34.704569 -120.332856
34.705044 -120.333011
34.705281 -120.333044
34.705730 -120.333107
34.705995 -120.333203
34.706137 -120.333438
34.706496 -120.333921
34.707262 -120.334208
34.707635 -120.334461
34.707816 -120.334520
34.708003 -120.334374
34.708204 -120.334228
34.708678 -120.333856
34.709303 -120.333659
34.709779 -120.333747
34.710112 -120.333913
34.710236 -120.334003
34.710426 -120.334250
34.710545 -120.334687
34.710567 -120.334766
34.710697 -120.335163
34.710845 -120.335408
34.711016 -120.335841
34.711231 -120.336072
34.711330 -120.336177
34.711421 -120.336207
34.711804 -120.336332
34.712507 -120.336689
34.712789 -120.336832
34.712850 -120.336849
34.713362 -120.336991
34.713936 -120.337083
34.714280 -120.337352
34.714399 -120.337646
34.714187 -120.338200
34.714100 -120.338401
34.713992 -120.338652
34.713823 -120.339140
34.713802 -120.339922
34.713792 -120.340791
34.713719 -120.341439
34.713706 -120.341496
34.713608 -120.341874
34.713602 -120.342095
34.713647 -120.342472
34.713652 -120.342698
34.713660 -120.343052
34.713624 -120.343234
34.713578 -120.343474
34.713482 -120.343896
34.713400 -120.344319
34.713451 -120.345548
34.713944 -120.346440
34.714414 -120.346749
34.714616 -120.346836
34.715150 -120.347068
34.715274 -120.347175
34.715212 -120.347377
34.715191 -120.347702
34.715164 -120.348125
34.715424 -120.348374
34.715983 -120.348499
34.717011 -120.348489
34.717841 -120.348393
34.717886 -120.348388
34.717935 -120.348406
34.718162 -120.348492
34.718345 -120.348560
34.718566 -120.348856
34.718712 -120.349052
34.718758 -120.349151
34.719031 -120.349729
34.719169 -120.350331
34.719571 -120.350517
34.719613 -120.350537
34.719701 -120.350915
34.719729 -120.351444
34.719688 -120.351560
34.719485 -120.352133
34.719519 -120.352952
34.719600 -120.353565
34.719612 -120.353655
34.719544 -120.353732
34.719234 -120.354082
34.718918 -120.355141
34.718862 -120.355328
34.718652 -120.355782
34.718398 -120.356332
34.718360 -120.356709
34.718341 -120.356892
34.718393 -120.357541
34.718294 -120.358577
34.718119 -120.359302
34.717964 -120.360352
34.717909 -120.360810
34.717018 -120.361656
34.716586 -120.362358
34.716499 -120.362951
34.716513 -120.363092
34.716556 -120.363523
34.716565 -120.363618
34.716651 -120.363845
34.716906 -120.364518
34.716920 -120.364589
34.717141 -120.365703
34.717281 -120.366731
34.717406 -120.367695
34.717432 -120.367896
34.717424 -120.368007
34.717407 -120.368269
34.717375 -120.368565
34.717380 -120.368617
34.717390 -120.368721
34.717719 -120.369142
34.718124 -120.369399
34.718583 -120.369373
34.718725 -120.369365
34.718860 -120.369421
34.718965 -120.369530
34.719039 -120.369968
34.719057 -120.370298
34.719066 -120.370364
34.719089 -120.370429
34.719393 -120.371264
34.719612 -120.371477
34.719759 -120.371606
34.720285 -120.372067
34.720601 -120.372318
34.720481 -120.373114
34.720476 -120.373272
34.720470 -120.373522
34.720518 -120.373618
34.720656 -120.373888
34.720723 -120.374203
34.720734 -120.374426
34.720751 -120.374768
34.720705 -120.375096
34.720584 -120.375423
34.720390 -120.375811
34.720313 -120.376106
34.720313 -120.376308
34.720312 -120.376668
34.720322 -120.377333
34.720322 -120.377810
34.720454 -120.378139
34.720679 -120.378149
34.721003 -120.378145
34.721480 -120.378164
34.722278 -120.378333
34.722631 -120.378773
34.723015 -120.379658
34.723369 -120.380081
34.723894 -120.380392
34.724015 -120.380591
34.724150 -120.380812
34.724328 -120.381501
34.724395 -120.381991
34.724421 -120.382186
34.724607 -120.382602
34.725320 -120.383262
34.725801 -120.383691
34.726727 -120.384785
34.727407 -120.385614
34.727595 -120.385945
34.727716 -120.386265
34.727857 -120.386637
34.727830 -120.387096
34.727602 -120.387700
34.727048 -120.388410
34.726364 -120.388706
34.726027 -120.389221
34.725922 -120.389949
34.725901 -120.390693
34.725893 -120.390987
34.726165 -120.391322
34.726693 -120.391548
34.727937 -120.391855
34.728617 -120.392172
34.728991 -120.392392
34.729329 -120.392883
34.729681 -120.393392
34.729800 -120.393669
34.729991 -120.394376
34.730276 -120.394818
34.730469 -120.395384
34.730488 -120.395463
34.730557 -120.395762
34.730535 -120.396034
34.730169 -120.396564
34.729934 -120.396929
34.729868 -120.397250
34.729790 -120.397473
34.729761 -120.397553
34.729783 -120.397848
34.729802 -120.398117
34.729798 -120.398266
34.729779 -120.398951
34.729798 -120.399258
34.729855 -120.399428
34.730019 -120.399915
34.730089 -120.400429
34.730054 -120.400683
34.729859 -120.401118
34.729579 -120.401550
34.729275 -120.401878
34.728939 -120.402307
34.728649 -120.402619
34.728221 -120.402840
34.727820 -120.403208
34.727755 -120.403276
34.727723 -120.403373
34.727682 -120.403500
34.727635 -120.403685
34.727415 -120.403983
34.727306 -120.404353
34.727369 -120.404612
34.727548 -120.404772
34.727712 -120.404932
34.727931 -120.405163
34.728064 -120.405434
34.728144 -120.405598
34.728199 -120.406656
34.728242 -120.407118
34.727921 -120.407531
34.727445 -120.407955
34.727381 -120.408225
34.727159 -120.408624
34.727149 -120.408982
34.727001 -120.409214
34.726780 -120.409455
34.726624 -120.409625
34.726477 -120.409857
34.726287 -120.410122
34.726297 -120.410259
34.726615 -120.410459
34.726969 -120.410883
34.727131 -120.411128
34.727304 -120.411476
34.727558 -120.411947
34.727691 -120.412208
34.727854 -120.412419
34.728202 -120.412570
34.728441 -120.412579
34.728713 -120.412386
34.728940 -120.412333
34.729025 -120.412314
34.729207 -120.412321
34.729297 -120.412632
34.729400 -120.412856
34.729496 -120.413066
34.729933 -120.413544
34.730237 -120.413744
34.730455 -120.413991
34.730679 -120.414022
34.730819 -120.414040
34.731047 -120.414430
34.731074 -120.414477
34.731306 -120.414759
34.731669 -120.415336
34.731989 -120.415655
34.732258 -120.415923
34.732322 -120.416130
34.731800 -120.416688
34.731482 -120.416982
34.731157 -120.417531
34.731002 -120.418053
34.730956 -120.418413
34.730930 -120.418612
34.730943 -120.419063
34.730951 -120.419363
34.730944 -120.419421
34.730896 -120.419820
34.730869 -120.420296
34.731132 -120.420938
34.731529 -120.421716
34.731692 -120.422034
34.731726 -120.422102
34.732065 -120.422783
34.732114 -120.422864
34.732401 -120.423342
34.732526 -120.423909
34.732457 -120.424350
34.732253 -120.425108
34.732188 -120.425310
34.732145 -120.425444
34.732251 -120.425687
34.732545 -120.426211
34.732841 -120.426700
34.733285 -120.427405
34.733326 -120.427470
34.733500 -120.427784
34.733788 -120.428051
34.733894 -120.428277
34.733773 -120.429090
34.733617 -120.430106
34.733625 -120.430418
34.733636 -120.430925
34.733678 -120.431085
34.733763 -120.431407
34.733713 -120.431695
34.733407 -120.432091
34.732780 -120.432849
34.732400 -120.433362
34.731953 -120.433735
34.731213 -120.434540
34.730837 -120.434899
34.730678 -120.435063
34.730471 -120.435412
34.730276 -120.435830
34.730153 -120.436420
34.730146 -120.436455
34.730224 -120.436853
34.730257 -120.437022
34.730635 -120.438060
34.730759 -120.438679
34.730789 -120.439106
34.730930 -120.439382
34.730949 -120.439419
34.731010 -120.439729
34.731080 -120.439766
34.731405 -120.439694
34.731658 -120.439721
34.732217 -120.439847
34.732583 -120.440008
34.732814 -120.440110
34.733019 -120.440323
34.733117 -120.440427
34.733538 -120.440873
34.733845 -120.440971
34.734851 -120.441217
34.735636 -120.441812
34.736218 -120.442143
34.736640 -120.442638
34.737260 -120.443601
34.737390 -120.443981
34.737839 -120.444501
34.738016 -120.444706
34.738280 -120.445313
34.738473 -120.445481
34.739196 -120.445522
34.739683 -120.445542
34.739759 -120.445602
34.739926 -120.445827
34.740238 -120.446072
34.740586 -120.446127
34.741260 -120.446418
34.741576 -120.446726
34.741591 -120.446924
34.741494 -120.447485
34.741468 -120.447876
34.741458 -120.448024
34.741596 -120.448252
34.741672 -120.448377
34.741985 -120.448783
34.742078 -120.448974
34.742637 -120.450113
34.743060 -120.450917
34.743746 -120.451757
34.743818 -120.452079
34.744359 -120.452983
34.744378 -120.453025
34.744414 -120.453107
34.744685 -120.453713
34.744953 -120.454265
34.745101 -120.454787
34.744942 -120.455395
34.744805 -120.455905
34.744583 -120.456040
34.744571 -120.456314
34.744972 -120.457079
34.745033 -120.457193
34.745674 -120.458178
34.745716 -120.458844
34.745301 -120.459275
34.745193 -120.459387
34.745144 -120.459594
34.745055 -120.459971
34.745056 -120.460617
34.745058 -120.460666
34.745103 -120.460785
34.745263 -120.461209
34.745881 -120.462316
34.746722 -120.463408
34.746988 -120.464058
34.747669 -120.465070
34.748245 -120.465512
34.748875 -120.466177
34.749396 -120.467025
34.749495 -120.467186
34.750214 -120.469066
34.750307 -120.469310
34.750994 -120.470125
34.751948 -120.470829
34.752676 -120.471033
34.752974 -120.471117
34.753481 -120.471139
34.753694 -120.471089
34.753930 -120.471034
34.754305 -120.470681
34.754650 -120.470696
34.754939 -120.471224
34.755043 -120.471843
34.754868 -120.473016
34.755128 -120.473838
34.755457 -120.474392
34.755960 -120.474561
34.756078 -120.474657
34.756951 -120.475365
34.757110 -120.475608
34.757495 -120.476199
34.757945 -120.476783
34.758140 -120.477774
34.758358 -120.478668
34.758549 -120.479783
34.758886 -120.480755
34.758999 -120.481901
34.759013 -120.482046
34.759268 -120.483329
34.759278 -120.483378
34.759425 -120.483925
34.759313 -120.484289
34.759202 -120.484376
34.759105 -120.484452
34.759092 -120.484918
34.759152 -120.485658
34.759539 -120.486289
34.759869 -120.486819
34.760370 -120.487750
34.760718 -120.488355
34.761092 -120.488739
34.761549 -120.489078
34.761992 -120.489484
34.762069 -120.489537
34.762247 -120.489700
34.762312 -120.490133
34.762192 -120.490701
34.762152 -120.490890
34.761919 -120.491724
34.761828 -120.492802
34.761092 -120.494393
34.760454 -120.496136
34.759402 -120.498157
34.758292 -120.499363
34.757097 -120.500690
34.756151 -120.501829
34.754794 -120.503173
34.754107 -120.504472
34.753892 -120.505618
34.753852 -120.506418
34.753905 -120.506781
34.753944 -120.507042
34.754062 -120.507237
34.754387 -120.507775
34.754628 -120.508588
34.754658 -120.508904
34.754649 -120.508994
34.754577 -120.509178
34.754508 -120.509351
34.754482 -120.509763
34.754466 -120.510021
34.754474 -120.510059
34.754531 -120.510346
34.754750 -120.510703
34.754914 -120.511210
34.754882 -120.511647
34.754633 -120.512592
34.754180 -120.514104
34.753662 -120.515399
34.753456 -120.516503
34.753453 -120.516586
34.752862 -120.520199
34.752795 -120.521794
34.752427 -120.524015
34.752032 -120.525055
34.751336 -120.526648
34.750395 -120.527616
34.749435 -120.528533
34.747083 -120.530850
34.746804 -120.531125
34.745782 -120.532821
34.745056 -120.534024
34.744486 -120.534811
34.743107 -120.536178
34.742558 -120.536228
34.742005 -120.536329
34.741579 -120.536407
34.739737 -120.536968
34.738703 -120.536948
34.737747 -120.537030
34.736936 -120.536996
34.733813 -120.536961
34.728928 -120.536802
34.727385 -120.536859
34.726336 -120.537354
34.724740 -120.538515
34.722769 -120.540003
34.721496 -120.541251
34.720660 -120.542076
34.719195 -120.544323
34.716143 -120.546723
34.714595 -120.549015
34.713580 -120.551134
34.712878 -120.552234
34.712607 -120.553180
34.711600 -120.555717
34.710620 -120.558009
34.708291 -120.559499
34.707216 -120.560375
34.705776 -120.562782
34.705065 -120.564188
34.704980 -120.564974
34.704961 -120.565142
34.704895 -120.566889
34.704852 -120.568361
34.704793 -120.569851
34.705003 -120.570984
34.704981 -120.571738
34.704808 -120.573481
34.704744 -120.574639
34.704476 -120.575457
34.703902 -120.576887
34.703533 -120.578032
34.702930 -120.579406
34.702511 -120.580582
34.702344 -120.581205
34.702456 -120.582057
34.702686 -120.582528
34.702917 -120.583477
34.703076 -120.584792
34.702979 -120.586347
34.702899 -120.587230
34.702635 -120.588521
34.702274 -120.589078
34.701737 -120.589785
34.701463 -120.590333
34.701194 -120.591767
34.699453 -120.595353
34.699404 -120.595823
34.699336 -120.596148
34.699413 -120.596307
34.700058 -120.596719
34.700741 -120.597524
34.701258 -120.598209
34.701783 -120.598499
34.702383 -120.598912
34.702598 -120.599301
34.702679 -120.599657
34.702744 -120.599906
34.702410 -120.600275
34.701953 -120.600378
34.701541 -120.600515
34.701111 -120.600510
34.700329 -120.600676
34.699766 -120.600692
34.699247 -120.600671
34.698449 -120.600748
34.697931 -120.600781
34.697383 -120.600968
34.696484 -120.601272
34.694876 -120.601823
34.693728 -120.602457
34.693346 -120.603364
34.696990 -120.665172
34.697364 -120.665348
34.698107 -120.665686
34.698403 -120.665887
34.699171 -120.666392
34.699946 -120.666882
34.700687 -120.667330
34.701054 -120.667812
34.701655 -120.668580
34.702268 -120.669335
34.702891 -120.670077
34.703525 -120.670806
34.704169 -120.671522
34.704823 -120.672223
34.705488 -120.672911
34.706162 -120.673585
34.706846 -120.674244
34.707539 -120.674889
34.707552 -120.674901
34.707904 -120.675225
34.708606 -120.675855
34.709317 -120.676470
34.710038 -120.677070
34.710766 -120.677655
34.711503 -120.678224
34.712248 -120.678777
34.713001 -120.679315
34.713762 -120.679837
34.714530 -120.680342
34.715305 -120.680832
34.716087 -120.681305
34.716876 -120.681761
34.717671 -120.682200
34.718472 -120.682623
34.718606 -120.682692
34.719036 -120.683238
34.719648 -120.683994
34.720272 -120.684736
34.720905 -120.685465
34.721550 -120.686180
34.722204 -120.686882
34.722868 -120.687570
34.723543 -120.688244
34.724226 -120.688903
34.724920 -120.689548
34.725622 -120.690179
34.726333 -120.690794
34.727054 -120.691394
34.727782 -120.691979
34.728519 -120.692548
34.729264 -120.693102
34.730017 -120.693639
34.730778 -120.694161
34.731546 -120.694667
34.732321 -120.695156
34.733103 -120.695629
34.733892 -120.696086
34.734687 -120.696525
34.735488 -120.696948
34.736296 -120.697354
34.737109 -120.697742
34.737927 -120.698114
34.738751 -120.698468
34.739580 -120.698804
34.740413 -120.699123
34.741251 -120.699425
34.742093 -120.699708
34.742940 -120.699974
34.743789 -120.700222
34.744643 -120.700452
34.745499 -120.700663
34.746359 -120.700857
34.747221 -120.701032
34.748085 -120.701190
34.748952 -120.701328
34.749820 -120.701449
34.750690 -120.701551
34.751561 -120.701635
34.752434 -120.701700
34.753307 -120.701747
34.754181 -120.701775
34.755055 -120.701785
34.755154 -120.701785
34.755690 -120.701789
34.756564 -120.701780
34.757438 -120.701753
34.758311 -120.701708
34.759184 -120.701644
34.760055 -120.701561
34.760925 -120.701460
34.761794 -120.701341
34.762660 -120.701203
34.763525 -120.701048
34.764387 -120.700873
34.765247 -120.700681
34.766103 -120.700470
34.766957 -120.700242
34.767807 -120.699995
34.768653 -120.699730
34.769496 -120.699448
34.770334 -120.699148
34.771168 -120.698830
34.771997 -120.698494
34.772821 -120.698141
34.773640 -120.697771
34.774453 -120.697383
34.775261 -120.696978
34.776063 -120.696556
34.776858 -120.696118
34.777648 -120.695662
34.778430 -120.695190
34.779206 -120.694701
34.779847 -120.694281
34.780417 -120.694101
34.781259 -120.693818
34.782097 -120.693518
34.782931 -120.693200
34.783760 -120.692864
34.784584 -120.692511
34.785403 -120.692141
34.786217 -120.691753
34.787025 -120.691348
34.787826 -120.690926
34.788622 -120.690487
34.789411 -120.690032
34.790194 -120.689560
34.790969 -120.689071
34.791737 -120.688566
34.792040 -120.688361
34.792353 -120.688247
34.793187 -120.687929
34.794016 -120.687593
34.794840 -120.687240
34.795659 -120.686869
34.795763 -120.686821
34.795904 -120.686782
34.796754 -120.686535
34.797600 -120.686270
34.798443 -120.685988
34.799281 -120.685687
34.800115 -120.685369
34.800944 -120.685033
34.801768 -120.684680
34.802587 -120.684310
34.803400 -120.683922
34.804208 -120.683517
34.805010 -120.683095
34.805805 -120.682656
34.806595 -120.682200
34.807140 -120.681873
34.807593 -120.681749
34.808443 -120.681503
34.809289 -120.681238
34.810132 -120.680955
34.810970 -120.680655
34.811531 -120.680443
34.811980 -120.680310
34.812826 -120.680045
34.813669 -120.679763
34.814507 -120.679462
34.815341 -120.679144
34.816170 -120.678809
34.816994 -120.678455
34.817628 -120.678170
34.817652 -120.678163
34.817687 -120.678152
34.817970 -120.678093
34.818830 -120.677901
34.819686 -120.677690
34.820540 -120.677461
34.821390 -120.677214
34.822236 -120.676949
34.822962 -120.676707
34.823381 -120.676629
34.824243 -120.676455
34.825103 -120.676262
34.825959 -120.676052
34.826813 -120.675823
34.827627 -120.675587
34.828461 -120.675436
34.829323 -120.675262
34.830183 -120.675069
34.831039 -120.674858
34.831893 -120.674629
34.832743 -120.674383
34.833589 -120.674118
34.833904 -120.674015
34.834254 -120.673918
34.834689 -120.673794
34.835290 -120.673658
34.836011 -120.673482
34.836258 -120.673830
34.836837 -120.674624
34.837427 -120.675406
34.837486 -120.675482
34.837963 -120.676263
34.838495 -120.677104
34.839038 -120.677934
34.839594 -120.678753
34.840162 -120.679559
34.840740 -120.680353
34.841223 -120.680995
34.841523 -120.681389
34.842125 -120.682158
34.842737 -120.682915
34.843360 -120.683658
34.843823 -120.684194
34.844390 -120.684972
34.844981 -120.685754
34.845582 -120.686523
34.846194 -120.687280
34.846818 -120.688023
34.847451 -120.688753
34.848096 -120.689470
34.848750 -120.690173
34.849414 -120.690862
34.850089 -120.691537
34.850772 -120.692197
34.851466 -120.692843
34.852168 -120.693474
34.852467 -120.693736
34.852720 -120.694553
34.853040 -120.695540
34.853375 -120.696519
34.853723 -120.697492
34.854085 -120.698457
34.854461 -120.699414
34.854851 -120.700363
34.855254 -120.701304
34.855671 -120.702236
34.856101 -120.703159
34.856545 -120.704073
34.857001 -120.704977
34.857471 -120.705871
34.857953 -120.706756
34.858448 -120.707630
34.858955 -120.708494
34.859475 -120.709346
34.860007 -120.710188
34.860551 -120.711018
34.861106 -120.711836
34.861674 -120.712643
34.862253 -120.713438
34.862843 -120.714220
34.863444 -120.714989
34.864057 -120.715746
34.864680 -120.716490
34.865314 -120.717220
34.865958 -120.717937
34.866612 -120.718640
34.867277 -120.719329
34.867951 -120.720004
34.868635 -120.720664
34.869328 -120.721310
34.870030 -120.721942
34.870742 -120.722558
34.871462 -120.723159
34.872190 -120.723745
34.872927 -120.724315
34.873672 -120.724870
34.874425 -120.725409
34.875186 -120.725931
34.875954 -120.726438
34.876729 -120.726928
34.877511 -120.727402
34.878299 -120.727859
34.879095 -120.728300
34.879896 -120.728723
34.880703 -120.729130
34.881517 -120.729519
34.882335 -120.729891
34.883159 -120.730246
34.883988 -120.730583
34.884821 -120.730902
34.885659 -120.731204
34.886501 -120.731488
34.887347 -120.731754
34.888197 -120.732003
34.889050 -120.732233
34.889907 -120.732445
34.890766 -120.732639
34.891628 -120.732815
34.892493 -120.732972
34.893359 -120.733111
34.894227 -120.733232
34.895097 -120.733334
34.895969 -120.733418
34.896841 -120.733484
34.897714 -120.733530
34.898588 -120.733559
34.899462 -120.733569
34.900336 -120.733560
34.901210 -120.733533
34.902083 -120.733487
34.902956 -120.733423
34.903827 -120.733341
34.904697 -120.733240
34.905566 -120.733120
34.906433 -120.732982
34.907297 -120.732826
34.908159 -120.732652
34.908581 -120.732559
34.908878 -120.732516
34.909745 -120.732378
34.910610 -120.732222
34.911472 -120.732048
34.912331 -120.731855
34.913188 -120.731644
34.914041 -120.731415
34.914892 -120.731168
34.915738 -120.730903
34.916580 -120.730620
34.917419 -120.730319
34.918252 -120.730001
34.919081 -120.729664
34.919905 -120.729311
34.920724 -120.728940
34.921538 -120.728551
34.922346 -120.728146
34.923147 -120.727723
34.923813 -120.727357
34.924001 -120.727386
34.924869 -120.727506
34.925739 -120.727609
34.926610 -120.727693
34.927483 -120.727758
34.928356 -120.727805
34.929230 -120.727833
34.930104 -120.727843
34.930978 -120.727835
34.931852 -120.727808
34.932725 -120.727762
34.933597 -120.727698
34.934469 -120.727615
34.935339 -120.727514
34.936207 -120.727395
34.937074 -120.727257
34.937939 -120.727100
34.938801 -120.726926
34.939660 -120.726733
34.940517 -120.726522
34.941370 -120.726293
34.942220 -120.726046
34.943067 -120.725781
34.943909 -120.725497
34.944747 -120.725197
34.945581 -120.724878
34.946410 -120.724542
34.947234 -120.724188
34.948053 -120.723817
34.948867 -120.723428
34.949674 -120.723023
34.950476 -120.722600
34.951272 -120.722160
34.952061 -120.721704
34.952843 -120.721230
34.953619 -120.720741
34.954387 -120.720235
34.955148 -120.719712
34.955902 -120.719174
34.956647 -120.718620
34.957385 -120.718050
34.958114 -120.717464
34.958644 -120.717024
34.958695 -120.717009
34.959541 -120.716744
34.959802 -120.716658
34.960320 -120.716528
34.961173 -120.716299
34.962023 -120.716052
34.962870 -120.715787
34.963592 -120.715545
34.964311 -120.715351
34.965161 -120.715103
34.966008 -120.714838
34.966850 -120.714555
34.967688 -120.714254
34.968522 -120.713935
34.968666 -120.713878
34.969316 -120.713673
34.970158 -120.713390
34.970996 -120.713089
34.971830 -120.712770
34.972659 -120.712434
34.973070 -120.712260
34.973118 -120.712241
34.973767 -120.712051
34.974613 -120.711786
34.975455 -120.711503
34.976294 -120.711202
34.977127 -120.710883
34.977287 -120.710820
34.977349 -120.710799
34.977849 -120.710634
34.978061 -120.710584
34.978917 -120.710373
34.979771 -120.710144
34.980621 -120.709897
34.981467 -120.709632
34.982310 -120.709348
34.983148 -120.709047
34.983982 -120.708729
34.984807 -120.708394
34.985372 -120.708227
34.986218 -120.707962
34.987061 -120.707679
34.987899 -120.707378
34.988732 -120.707059
34.989360 -120.706806
34.989533 -120.706746
34.990371 -120.706445
34.990579 -120.706367
34.990653 -120.706348
34.990820 -120.706305
34.991061 -120.706255
34.991920 -120.706062
34.992630 -120.705888
34.970977 -120.650570
34.968715 -120.650192
34.966546 -120.649844
34.964555 -120.649335
34.963046 -120.648911
34.962551 -120.648459
34.961456 -120.647471
34.960245 -120.646563
34.959634 -120.645835
34.958534 -120.644505
34.957980 -120.644241
34.957025 -120.644182
34.956166 -120.644212
34.954704 -120.644660
34.954007 -120.644902
34.952084 -120.646167
34.950047 -120.647016
34.948671 -120.647382
34.947651 -120.647644
34.946456 -120.648087
34.945719 -120.648738
34.945183 -120.649260
34.944710 -120.649530
34.944370 -120.649617
34.943925 -120.649461
34.943444 -120.649064
34.943224 -120.648917
34.943068 -120.648962
34.942892 -120.649176
34.942764 -120.649700
34.942593 -120.649778
34.942134 -120.649604
34.941287 -120.649241
34.940875 -120.648916
34.940062 -120.648350
34.939412 -120.647980
34.938829 -120.647697
34.938490 -120.647751
34.938174 -120.647976
34.938103 -120.648451
34.937869 -120.649209
34.937670 -120.649764
34.937253 -120.650053
34.936874 -120.650019
34.936809 -120.649999
34.936038 -120.649760
34.935268 -120.649515
34.935021 -120.649623
34.934667 -120.650177
34.934081 -120.650738
34.933491 -120.651158
34.933078 -120.651250
34.932742 -120.651038
34.932437 -120.650704
34.932079 -120.650211
34.931259 -120.649005
34.931032 -120.648407
34.930701 -120.647610
34.929865 -120.645934
34.929819 -120.645827
34.929615 -120.645359
34.928782 -120.643614
34.928323 -120.642962
34.927849 -120.641865
34.927140 -120.639715
34.926870 -120.637944
34.926808 -120.637651
34.925932 -120.636366
34.925583 -120.635343
34.925165 -120.633821
34.924889 -120.632682
34.924714 -120.631495
34.924566 -120.631250
34.924357 -120.630728
34.924130 -120.629369
34.923726 -120.628292
34.923304 -120.628308
34.922942 -120.628667
34.922317 -120.629784
34.921490 -120.631097
34.921289 -120.631720
34.921054 -120.632512
34.920934 -120.632746
34.920382 -120.632397
34.919754 -120.631772
34.919430 -120.631775
34.918694 -120.631930
34.917851 -120.631893
34.917273 -120.631953
34.916406 -120.631889
34.916094 -120.631867
34.915563 -120.631741
34.914765 -120.631620
34.914377 -120.631415
34.914233 -120.631247
34.913996 -120.630971
34.913521 -120.630404
34.913096 -120.629566
34.912900 -120.629062
34.912580 -120.628928
34.911999 -120.629090
34.911447 -120.629203
34.910262 -120.628826
34.909497 -120.628553
34.909093 -120.628416
34.908511 -120.628117
34.907750 -120.627230
34.907489 -120.626535
34.907294 -120.625997
34.906969 -120.625573
34.906567 -120.625402
34.906104 -120.625364
34.905543 -120.625288
34.904612 -120.624923
34.904183 -120.624665
34.903807 -120.624546
34.903368 -120.624629
34.902883 -120.624403
34.902459 -120.623530
34.902377 -120.622963
