Ventura
34.598003 -119.442603
34.597797 -119.442115
34.597346 -119.441401
34.597312 -119.441379
34.597048 -119.441307
34.596633 -119.441052
34.596158 -119.440626
34.596074 -119.440418
34.595278 -119.439892
34.595020 -119.439670
34.594943 -119.439324
34.594887 -119.438972
34.594755 -119.438676
34.594652 -119.438222
34.594837 -119.437784
34.594952 -119.437486
34.595110 -119.437310
34.595194 -119.436960
34.595164 -119.436575
34.595090 -119.436261
34.595008 -119.435888
34.594863 -119.435569
34.594438 -119.435027
34.593774 -119.434573
34.593180 -119.433976
34.593149 -119.433820
34.593141 -119.433769
34.593290 -119.433431
34.593371 -119.433209
34.593387 -119.432977
34.593396 -119.432831
34.593423 -119.432643
34.593643 -119.432334
34.593860 -119.432174
34.593979 -119.432140
34.594079 -119.432039
34.594151 -119.431795
34.594216 -119.431401
34.594514 -119.431005
34.594697 -119.430904
34.595176 -119.430560
34.595320 -119.430506
34.595454 -119.430455
34.595491 -119.430372
34.595557 -119.430223
34.595668 -119.429643
34.595780 -119.429092
34.595754 -119.428674
34.595747 -119.428223
34.595773 -119.427955
34.595678 -119.427549
34.595623 -119.427396
34.595603 -119.427348
34.595524 -119.427258
34.595381 -119.427116
34.595215 -119.427060
34.595200 -119.426945
34.595184 -119.426891
34.595176 -119.426861
34.595155 -119.426802
34.594895 -119.426604
34.594854 -119.426615
34.594494 -119.426936
34.593768 -119.427375
34.593298 -119.427799
34.593152 -119.427933
34.592950 -119.427868
34.591761 -119.426902
34.591628 -119.426813
34.591185 -119.426228
34.590842 -119.425508
34.590739 -119.425072
34.590520 -119.424707
34.590456 -119.424424
34.590269 -119.424161
34.589936 -119.423891
34.589804 -119.423606
34.589731 -119.423198
34.589711 -119.423122
34.589318 -119.422374
34.588921 -119.421473
34.588453 -119.420730
34.587972 -119.420416
34.587675 -119.420114
34.587758 -119.419752
34.587994 -119.419418
34.588088 -119.419097
34.587912 -119.418645
34.587732 -119.418278
34.587759 -119.418056
34.587940 -119.417711
34.588035 -119.417538
34.587893 -119.416120
34.587915 -119.415898
34.587940 -119.415677
34.588083 -119.415059
34.588145 -119.414167
34.588194 -119.412910
34.587671 -119.412389
34.587444 -119.411853
34.587124 -119.411187
34.586485 -119.410511
34.586400 -119.410397
34.586345 -119.410287
34.586298 -119.410065
34.586334 -119.409976
34.586351 -119.409732
34.586335 -119.409393
34.586260 -119.408817
34.586353 -119.408214
34.586484 -119.407004
34.586581 -119.406273
34.586741 -119.405598
34.586434 -119.404814
34.586302 -119.404535
34.586186 -119.404449
34.585944 -119.404206
34.585754 -119.403834
34.585699 -119.403396
34.585787 -119.402798
34.585859 -119.402222
34.586021 -119.401851
34.586113 -119.401478
34.586099 -119.401002
34.586107 -119.400591
34.586234 -119.400334
34.586323 -119.400078
34.586286 -119.399939
34.586184 -119.399870
34.586096 -119.399591
34.586133 -119.399083
34.586191 -119.398437
34.585987 -119.398089
34.585762 -119.397700
34.585801 -119.397305
34.585953 -119.395781
34.585932 -119.395608
34.585941 -119.395326
34.586041 -119.395015
34.586130 -119.394649
34.586272 -119.393228
34.585787 -119.392917
34.585379 -119.392379
34.585218 -119.391873
34.585085 -119.391227
34.584880 -119.390827
34.584604 -119.390410
34.584486 -119.389991
34.584269 -119.389923
34.584010 -119.390030
34.583793 -119.390014
34.583668 -119.389631
34.583708 -119.389104
34.583604 -119.388527
34.583315 -119.388358
34.582766 -119.388327
34.582529 -119.388157
34.582381 -119.387892
34.582351 -119.387649
34.582342 -119.387575
34.582369 -119.387327
34.582440 -119.387049
34.582503 -119.386750
34.582538 -119.386494
34.582535 -119.385940
34.582551 -119.385497
34.582631 -119.385108
34.582684 -119.384631
34.582729 -119.384116
34.582643 -119.383844
34.582684 -119.383720
34.582700 -119.383673
34.582806 -119.383555
34.582860 -119.383377
34.582831 -119.383337
34.582777 -119.383262
34.582429 -119.383279
34.581944 -119.383262
34.581650 -119.383220
34.581402 -119.383012
34.581015 -119.382494
34.580581 -119.381998
34.580036 -119.381358
34.579791 -119.381395
34.579376 -119.381467
34.579292 -119.381498
34.578906 -119.381324
34.578557 -119.381127
34.578401 -119.380973
34.578124 -119.380543
34.577928 -119.379991
34.577762 -119.379726
34.577477 -119.379495
34.577102 -119.379521
34.576937 -119.379522
34.576707 -119.379435
34.576266 -119.379062
34.575339 -119.378759
34.575009 -119.378662
34.574710 -119.378375
34.574676 -119.378317
34.574428 -119.377990
34.574382 -119.377868
34.574362 -119.377713
34.574010 -119.376426
34.573893 -119.376182
34.573851 -119.376173
34.573544 -119.376219
34.573351 -119.376132
34.573011 -119.375698
34.572950 -119.375273
34.572868 -119.374915
34.572880 -119.374461
34.573008 -119.373920
34.573019 -119.373853
34.573216 -119.373218
34.573315 -119.372863
34.573515 -119.372551
34.573626 -119.372386
34.573786 -119.372150
34.574193 -119.371549
34.574220 -119.371252
34.574219 -119.371008
34.574172 -119.370414
34.574213 -119.369741
34.574222 -119.369386
34.574176 -119.368910
34.574109 -119.368178
34.573871 -119.366974
34.573910 -119.366152
34.573894 -119.365838
34.573587 -119.365142
34.573484 -119.364775
34.573453 -119.364409
34.573252 -119.363660
34.573258 -119.363102
34.573299 -119.362724
34.573330 -119.362439
34.573311 -119.362027
34.572940 -119.361382
34.572874 -119.361083
34.572861 -119.360352
34.572850 -119.359997
34.572820 -119.359532
34.572779 -119.359213
34.572862 -119.359021
34.573017 -119.358876
34.573090 -119.358754
34.573170 -119.358354
34.573370 -119.358020
34.573436 -119.357747
34.573677 -119.357197
34.573868 -119.356365
34.573899 -119.356020
34.573915 -119.355610
34.573850 -119.355378
34.573787 -119.355321
34.573739 -119.355279
34.573670 -119.355280
34.573593 -119.355280
34.573423 -119.355484
34.573188 -119.355691
34.572755 -119.355835
34.572292 -119.355612
34.572028 -119.354950
34.571709 -119.354620
34.571432 -119.353746
34.571172 -119.353095
34.571158 -119.352241
34.571165 -119.351964
34.571173 -119.351720
34.571190 -119.351498
34.571148 -119.351222
34.570893 -119.351028
34.570602 -119.351104
34.570399 -119.350995
34.570215 -119.350830
34.569713 -119.349416
34.569351 -119.348699
34.569115 -119.347950
34.569001 -119.347297
34.569136 -119.346534
34.569046 -119.345906
34.568873 -119.345533
34.568691 -119.345363
34.568195 -119.344991
34.567956 -119.344537
34.567631 -119.344076
34.567478 -119.343745
34.567444 -119.343468
34.567138 -119.342853
34.567107 -119.342791
34.566880 -119.342486
34.566696 -119.342354
34.566576 -119.342156
34.566406 -119.341718
34.565922 -119.342288
34.565681 -119.342478
34.565468 -119.342527
34.565225 -119.342529
34.565031 -119.342425
34.564894 -119.342203
34.564823 -119.341746
34.564695 -119.341494
34.564627 -119.341361
34.564476 -119.341373
34.564298 -119.341387
34.563412 -119.341416
34.562279 -119.341427
34.562029 -119.341430
34.561777 -119.341420
34.561515 -119.341434
34.561331 -119.341435
34.561098 -119.341508
34.560546 -119.341641
34.560314 -119.341667
34.559965 -119.341635
34.559727 -119.341590
34.559659 -119.341614
34.559467 -119.341850
34.559245 -119.342169
34.559006 -119.342675
34.558655 -119.343343
34.558480 -119.344041
34.558374 -119.344135
34.558200 -119.344160
34.557899 -119.344104
34.557480 -119.343838
34.557332 -119.343549
34.557266 -119.343440
34.556740 -119.343222
34.556507 -119.343212
34.556274 -119.343144
34.555934 -119.343088
34.555565 -119.342950
34.555136 -119.342532
34.554893 -119.342369
34.554600 -119.342127
34.553823 -119.341897
34.553619 -119.341770
34.553550 -119.341506
34.553480 -119.341236
34.553338 -119.340274
34.553215 -119.339437
34.553149 -119.339068
34.552979 -119.338125
34.552427 -119.337928
34.551977 -119.337877
34.551676 -119.337751
34.551467 -119.336919
34.551453 -119.336192
34.551393 -119.335864
34.551337 -119.335843
34.551217 -119.335799
34.550637 -119.335918
34.550075 -119.335911
34.548263 -119.336231
34.547924 -119.336268
34.547711 -119.336246
34.547509 -119.336065
34.547414 -119.335978
34.547134 -119.335501
34.547156 -119.335170
34.547167 -119.334538
34.547204 -119.334151
34.547198 -119.333641
34.547488 -119.332882
34.547805 -119.332468
34.547979 -119.332349
34.548133 -119.332113
34.548139 -119.331924
34.548149 -119.331632
34.548145 -119.330975
34.548325 -119.330235
34.548483 -119.329846
34.548542 -119.329587
34.548522 -119.328574
34.548707 -119.328119
34.549046 -119.327535
34.549125 -119.327156
34.549114 -119.327053
34.549101 -119.326932
34.548980 -119.326791
34.548759 -119.326536
34.548555 -119.326326
34.548408 -119.326105
34.548372 -119.325986
34.548157 -119.325263
34.548051 -119.324642
34.548097 -119.324360
34.548049 -119.324287
34.547989 -119.324196
34.547719 -119.324339
34.547485 -119.324273
34.547110 -119.324166
34.546640 -119.324032
34.546278 -119.323843
34.546062 -119.323693
34.545610 -119.323357
34.545521 -119.323291
34.545316 -119.323011
34.545352 -119.322542
34.545443 -119.322290
34.545657 -119.321706
34.545888 -119.321352
34.545984 -119.321187
34.545979 -119.320829
34.545689 -119.320308
34.545566 -119.320158
34.545131 -119.319630
34.545011 -119.319068
34.545073 -119.318408
34.545111 -119.317999
34.545030 -119.317719
34.544442 -119.317245
34.544308 -119.317076
34.544145 -119.316870
34.543947 -119.316203
34.543770 -119.315794
34.543431 -119.315507
34.542953 -119.315379
34.542532 -119.314807
34.542444 -119.314597
34.542044 -119.314190
34.541867 -119.313898
34.541708 -119.313425
34.541416 -119.313070
34.541143 -119.312802
34.540714 -119.312635
34.540502 -119.312347
34.540407 -119.312074
34.540288 -119.311560
34.540377 -119.311190
34.540336 -119.311000
34.540288 -119.310780
34.540332 -119.310360
34.540283 -119.310180
34.539976 -119.309291
34.540189 -119.308985
34.540276 -119.308856
34.540314 -119.308669
34.540183 -119.308018
34.540050 -119.307061
34.540080 -119.306658
34.539966 -119.306257
34.539916 -119.305855
34.539843 -119.304625
34.539910 -119.304420
34.540156 -119.303664
34.540589 -119.302941
34.540781 -119.302611
34.540866 -119.302211
34.540825 -119.302061
34.540757 -119.301813
34.540726 -119.301520
34.540719 -119.300767
34.540767 -119.300277
34.540583 -119.299807
34.540559 -119.299261
34.540522 -119.298443
34.540482 -119.298130
34.540445 -119.297946
34.540242 -119.296950
34.540243 -119.295751
34.540269 -119.295393
34.540087 -119.294500
34.539986 -119.294006
34.540018 -119.293631
34.540170 -119.293244
34.540343 -119.292831
34.540449 -119.292069
34.540631 -119.291310
34.540730 -119.290943
34.540772 -119.290788
34.540769 -119.290590
34.540763 -119.290223
34.541079 -119.288291
34.541151 -119.287991
34.541298 -119.287379
34.541488 -119.287020
34.541691 -119.286637
34.541942 -119.286423
34.542231 -119.286104
34.542256 -119.286012
34.542290 -119.285886
34.542118 -119.285092
34.542053 -119.284556
34.542134 -119.283924
34.542258 -119.283090
34.542178 -119.282797
34.542006 -119.282669
34.541879 -119.282635
34.541530 -119.282580
34.541315 -119.282394
34.540728 -119.281473
34.540619 -119.281145
34.540408 -119.279915
34.540396 -119.279658
34.540414 -119.279435
34.540390 -119.278675
34.540590 -119.278039
34.540831 -119.277767
34.540946 -119.277661
34.541353 -119.276015
34.541455 -119.275240
34.541322 -119.273589
34.541209 -119.273224
34.541169 -119.272990
34.541212 -119.272799
34.541348 -119.272202
34.541597 -119.271731
34.542358 -119.270879
34.542441 -119.270517
34.542509 -119.270221
34.542507 -119.269928
34.542602 -119.269622
34.542648 -119.269562
34.543256 -119.268759
34.543351 -119.268500
34.543369 -119.268336
34.543352 -119.267091
34.543475 -119.266628
34.544017 -119.264871
34.544064 -119.264640
34.544189 -119.263733
34.544150 -119.263064
34.544320 -119.262468
34.544785 -119.260911
34.545170 -119.259143
34.545440 -119.257990
34.546164 -119.257255
34.546352 -119.256908
34.546288 -119.256698
34.545988 -119.256410
34.546003 -119.256236
34.546015 -119.256081
34.546153 -119.255472
34.546381 -119.254130
34.546560 -119.253354
34.546626 -119.253072
34.546627 -119.252634
34.546627 -119.252404
34.546539 -119.251422
34.546531 -119.251076
34.546523 -119.250692
34.546623 -119.250254
34.546686 -119.249979
34.546902 -119.249374
34.546948 -119.248869
34.546920 -119.248617
34.546886 -119.248307
34.546881 -119.247544
34.546856 -119.246704
34.546744 -119.245845
34.546567 -119.245600
34.546275 -119.245419
34.545969 -119.245229
34.545861 -119.245164
34.545555 -119.244976
34.545011 -119.244841
34.544673 -119.244834
34.544351 -119.244777
34.544002 -119.244780
34.543547 -119.244820
34.543169 -119.244976
34.542908 -119.245014
34.542712 -119.244985
34.542401 -119.245029
34.542153 -119.244971
34.541931 -119.244872
34.541696 -119.244663
34.541574 -119.244431
34.541555 -119.244111
34.541591 -119.243845
34.541655 -119.243451
34.541655 -119.242788
34.541700 -119.242378
34.541671 -119.242232
34.541607 -119.241979
34.541613 -119.241598
34.541674 -119.241036
34.541692 -119.240726
34.541828 -119.240023
34.542014 -119.239695
34.542117 -119.239061
34.542227 -119.238110
34.542321 -119.237640
34.542283 -119.236897
34.542131 -119.236727
34.542119 -119.236433
34.542132 -119.236299
34.542191 -119.235682
34.542316 -119.235399
34.542372 -119.235176
34.542302 -119.234754
34.542105 -119.234381
34.541634 -119.234250
34.541241 -119.234155
34.540881 -119.234095
34.540736 -119.234148
34.540706 -119.234075
34.540658 -119.233961
34.540618 -119.233785
34.540563 -119.233319
34.540686 -119.232459
34.540620 -119.232178
34.540412 -119.232098
34.540349 -119.232135
34.540267 -119.232182
34.540112 -119.232078
34.540064 -119.231802
34.539960 -119.231211
34.539987 -119.230847
34.539995 -119.230578
34.539941 -119.230322
34.539590 -119.230076
34.539299 -119.229916
34.539021 -119.229563
34.538896 -119.229505
34.538685 -119.229327
34.538572 -119.229477
34.538439 -119.229936
34.538232 -119.230224
34.538154 -119.230818
34.538109 -119.231410
34.538092 -119.231640
34.537891 -119.232064
34.537275 -119.232704
34.536901 -119.233364
34.536699 -119.233707
34.536390 -119.233897
34.536062 -119.234153
34.535861 -119.234501
34.535795 -119.234701
34.535818 -119.235252
34.535919 -119.235533
34.536181 -119.235963
34.536192 -119.236084
34.536231 -119.236535
34.536217 -119.237031
34.536017 -119.237596
34.535828 -119.238231
34.535811 -119.238665
34.535775 -119.239040
34.535718 -119.239194
34.535487 -119.239536
34.535237 -119.239879
34.535074 -119.240068
34.533666 -119.240457
34.533521 -119.240540
34.533259 -119.240625
34.532915 -119.240451
34.532561 -119.240550
34.532425 -119.240539
34.532373 -119.240426
34.532389 -119.240082
34.532336 -119.239570
34.532358 -119.239238
34.532393 -119.238616
34.532411 -119.238428
34.532445 -119.237794
34.532449 -119.236880
34.532442 -119.236679
34.532437 -119.236504
34.532600 -119.236292
34.532807 -119.236218
34.533024 -119.236010
34.532956 -119.235772
34.532712 -119.235599
34.532371 -119.235367
34.532136 -119.234959
34.531870 -119.234457
34.531636 -119.234155
34.531547 -119.233956
34.531507 -119.233769
34.531621 -119.233393
34.531703 -119.233168
34.531656 -119.232911
34.531540 -119.232771
34.531247 -119.232517
34.531090 -119.232366
34.530923 -119.231910
34.530843 -119.231559
34.530784 -119.230826
34.531007 -119.230126
34.531112 -119.229820
34.531318 -119.229115
34.531478 -119.228648
34.531461 -119.228217
34.531363 -119.227621
34.531268 -119.227045
34.531032 -119.226611
34.531108 -119.226305
34.531232 -119.226046
34.531492 -119.225739
34.531607 -119.225503
34.531718 -119.224728
34.531745 -119.224422
34.531771 -119.223953
34.531808 -119.223753
34.531748 -119.223496
34.531612 -119.223403
34.531369 -119.223277
34.531185 -119.223314
34.530738 -119.223271
34.530477 -119.223368
34.530205 -119.223312
34.529932 -119.223045
34.529748 -119.223093
34.529627 -119.223154
34.529406 -119.223091
34.529060 -119.223253
34.528809 -119.223279
34.528538 -119.223399
34.528101 -119.223507
34.527618 -119.223724
34.527302 -119.224255
34.527236 -119.224502
34.527131 -119.224738
34.527025 -119.224891
34.526764 -119.225000
34.526358 -119.225179
34.526137 -119.225428
34.525983 -119.225558
34.525866 -119.225501
34.525785 -119.224998
34.525793 -119.224871
34.525811 -119.224563
34.525800 -119.224364
34.525649 -119.224191
34.525581 -119.224226
34.525476 -119.224438
34.525341 -119.224650
34.525051 -119.224712
34.524706 -119.224784
34.524456 -119.224955
34.524105 -119.225354
34.523932 -119.225555
34.523738 -119.225663
34.523410 -119.225819
34.523177 -119.225856
34.522836 -119.226015
34.522684 -119.226086
34.522375 -119.226286
34.522124 -119.226394
34.521800 -119.226573
34.521617 -119.226634
34.521382 -119.226545
34.520889 -119.226570
34.520675 -119.226479
34.520334 -119.226283
34.519950 -119.225543
34.519843 -119.225433
34.519590 -119.225176
34.518967 -119.225033
34.518244 -119.224437
34.518032 -119.224184
34.517837 -119.224087
34.517200 -119.224228
34.516667 -119.224216
34.516300 -119.224118
34.515907 -119.223847
34.515493 -119.223738
34.515458 -119.223723
34.515194 -119.223459
34.514989 -119.222934
34.514868 -119.222354
34.514566 -119.221809
34.514351 -119.221408
34.514267 -119.220888
34.514377 -119.220192
34.514392 -119.219636
34.514064 -119.219200
34.513832 -119.218878
34.513598 -119.218348
34.513577 -119.218001
34.513380 -119.217123
34.513701 -119.216587
34.514004 -119.216098
34.514373 -119.215419
34.514809 -119.214289
34.515439 -119.211652
34.515529 -119.211310
34.515782 -119.210053
34.515970 -119.209172
34.516121 -119.208631
34.516444 -119.206812
34.516913 -119.205259
34.517084 -119.204859
34.517137 -119.204120
34.517064 -119.203300
34.516979 -119.202304
34.517003 -119.201494
34.517094 -119.200731
34.517217 -119.200191
34.517593 -119.199193
34.518204 -119.198574
34.518535 -119.198146
34.518655 -119.197990
34.518986 -119.197351
34.519110 -119.196698
34.519140 -119.196454
34.519062 -119.196259
34.518875 -119.195793
34.518539 -119.195180
34.518079 -119.194600
34.517921 -119.194109
34.517811 -119.193688
34.517810 -119.193512
34.517944 -119.193253
34.518039 -119.193151
34.518175 -119.193004
34.518299 -119.192698
34.518304 -119.192110
34.518166 -119.191760
34.518054 -119.191140
34.518001 -119.190343
34.518041 -119.189076
34.517976 -119.188197
34.518029 -119.187752
34.518113 -119.187046
34.518235 -119.185986
34.518430 -119.185466
34.518808 -119.185210
34.519310 -119.184911
34.519536 -119.184637
34.519758 -119.184228
34.519884 -119.183803
34.519902 -119.183498
34.519888 -119.182924
34.519789 -119.182716
34.519545 -119.182573
34.519001 -119.182531
34.518573 -119.182467
34.518438 -119.182083
34.518394 -119.181590
34.518317 -119.181271
34.518184 -119.181120
34.517741 -119.180959
34.517707 -119.180474
34.517791 -119.179767
34.517914 -119.179321
34.518184 -119.178595
34.518206 -119.178487
34.518194 -119.178343
34.518171 -119.178068
34.517738 -119.177188
34.517556 -119.176817
34.517301 -119.176492
34.517037 -119.176119
34.517052 -119.175509
34.517137 -119.175227
34.517137 -119.174847
34.516857 -119.174544
34.516724 -119.174399
34.516509 -119.174342
34.515901 -119.174179
34.515347 -119.173980
34.514940 -119.173520
34.514605 -119.173044
34.514266 -119.172776
34.514241 -119.172769
34.512983 -119.172466
34.512710 -119.172506
34.512477 -119.172473
34.512292 -119.172440
34.512251 -119.172371
34.512189 -119.172266
34.512211 -119.171867
34.512159 -119.171468
34.511921 -119.171015
34.511929 -119.170486
34.511864 -119.170263
34.511443 -119.169729
34.511274 -119.169274
34.511122 -119.168866
34.510848 -119.168458
34.510739 -119.168237
34.510651 -119.168109
34.510503 -119.168070
34.510397 -119.168144
34.510016 -119.168749
34.509746 -119.169021
34.509429 -119.169411
34.508802 -119.169887
34.508411 -119.170161
34.507890 -119.171104
34.507726 -119.171224
34.507366 -119.171448
34.507067 -119.171371
34.506368 -119.171163
34.505932 -119.171324
34.505590 -119.171323
34.505146 -119.171215
34.504918 -119.171191
34.504753 -119.171173
34.504546 -119.171330
34.504300 -119.171518
34.503962 -119.171685
34.503495 -119.171567
34.503038 -119.171534
34.502904 -119.171544
34.502738 -119.171451
34.502762 -119.170701
34.502782 -119.169412
34.502700 -119.167536
34.502804 -119.165882
34.502831 -119.165507
34.502771 -119.165238
34.502466 -119.164655
34.502384 -119.164093
34.502392 -119.163742
34.502552 -119.163202
34.502744 -119.162940
34.502820 -119.162705
34.502724 -119.162233
34.502773 -119.161559
34.502915 -119.161170
34.502953 -119.160959
34.502920 -119.160753
34.502842 -119.160643
34.502704 -119.160452
34.502511 -119.160127
34.502483 -119.160105
34.502140 -119.159901
34.501926 -119.159762
34.501891 -119.159636
34.501836 -119.159435
34.501808 -119.159236
34.501849 -119.158579
34.501698 -119.157865
34.501520 -119.157340
34.501296 -119.157035
34.500782 -119.156745
34.500476 -119.156219
34.500302 -119.155523
34.500547 -119.154900
34.500757 -119.154324
34.500846 -119.153859
34.500643 -119.153361
34.500523 -119.152762
34.500677 -119.151744
34.500450 -119.151028
34.500245 -119.150270
34.500432 -119.149150
34.500689 -119.148585
34.500997 -119.148241
34.501072 -119.147889
34.501099 -119.147596
34.501087 -119.147349
34.501046 -119.147033
34.501044 -119.146752
34.500929 -119.146553
34.500828 -119.146379
34.500759 -119.146181
34.500727 -119.145806
34.500865 -119.145479
34.501022 -119.145111
34.501046 -119.144395
34.501031 -119.143716
34.500860 -119.143314
34.500308 -119.142985
34.499879 -119.142661
34.499624 -119.142254
34.499476 -119.141915
34.499425 -119.141681
34.498837 -119.141226
34.498225 -119.141423
34.497557 -119.141488
34.496457 -119.141327
34.495582 -119.141491
34.494036 -119.141392
34.493192 -119.140871
34.492614 -119.140754
34.491689 -119.140590
34.491226 -119.140402
34.490683 -119.139891
34.490439 -119.139603
34.490088 -119.139452
34.489579 -119.139184
34.489064 -119.138661
34.488870 -119.138484
34.488630 -119.138352
34.488280 -119.138356
34.487755 -119.138477
34.487484 -119.138480
34.487325 -119.138462
34.487102 -119.138465
34.486944 -119.138640
34.486820 -119.138881
34.486724 -119.139066
34.486351 -119.139294
34.486264 -119.139348
34.485937 -119.139388
34.485598 -119.139537
34.485279 -119.140043
34.485041 -119.140389
34.485000 -119.140697
34.484984 -119.140834
34.484966 -119.140940
34.484909 -119.141280
34.484671 -119.141418
34.484417 -119.141420
34.484240 -119.141268
34.484146 -119.140735
34.483911 -119.140314
34.483483 -119.140176
34.482572 -119.139950
34.481394 -119.139659
34.480542 -119.139616
34.479705 -119.139682
34.479201 -119.139752
34.478744 -119.139831
34.478097 -119.139390
34.477798 -119.139079
34.477474 -119.138739
34.476525 -119.139166
34.475724 -119.139342
34.475218 -119.139370
34.474603 -119.139478
34.474096 -119.139479
34.473219 -119.140196
34.472250 -119.140572
34.471900 -119.140634
34.471439 -119.140696
34.470850 -119.140741
34.470150 -119.140669
34.469409 -119.140592
34.469026 -119.140626
34.468652 -119.140706
34.468218 -119.140648
34.467783 -119.140504
34.467422 -119.140359
34.466999 -119.140125
34.466627 -119.139949
34.466328 -119.139684
34.466178 -119.139461
34.465731 -119.139197
34.465398 -119.139350
34.464831 -119.139300
34.464436 -119.139291
34.464039 -119.139411
34.463403 -119.139591
34.462878 -119.139693
34.462279 -119.139826
34.461679 -119.140208
34.461342 -119.140923
34.460876 -119.141225
34.460613 -119.141392
34.460588 -119.141529
34.460414 -119.142472
34.460354 -119.142935
34.460200 -119.143572
34.459889 -119.143820
34.459418 -119.143736
34.459028 -119.143884
34.458814 -119.144071
34.458706 -119.144363
34.458462 -119.144912
34.458062 -119.145192
34.457872 -119.145387
34.457791 -119.145354
34.457566 -119.145261
34.457333 -119.145083
34.456858 -119.144720
34.456482 -119.144067
34.456229 -119.143292
34.456126 -119.142800
34.455924 -119.142264
34.455834 -119.141757
34.455658 -119.140932
34.455566 -119.140308
34.455487 -119.139997
34.455382 -119.139236
34.455248 -119.138720
34.455048 -119.138355
34.454745 -119.138358
34.454236 -119.138402
34.453981 -119.138405
34.453663 -119.138409
34.453153 -119.138395
34.452819 -119.138252
34.452662 -119.138184
34.451863 -119.137630
34.451483 -119.137721
34.451179 -119.137455
34.451051 -119.137189
34.450839 -119.136746
34.450512 -119.136473
34.450260 -119.136441
34.449874 -119.136210
34.449632 -119.135986
34.449297 -119.135808
34.448773 -119.136243
34.448150 -119.136400
34.447728 -119.136121
34.447119 -119.136258
34.446671 -119.136172
34.446452 -119.136052
34.446344 -119.136037
34.446178 -119.135786
34.445932 -119.135661
34.445810 -119.135642
34.445587 -119.135712
34.445289 -119.135692
34.445205 -119.135636
34.445090 -119.135575
34.444354 -119.135203
34.443900 -119.135217
34.443246 -119.135814
34.442921 -119.136039
34.442884 -119.136063
34.442112 -119.136523
34.441632 -119.136717
34.441069 -119.136954
34.440697 -119.137071
34.440382 -119.137277
34.439953 -119.137349
34.439655 -119.137308
34.437440 -119.136859
34.437333 -119.136852
34.435862 -119.136573
34.434752 -119.136364
34.433349 -119.136389
34.432148 -119.136665
34.430825 -119.137141
34.429731 -119.137457
34.428530 -119.137713
34.427437 -119.138088
34.426785 -119.138395
34.426131 -119.138543
34.425390 -119.138367
34.424849 -119.138223
34.424399 -119.138192
34.423920 -119.138134
34.422755 -119.138089
34.422260 -119.138292
34.422165 -119.138293
34.420980 -119.138250
34.420260 -119.138770
34.419585 -119.138951
34.418645 -119.138975
34.418281 -119.138903
34.417811 -119.138777
34.417694 -119.139058
34.417630 -119.139522
34.417478 -119.140212
34.417363 -119.140849
34.417294 -119.141300
34.416958 -119.141825
34.416427 -119.142291
34.415805 -119.142500
34.415430 -119.142613
34.415127 -119.142702
34.415221 -119.143284
34.415039 -119.144063
34.415033 -119.144908
34.415052 -119.145756
34.415077 -119.146761
34.415099 -119.147365
34.415141 -119.148141
34.415043 -119.148648
34.414974 -119.148843
34.414983 -119.149116
34.415052 -119.149405
34.415116 -119.149494
34.415337 -119.149794
34.415693 -119.150329
34.415750 -119.150415
34.415777 -119.150779
34.415642 -119.151196
34.415637 -119.151241
34.415576 -119.151290
34.415408 -119.151706
34.415150 -119.152091
34.415103 -119.152373
34.415199 -119.152388
34.415683 -119.152536
34.415839 -119.152721
34.416495 -119.153280
34.416676 -119.153374
34.417157 -119.153645
34.417173 -119.153940
34.417083 -119.154363
34.416964 -119.154765
34.416752 -119.155205
34.416447 -119.155627
34.416202 -119.155868
34.415692 -119.156168
34.414959 -119.156173
34.414842 -119.156256
34.414836 -119.156476
34.415049 -119.156718
34.415143 -119.156905
34.415189 -119.157142
34.415194 -119.157789
34.415554 -119.158109
34.415736 -119.158561
34.415864 -119.158883
34.415868 -119.159444
34.415668 -119.160115
34.415450 -119.160668
34.415167 -119.160896
34.415048 -119.160902
34.414960 -119.160906
34.414793 -119.160970
34.414761 -119.161061
34.414722 -119.161171
34.414698 -119.161235
34.414701 -119.161310
34.414711 -119.161620
34.414556 -119.162374
34.414380 -119.162803
34.413974 -119.163242
34.412846 -119.164459
34.412658 -119.164742
34.412655 -119.165125
34.412695 -119.165434
34.412639 -119.166551
34.412764 -119.167602
34.412781 -119.167751
34.412776 -119.167883
34.412593 -119.168616
34.412391 -119.169067
34.412023 -119.169899
34.411964 -119.170666
34.411739 -119.171748
34.411654 -119.172375
34.411431 -119.173586
34.411367 -119.174536
34.411403 -119.175960
34.411372 -119.176673
34.411437 -119.177325
34.411435 -119.177550
34.411428 -119.178278
34.411449 -119.178621
34.411460 -119.178713
34.411470 -119.178975
34.411566 -119.179311
34.412299 -119.180181
34.412785 -119.180716
34.412994 -119.180973
34.413538 -119.182025
34.413816 -119.183360
34.413836 -119.183662
34.413587 -119.184237
34.413492 -119.184676
34.413595 -119.185255
34.413634 -119.185568
34.413645 -119.186340
34.413680 -119.186803
34.413640 -119.187339
34.413450 -119.187431
34.413241 -119.187538
34.413020 -119.187614
34.412615 -119.187625
34.412537 -119.187619
34.412210 -119.187598
34.411999 -119.187743
34.411560 -119.188326
34.410922 -119.189344
34.410561 -119.189813
34.410258 -119.190146
34.410098 -119.190322
34.409862 -119.190974
34.409620 -119.191392
34.409223 -119.191913
34.408809 -119.192181
34.408474 -119.192302
34.408271 -119.192375
34.408159 -119.192506
34.407763 -119.192965
34.407102 -119.193414
34.406701 -119.193817
34.406443 -119.193987
34.406240 -119.194076
34.405904 -119.194136
34.405089 -119.194207
34.404851 -119.194411
34.404782 -119.194414
34.404673 -119.194419
34.404450 -119.194485
34.403888 -119.194639
34.403111 -119.194629
34.402740 -119.194744
34.402231 -119.194873
34.401966 -119.195198
34.401873 -119.195237
34.401558 -119.195274
34.401163 -119.195665
34.401023 -119.195683
34.400731 -119.195651
34.400407 -119.195523
34.400127 -119.195612
34.399827 -119.195862
34.399526 -119.196136
34.399222 -119.196637
34.399156 -119.196911
34.399060 -119.197448
34.399019 -119.197654
34.398865 -119.197831
34.398524 -119.198039
34.398495 -119.198051
34.398469 -119.198066
34.398263 -119.198190
34.398184 -119.198396
34.398088 -119.198647
34.398053 -119.198862
34.397963 -119.199271
34.397875 -119.199474
34.397727 -119.199521
34.397678 -119.199530
34.397600 -119.199564
34.397241 -119.199742
34.397203 -119.199766
34.397096 -119.199878
34.397048 -119.199936
34.396998 -119.200164
34.396949 -119.200693
34.396869 -119.200803
34.396617 -119.200924
34.396450 -119.201230
34.396305 -119.201406
34.396130 -119.201505
34.396079 -119.201677
34.396084 -119.201847
34.396056 -119.202154
34.395984 -119.202612
34.395970 -119.202701
34.396076 -119.203068
34.396139 -119.203305
34.396172 -119.203746
34.396129 -119.203883
34.396059 -119.204056
34.395791 -119.204476
34.395604 -119.204813
34.395389 -119.205434
34.395220 -119.205809
34.395134 -119.206001
34.395121 -119.206122
34.395083 -119.206479
34.394958 -119.206688
34.394823 -119.206887
34.394680 -119.207108
34.394586 -119.208007
34.394531 -119.208350
34.394384 -119.208447
34.394160 -119.208491
34.394009 -119.208464
34.393832 -119.208429
34.393773 -119.208418
34.393542 -119.208542
34.393480 -119.208606
34.393405 -119.208684
34.393314 -119.208926
34.393196 -119.209361
34.392987 -119.209880
34.392664 -119.210348
34.392385 -119.210451
34.392240 -119.210531
34.392209 -119.210545
34.392179 -119.210565
34.392091 -119.210645
34.392073 -119.210670
34.392039 -119.210692
34.391972 -119.210841
34.391781 -119.211188
34.391720 -119.211421
34.391598 -119.211698
34.391331 -119.211869
34.391072 -119.212016
34.390382 -119.211974
34.390299 -119.211969
34.390113 -119.211958
34.390022 -119.212052
34.389905 -119.212216
34.389788 -119.212380
34.389585 -119.212480
34.389314 -119.212526
34.389023 -119.212517
34.388599 -119.212490
34.388194 -119.212304
34.387349 -119.212117
34.387218 -119.212145
34.387047 -119.212247
34.386868 -119.212353
34.386503 -119.212404
34.386102 -119.212309
34.385898 -119.212261
34.385868 -119.212266
34.384851 -119.212422
34.384347 -119.212512
34.384179 -119.212666
34.384105 -119.212863
34.384109 -119.213013
34.384115 -119.213191
34.384039 -119.213455
34.383894 -119.213642
34.383808 -119.213884
34.383622 -119.213960
34.383320 -119.213906
34.383000 -119.213793
34.382950 -119.213776
34.382921 -119.213783
34.382689 -119.213844
34.382116 -119.213824
34.381954 -119.213832
34.381611 -119.213884
34.381487 -119.213818
34.381043 -119.213573
34.380904 -119.213258
34.380728 -119.212915
34.380407 -119.212593
34.380353 -119.212404
34.380346 -119.212355
34.380332 -119.212319
34.380313 -119.212153
34.380291 -119.211899
34.380306 -119.211619
34.380295 -119.211268
34.380264 -119.211168
34.380232 -119.211156
34.380103 -119.211107
34.379954 -119.211148
34.379686 -119.211296
34.379233 -119.211520
34.378953 -119.211589
34.378743 -119.211591
34.378362 -119.211594
34.378068 -119.211788
34.377679 -119.211952
34.377430 -119.212111
34.377118 -119.212075
34.376987 -119.212063
34.376893 -119.211915
34.376839 -119.211809
34.376785 -119.211691
34.376723 -119.211607
34.376627 -119.211402
34.376471 -119.211245
34.376372 -119.211077
34.376270 -119.210819
34.376248 -119.210784
34.375875 -119.210462
34.375521 -119.210079
34.375407 -119.210001
34.375221 -119.209925
34.374696 -119.209753
34.374601 -119.209637
34.374489 -119.209509
34.374428 -119.209442
34.374387 -119.209374
34.374290 -119.209196
34.374245 -119.209044
34.374149 -119.208867
34.373994 -119.208697
34.373746 -119.208621
34.373594 -119.208604
34.373099 -119.208683
34.372743 -119.208710
34.372502 -119.208789
34.372287 -119.208844
34.372145 -119.208794
34.371817 -119.208503
34.371559 -119.208260
34.371487 -119.208090
34.371329 -119.207953
34.371256 -119.207953
34.371057 -119.207955
34.370815 -119.207890
34.370692 -119.207847
34.370438 -119.207911
34.370147 -119.207834
34.370082 -119.207833
34.369857 -119.207790
34.369637 -119.207734
34.369465 -119.207676
34.369333 -119.207484
34.369219 -119.207277
34.369184 -119.207266
34.368997 -119.207280
34.368620 -119.207246
34.368450 -119.207204
34.368336 -119.207186
34.368032 -119.207113
34.367873 -119.206900
34.367825 -119.206767
34.367799 -119.206704
34.367658 -119.206385
34.367517 -119.206069
34.367382 -119.205690
34.367293 -119.205389
34.367239 -119.205066
34.367115 -119.204598
34.367061 -119.204234
34.366964 -119.204016
34.366856 -119.203992
34.366696 -119.203966
34.366308 -119.203893
34.366212 -119.203818
34.366022 -119.203621
34.365924 -119.203593
34.365358 -119.203505
34.365226 -119.203511
34.365049 -119.203542
34.364828 -119.203665
34.364630 -119.203675
34.364495 -119.203556
34.364431 -119.203346
34.364420 -119.203231
34.364422 -119.203198
34.364432 -119.203038
34.364229 -119.201337
34.364141 -119.201106
34.363976 -119.201003
34.363872 -119.200879
34.363823 -119.200654
34.363826 -119.200427
34.363755 -119.200283
34.363679 -119.200253
34.363567 -119.200269
34.362777 -119.200650
34.362483 -119.200737
34.362317 -119.200812
34.362009 -119.200894
34.361834 -119.200970
34.361537 -119.201086
34.360564 -119.201209
34.360260 -119.201238
34.360018 -119.201448
34.359571 -119.201571
34.359478 -119.201609
34.359327 -119.201876
34.359249 -119.202083
34.359002 -119.202305
34.358770 -119.202389
34.358716 -119.202412
34.358566 -119.202567
34.358462 -119.202644
34.358381 -119.202616
34.358337 -119.202611
34.358227 -119.202592
34.357945 -119.202555
34.357582 -119.202527
34.357306 -119.202523
34.357256 -119.202542
34.357068 -119.202607
34.356952 -119.202596
34.356784 -119.202598
34.356664 -119.202591
34.356486 -119.202632
34.356304 -119.202793
34.356136 -119.202812
34.355990 -119.202943
34.355596 -119.203256
34.355428 -119.203286
34.355147 -119.203321
34.354945 -119.203455
34.354722 -119.203533
34.354441 -119.203596
34.354215 -119.203850
34.354069 -119.203958
34.353892 -119.204000
34.353750 -119.203973
34.353359 -119.203798
34.353317 -119.203778
34.353219 -119.203727
34.353144 -119.203686
34.352953 -119.203711
34.352915 -119.203706
34.352886 -119.203746
34.352768 -119.203787
34.352706 -119.203786
34.352463 -119.203621
34.351992 -119.203426
34.351611 -119.203339
34.351359 -119.203226
34.351117 -119.203124
34.350952 -119.203053
34.350762 -119.203003
34.350502 -119.202891
34.350336 -119.202642
34.350092 -119.202280
34.349880 -119.202080
34.349645 -119.202055
34.349460 -119.202163
34.349286 -119.202307
34.349073 -119.202407
34.348905 -119.202437
34.348314 -119.202453
34.347712 -119.202667
34.347377 -119.203129
34.347208 -119.203408
34.347043 -119.203551
34.346938 -119.203744
34.346916 -119.203785
34.346921 -119.204152
34.346872 -119.204278
34.346861 -119.204621
34.346826 -119.204805
34.346801 -119.205001
34.346696 -119.205182
34.346623 -119.205241
34.346434 -119.205433
34.346348 -119.205505
34.346073 -119.205767
34.345938 -119.205983
34.345658 -119.206378
34.345383 -119.206672
34.345550 -119.207167
34.345584 -119.207347
34.345588 -119.207468
34.345589 -119.207527
34.345403 -119.207864
34.345060 -119.208813
34.344954 -119.209218
34.344810 -119.209624
34.344769 -119.209713
34.344663 -119.209613
34.344499 -119.209499
34.344252 -119.209523
34.343911 -119.209697
34.343613 -119.210084
34.343578 -119.210187
34.343518 -119.210371
34.343308 -119.210539
34.343188 -119.210612
34.343032 -119.210637
34.342702 -119.210679
34.342478 -119.210735
34.342165 -119.210841
34.341888 -119.211499
34.341851 -119.212008
34.341636 -119.212869
34.341629 -119.213230
34.341599 -119.213411
34.341487 -119.213450
34.341311 -119.213526
34.341250 -119.213654
34.341165 -119.213940
34.341030 -119.214150
34.340905 -119.214243
34.340850 -119.214396
34.340841 -119.214713
34.340846 -119.214871
34.340654 -119.215360
34.340402 -119.215216
34.340255 -119.215192
34.340104 -119.215165
34.339954 -119.215183
34.339862 -119.215233
34.339629 -119.215277
34.339525 -119.215248
34.339267 -119.215124
34.339013 -119.214935
34.338872 -119.214944
34.338662 -119.214984
34.338495 -119.215112
34.338245 -119.215216
34.338107 -119.215232
34.337929 -119.215245
34.337794 -119.215271
34.337717 -119.215248
34.337633 -119.215217
34.337557 -119.215181
34.337286 -119.215099
34.337125 -119.214994
34.336954 -119.215013
34.336823 -119.215030
34.336459 -119.215080
34.336196 -119.215081
34.335905 -119.215082
34.335762 -119.215021
34.335215 -119.214638
34.334907 -119.214516
34.334830 -119.214289
34.334788 -119.214171
34.334728 -119.214144
34.334626 -119.214099
34.334482 -119.213981
34.334275 -119.213730
34.333965 -119.213633
34.333708 -119.213545
34.333435 -119.213301
34.333304 -119.212984
34.333318 -119.212802
34.333338 -119.212456
34.333343 -119.212064
34.333280 -119.211692
34.333089 -119.211393
34.332960 -119.211213
34.332851 -119.210822
34.332683 -119.210487
34.332809 -119.210122
34.332965 -119.209738
34.332993 -119.209428
34.332885 -119.209083
34.332679 -119.208922
34.332069 -119.208981
34.331797 -119.208971
34.331461 -119.208911
34.331275 -119.208822
34.331034 -119.208765
34.330603 -119.208733
34.330217 -119.208600
34.330035 -119.208393
34.329868 -119.208249
34.329445 -119.208226
34.328999 -119.208176
34.328682 -119.208115
34.328478 -119.208008
34.328310 -119.207855
34.328119 -119.207960
34.327673 -119.208317
34.327387 -119.208576
34.327356 -119.208606
34.327177 -119.208685
34.327132 -119.208704
34.326913 -119.208825
34.326649 -119.208855
34.326393 -119.208812
34.326241 -119.208649
34.326065 -119.208378
34.325853 -119.208198
34.325648 -119.208027
34.325473 -119.207893
34.325292 -119.207867
34.325096 -119.207987
34.324939 -119.208171
34.324722 -119.208392
34.324467 -119.208576
34.324181 -119.208688
34.323941 -119.208695
34.323808 -119.208773
34.323682 -119.208838
34.323536 -119.208877
34.323305 -119.208867
34.323054 -119.208920
34.322937 -119.208921
34.322641 -119.209439
34.322629 -119.209469
34.322606 -119.209510
34.322345 -119.210018
34.322230 -119.210176
34.322111 -119.210283
34.322013 -119.210457
34.321806 -119.210715
34.321752 -119.210819
34.321747 -119.210887
34.321732 -119.211080
34.321615 -119.211244
34.321594 -119.211289
34.321456 -119.211579
34.321428 -119.211726
34.321367 -119.212036
34.321285 -119.212108
34.321091 -119.212151
34.320941 -119.212214
34.320684 -119.212395
34.320369 -119.212556
34.320208 -119.212569
34.320009 -119.212536
34.319737 -119.212796
34.319517 -119.212925
34.319172 -119.213055
34.318943 -119.213272
34.318638 -119.213445
34.318515 -119.213529
34.318149 -119.213558
34.317907 -119.213548
34.317806 -119.213475
34.317776 -119.213467
34.317601 -119.213242
34.317418 -119.212989
34.317365 -119.212931
34.317310 -119.212878
34.317127 -119.212823
34.316906 -119.212774
34.316673 -119.212679
34.316630 -119.212662
34.316454 -119.212589
34.316244 -119.212490
34.316228 -119.212409
34.316205 -119.212314
34.316167 -119.212164
34.316029 -119.211774
34.315899 -119.211575
34.315777 -119.211421
34.315595 -119.211296
34.315398 -119.211189
34.315035 -119.211065
34.314747 -119.210849
34.314436 -119.210707
34.314066 -119.210610
34.313809 -119.210577
34.313743 -119.210607
34.313559 -119.210760
34.313056 -119.210879
34.312992 -119.210844
34.312879 -119.210785
34.312708 -119.210706
34.312481 -119.210563
34.312299 -119.210501
34.312163 -119.210576
34.311997 -119.210738
34.311673 -119.210905
34.311258 -119.211193
34.311142 -119.211429
34.311017 -119.211594
34.310954 -119.211570
34.310829 -119.211499
34.310626 -119.211429
34.310524 -119.211448
34.310293 -119.211412
34.310024 -119.211266
34.309860 -119.211174
34.309600 -119.211255
34.309222 -119.211258
34.308677 -119.211277
34.308562 -119.211265
34.308404 -119.211191
34.308246 -119.211079
34.308097 -119.210779
34.307930 -119.210508
34.307798 -119.210109
34.307593 -119.209929
34.307443 -119.209949
34.307323 -119.210096
34.307150 -119.210261
34.306911 -119.210573
34.306679 -119.210894
34.306502 -119.211126
34.306450 -119.211199
34.306413 -119.211274
34.306262 -119.211422
34.306241 -119.211447
34.306133 -119.211681
34.306039 -119.211796
34.305974 -119.211830
34.305872 -119.211924
34.305800 -119.212064
34.305667 -119.212273
34.305489 -119.212509
34.305062 -119.213032
34.304879 -119.213175
34.304852 -119.213203
34.304810 -119.213228
34.304598 -119.213339
34.304384 -119.213429
34.303985 -119.213487
34.303798 -119.213375
34.303596 -119.213303
34.303398 -119.213320
34.303088 -119.213260
34.302831 -119.213180
34.302612 -119.213082
34.302225 -119.212886
34.301923 -119.212889
34.301614 -119.212874
34.301388 -119.212904
34.301223 -119.212911
34.301132 -119.212920
34.301038 -119.212947
34.300965 -119.212970
34.300797 -119.213113
34.300619 -119.213279
34.300525 -119.213317
34.300287 -119.213239
34.300235 -119.213234
34.299894 -119.213055
34.299807 -119.213005
34.299705 -119.212984
34.299442 -119.212835
34.299315 -119.212697
34.299182 -119.212607
34.298908 -119.212346
34.298608 -119.212054
34.298573 -119.212026
34.298541 -119.212020
34.298265 -119.212007
34.298137 -119.212081
34.297820 -119.212075
34.297328 -119.211916
34.297025 -119.211801
34.296579 -119.211632
34.296133 -119.211555
34.296078 -119.211547
34.295880 -119.211557
34.295670 -119.211584
34.295470 -119.211578
34.295309 -119.211599
34.295089 -119.211745
34.294877 -119.211898
34.294704 -119.212027
34.294632 -119.212079
34.294261 -119.212394
34.294009 -119.212447
34.293768 -119.212463
34.293569 -119.212414
34.293376 -119.212271
34.293202 -119.212185
34.292891 -119.211997
34.292557 -119.211653
34.292253 -119.211340
34.292085 -119.211307
34.291868 -119.211361
34.291719 -119.211404
34.291560 -119.211512
34.291079 -119.211630
34.290913 -119.211712
34.290829 -119.211790
34.290227 -119.212215
34.289952 -119.212489
34.289592 -119.212746
34.289364 -119.212918
34.289152 -119.213068
34.288857 -119.213242
34.288140 -119.213611
34.287825 -119.213891
34.287401 -119.214212
34.287088 -119.214347
34.286745 -119.214563
34.286403 -119.214840
34.286171 -119.214891
34.285858 -119.215046
34.285500 -119.215259
34.285107 -119.215597
34.284793 -119.216053
34.283917 -119.217974
34.283015 -119.218593
34.281546 -119.219623
34.280644 -119.220242
34.279788 -119.220352
34.279443 -119.220701
34.278578 -119.222169
34.278306 -119.222324
34.277615 -119.222470
34.277459 -119.222476
34.276019 -119.223119
34.275500 -119.223583
34.275395 -119.223900
34.275330 -119.224056
34.274330 -119.226275
34.273450 -119.227122
34.272887 -119.228237
34.272242 -119.229192
34.271608 -119.230485
34.271577 -119.230730
34.271458 -119.230997
34.271279 -119.231192
34.271080 -119.231436
34.270824 -119.232188
34.270609 -119.232988
34.270433 -119.233715
34.270354 -119.233885
34.270036 -119.234302
34.269797 -119.234616
34.268982 -119.235736
34.268488 -119.236294
34.268002 -119.236600
34.266872 -119.237805
34.265928 -119.238449
34.264669 -119.239299
34.263378 -119.240099
34.262731 -119.241096
34.261982 -119.242678
34.261462 -119.245274
34.260866 -119.246310
34.259680 -119.247649
34.258681 -119.248620
34.255658 -119.250600
34.250717 -119.253217
34.249586 -119.253863
34.248696 -119.254544
34.248228 -119.255001
34.247799 -119.255593
34.247396 -119.256270
34.247050 -119.256899
34.246835 -119.257262
34.246732 -119.257544
34.246580 -119.258245
34.246346 -119.259597
34.246072 -119.261603
34.245874 -119.264030
34.245584 -119.265431
34.245330 -119.266330
34.245156 -119.266694
34.244846 -119.266887
34.244440 -119.267010
34.243911 -119.266996
34.243426 -119.266882
34.243036 -119.266872
34.242506 -119.266891
34.242022 -119.266711
34.241580 -119.266514
34.241148 -119.266519
34.240891 -119.266865
34.239984 -119.266958
34.239582 -119.266830
34.238848 -119.266609
34.238486 -119.266566
34.238039 -119.266637
34.237789 -119.266614
34.237374 -119.266435
34.237126 -119.266328
34.236998 -119.266324
34.236861 -119.266321
34.236708 -119.266294
34.236547 -119.266266
34.235924 -119.265984
34.235453 -119.265927
34.235153 -119.265855
34.234881 -119.265741
34.234567 -119.265584
34.234267 -119.265441
34.234110 -119.265412
34.233896 -119.265370
34.233367 -119.265241
34.233210 -119.265255
34.233129 -119.265667
34.212960 -119.321614
34.213681 -119.321956
34.214500 -119.322325
34.215323 -119.322677
34.216152 -119.323011
34.216986 -119.323328
34.217697 -119.323584
34.217750 -119.323602
34.217861 -119.323643
34.218693 -119.323941
34.218956 -119.324037
34.219403 -119.324378
34.220148 -119.324928
34.220901 -119.325462
34.221662 -119.325981
34.222430 -119.326484
34.223205 -119.326970
34.223987 -119.327440
34.224776 -119.327894
34.225571 -119.328331
34.226024 -119.328571
34.226177 -119.329056
34.226497 -119.330036
34.226832 -119.331008
34.227180 -119.331973
34.227542 -119.332931
34.227918 -119.333881
34.228308 -119.334823
34.228712 -119.335757
34.229129 -119.336682
34.229559 -119.337598
34.229922 -119.338344
34.230109 -119.338772
34.230444 -119.339518
34.230746 -119.340185
34.231177 -119.341101
34.231620 -119.342008
34.232077 -119.342906
34.232546 -119.343793
34.233028 -119.344671
34.233523 -119.345539
34.234031 -119.346396
34.234550 -119.347242
34.235082 -119.348077
34.235526 -119.348752
34.236020 -119.349499
34.236235 -119.349817
34.236461 -119.350156
34.237017 -119.350968
34.237257 -119.351310
34.237395 -119.351518
34.237888 -119.352263
34.238444 -119.353075
34.238679 -119.353410
34.238873 -119.353691
34.239440 -119.354491
34.240019 -119.355280
34.240609 -119.356056
34.240996 -119.356550
34.241515 -119.357232
34.241542 -119.357266
34.241751 -119.357542
34.242090 -119.358357
34.242493 -119.359291
34.242910 -119.360216
34.243340 -119.361133
34.243437 -119.361334
34.243561 -119.361604
34.243991 -119.362520
34.244017 -119.362574
34.244201 -119.362978
34.244510 -119.363640
34.244679 -119.364010
34.245109 -119.364926
34.245345 -119.365414
34.245442 -119.365617
34.245886 -119.366524
34.246342 -119.367422
34.246812 -119.368310
34.247069 -119.368784
34.247357 -119.369324
34.247840 -119.370202
34.248335 -119.371070
34.248842 -119.371927
34.249022 -119.372223
34.249429 -119.372910
34.249949 -119.373756
34.250481 -119.374592
34.250810 -119.375093
34.250860 -119.375171
34.251404 -119.375995
34.251960 -119.376808
34.252527 -119.377609
34.253106 -119.378397
34.253697 -119.379174
34.254298 -119.379938
34.254910 -119.380689
34.255534 -119.381427
34.256144 -119.382126
34.256687 -119.382745
34.257331 -119.383456
34.257985 -119.384154
34.258650 -119.384838
34.259324 -119.385509
34.260008 -119.386164
34.260015 -119.386171
34.260494 -119.386628
34.261187 -119.387269
34.261890 -119.387896
34.262601 -119.388508
34.263032 -119.388867
34.263433 -119.389210
34.264154 -119.389807
34.264882 -119.390388
34.265320 -119.390727
34.265479 -119.390857
34.266208 -119.391439
34.266945 -119.392005
34.266980 -119.392031
34.267022 -119.392824
34.267090 -119.393873
34.267174 -119.394921
34.267230 -119.395536
34.267311 -119.396381
34.267425 -119.397425
34.267555 -119.398466
34.267699 -119.399505
34.267858 -119.400540
34.268032 -119.401572
34.268221 -119.402600
34.268425 -119.403624
34.268644 -119.404643
34.268877 -119.405658
34.269005 -119.406185
34.269214 -119.407031
34.269477 -119.408035
34.269754 -119.409034
34.270045 -119.410026
34.270157 -119.410393
34.270278 -119.410798
34.270584 -119.411785
34.270811 -119.412483
34.271023 -119.413125
34.271357 -119.414098
34.271705 -119.415064
34.272068 -119.416022
34.272444 -119.416973
34.272834 -119.417915
34.273237 -119.418849
34.273654 -119.419775
34.274084 -119.420692
34.274528 -119.421599
34.274984 -119.422497
34.275454 -119.423385
34.275936 -119.424264
34.276431 -119.425132
34.276938 -119.425989
34.277019 -119.426122
34.277301 -119.426595
34.277820 -119.427442
34.278352 -119.428277
34.278896 -119.429102
34.279452 -119.429915
34.280019 -119.430716
34.280598 -119.431505
34.281189 -119.432281
34.281667 -119.432891
34.282268 -119.433655
34.282880 -119.434406
34.283504 -119.435145
34.284137 -119.435870
34.284782 -119.436582
34.285436 -119.437280
34.285854 -119.437713
34.286180 -119.438058
34.286845 -119.438742
34.287519 -119.439413
34.288203 -119.440069
34.288896 -119.440710
34.289598 -119.441337
34.290310 -119.441949
34.290711 -119.442285
34.290851 -119.442403
34.291571 -119.443000
34.292300 -119.443581
34.292444 -119.443694
34.292668 -119.443877
34.293397 -119.444459
34.293553 -119.444581
34.293930 -119.444880
34.294303 -119.445169
34.294305 -119.445172
34.294563 -119.445664
34.294925 -119.446348
34.295408 -119.447227
34.295903 -119.448095
34.296410 -119.448953
34.296930 -119.449799
34.297462 -119.450635
34.298006 -119.451460
34.298561 -119.452273
34.299129 -119.453074
34.299708 -119.453863
34.300298 -119.454640
34.300900 -119.455405
34.301512 -119.456156
34.302135 -119.456895
34.302769 -119.457620
34.303413 -119.458332
34.304068 -119.459031
34.304732 -119.459715
34.305407 -119.460386
34.306090 -119.461042
34.306784 -119.461683
34.307486 -119.462310
34.307667 -119.462468
34.307791 -119.462595
34.307939 -119.463093
34.308245 -119.464080
34.308565 -119.465060
34.308827 -119.465827
34.308879 -119.465982
34.309213 -119.466955
34.309562 -119.467921
34.309914 -119.468855
34.310086 -119.469303
34.310462 -119.470253
34.310852 -119.471196
34.311255 -119.472131
34.311672 -119.473057
34.312102 -119.473974
34.312546 -119.474882
34.313002 -119.475780
34.313472 -119.476669
34.313954 -119.477548
34.314449 -119.478416
34.314956 -119.479274
34.315476 -119.480121
34.316008 -119.480957
34.316552 -119.481782
34.317107 -119.482595
34.317675 -119.483397
34.318254 -119.484186
34.318844 -119.484963
34.319446 -119.485728
34.320058 -119.486479
34.320681 -119.487218
34.321315 -119.487944
34.321959 -119.488656
34.322614 -119.489354
34.323172 -119.489931
34.323274 -119.490525
34.323463 -119.491554
34.323667 -119.492578
34.323886 -119.493598
34.324119 -119.494614
34.324368 -119.495624
34.324630 -119.496629
34.324827 -119.497343
34.325014 -119.498013
34.325306 -119.499006
34.325612 -119.499993
34.325932 -119.500973
34.326266 -119.501947
34.372838 -119.478148
34.373661 -119.478010
34.374025 -119.477972
34.374370 -119.478106
34.374754 -119.478451
34.375118 -119.478758
34.375368 -119.479008
34.375732 -119.479257
34.376173 -119.479545
34.376269 -119.479660
34.376576 -119.479430
34.376768 -119.479411
34.377113 -119.479449
34.377343 -119.479506
34.377708 -119.479737
34.377957 -119.479928
34.378226 -119.480082
34.378475 -119.480159
34.378667 -119.480178
34.378916 -119.480101
34.379012 -119.480159
34.379127 -119.480254
34.379261 -119.480408
34.379415 -119.480581
34.379549 -119.480734
34.379741 -119.480791
34.380048 -119.480907
34.380700 -119.481022
34.381045 -119.481137
34.381429 -119.481156
34.381908 -119.481213
34.382407 -119.481213
34.382733 -119.481079
34.382944 -119.480772
34.383078 -119.480485
34.383155 -119.479871
34.383193 -119.478854
34.383232 -119.478298
34.383270 -119.477492
34.383404 -119.477166
34.383500 -119.476802
34.383577 -119.476438
34.383558 -119.476054
34.383577 -119.475747
34.383654 -119.475555
34.383807 -119.475383
34.384037 -119.475344
34.384229 -119.475440
34.384517 -119.475632
34.385265 -119.475766
34.385725 -119.475843
34.386128 -119.475958
34.386473 -119.476188
34.386780 -119.476495
34.386991 -119.476668
34.387202 -119.476706
34.387566 -119.476533
34.387873 -119.476265
34.388161 -119.476054
34.388372 -119.475977
34.388506 -119.475651
34.388717 -119.475191
34.388717 -119.474846
34.388602 -119.474002
34.388449 -119.473196
34.388257 -119.472544
34.388161 -119.471681
34.388142 -119.471086
34.388123 -119.470530
34.388199 -119.470127
34.388429 -119.469801
34.388832 -119.469494
34.389139 -119.469264
34.389408 -119.469034
34.390002 -119.468554
34.390290 -119.468267
34.390443 -119.467902
34.390558 -119.467691
34.391172 -119.467097
34.391633 -119.466924
34.391863 -119.466847
34.391959 -119.466732
34.392112 -119.466406
34.392227 -119.466291
34.392381 -119.466080
34.392630 -119.466042
34.392803 -119.466042
34.393014 -119.466003
34.393244 -119.465850
34.393282 -119.465658
34.393455 -119.465582
34.394606 -119.465601
34.395008 -119.465582
34.395507 -119.465486
34.395833 -119.465409
34.396140 -119.465313
34.396447 -119.465160
34.396792 -119.465025
34.397003 -119.464949
34.397252 -119.464929
34.397770 -119.465025
34.398096 -119.465083
34.398384 -119.465275
34.398576 -119.465351
34.398806 -119.465294
34.399036 -119.464968
34.399209 -119.464488
34.399477 -119.464105
34.400053 -119.463165
34.400264 -119.462858
34.400456 -119.462570
34.400571 -119.462340
34.400647 -119.461937
34.400551 -119.461554
34.400666 -119.461515
34.400839 -119.461496
34.401031 -119.461765
34.401395 -119.462052
34.401664 -119.462187
34.402297 -119.462474
34.402930 -119.462398
34.404503 -119.462072
34.405327 -119.461707
34.406190 -119.461266
34.406900 -119.460863
34.407629 -119.460403
34.408262 -119.460077
34.408550 -119.459789
34.408780 -119.459156
34.408876 -119.458235
34.409010 -119.457718
34.409087 -119.457545
34.409183 -119.457123
34.409163 -119.456643
34.409317 -119.456145
34.409566 -119.455684
34.409720 -119.455473
34.410065 -119.455167
34.410257 -119.454975
34.410353 -119.454610
34.410429 -119.454227
34.410410 -119.453786
34.410564 -119.453229
34.410813 -119.452865
34.411599 -119.453479
34.412558 -119.454073
34.413134 -119.454495
34.413402 -119.454610
34.413805 -119.454553
34.414150 -119.454399
34.414380 -119.454438
34.414687 -119.454399
34.415109 -119.454457
34.415359 -119.454553
34.415589 -119.454879
34.415742 -119.455358
34.416087 -119.455723
34.416375 -119.455934
34.416567 -119.456202
34.417123 -119.457276
34.417334 -119.457813
34.417507 -119.458235
34.417622 -119.458542
34.417718 -119.458926
34.418121 -119.459194
34.418619 -119.459252
34.418849 -119.459252
34.419175 -119.459405
34.419540 -119.459540
34.419943 -119.459732
34.420211 -119.459808
34.420422 -119.459962
34.420652 -119.460269
34.420787 -119.460499
34.421209 -119.460748
34.421535 -119.460997
34.421995 -119.461247
34.422206 -119.461419
34.422436 -119.461554
34.422513 -119.461669
34.422647 -119.461822
34.422992 -119.462283
34.423165 -119.462551
34.423529 -119.462800
34.423779 -119.462992
34.424162 -119.463203
34.424488 -119.463337
34.425064 -119.463261
34.425409 -119.463146
34.425678 -119.462954
34.426061 -119.462493
34.426464 -119.462148
34.426771 -119.461784
34.427212 -119.461515
34.427442 -119.461285
34.427749 -119.461017
34.428094 -119.460614
34.428363 -119.460614
34.428919 -119.460959
34.429494 -119.461113
34.429686 -119.461189
34.429955 -119.461266
34.430147 -119.461381
34.430338 -119.461496
34.430569 -119.461362
34.430760 -119.461074
34.431278 -119.460077
34.431739 -119.459578
34.432161 -119.459214
34.432525 -119.458945
34.432755 -119.458830
34.432966 -119.458753
34.433215 -119.458753
34.433484 -119.458849
34.433733 -119.458907
34.434117 -119.459252
34.434424 -119.459501
34.434635 -119.459655
34.435057 -119.459923
34.435479 -119.459962
34.435882 -119.459943
34.436246 -119.459770
34.436514 -119.459578
34.436879 -119.459521
34.437052 -119.459482
34.437493 -119.459521
34.437704 -119.459521
34.437991 -119.459444
34.438337 -119.459271
34.438624 -119.459060
34.438816 -119.458830
34.439008 -119.458351
34.439660 -119.457564
34.439890 -119.457181
34.440063 -119.456682
34.440082 -119.456356
34.440063 -119.455934
34.440159 -119.455627
34.440178 -119.455339
34.440274 -119.454975
34.440485 -119.454668
34.440677 -119.454399
34.441022 -119.453766
34.441175 -119.453632
34.441444 -119.453575
34.441655 -119.453460
34.441923 -119.453383
34.442153 -119.453210
34.442288 -119.453191
34.442499 -119.453191
34.442671 -119.453095
34.442940 -119.452769
34.443189 -119.452405
34.443247 -119.452213
34.443400 -119.451906
34.443534 -119.451637
34.443745 -119.451580
34.444244 -119.451465
34.444666 -119.451311
34.445069 -119.451081
34.445395 -119.450755
34.445568 -119.450506
34.445874 -119.450103
34.446009 -119.450084
34.446258 -119.450199
34.446603 -119.450525
34.447275 -119.450909
34.447486 -119.451139
34.447792 -119.451177
34.448157 -119.450985
34.448598 -119.450698
34.449078 -119.450563
34.449365 -119.450678
34.449711 -119.450813
34.450056 -119.450851
34.450401 -119.450889
34.451034 -119.450947
34.451264 -119.450966
34.451475 -119.451139
34.451878 -119.451446
34.452051 -119.451637
34.452338 -119.451676
34.452530 -119.451676
34.452818 -119.451599
34.453125 -119.451446
34.453336 -119.451426
34.453662 -119.451465
34.453969 -119.451503
34.454275 -119.451465
34.454582 -119.451388
34.454851 -119.451407
34.455158 -119.451580
34.455522 -119.451657
34.456002 -119.451733
34.456155 -119.451829
34.456213 -119.451868
34.456328 -119.451944
34.456654 -119.451983
34.457037 -119.452040
34.457268 -119.452136
34.457402 -119.452309
34.457670 -119.452481
34.457785 -119.452788
34.457958 -119.452846
34.458169 -119.452788
34.458418 -119.452654
34.458649 -119.452501
34.458879 -119.452558
34.459166 -119.452366
34.459339 -119.452155
34.459492 -119.452059
34.459761 -119.451791
34.459972 -119.451676
34.460279 -119.451561
34.460394 -119.451542
34.460701 -119.451503
34.460989 -119.451465
34.461276 -119.451407
34.461468 -119.451350
34.461564 -119.451273
34.461698 -119.451100
34.461928 -119.450813
34.462063 -119.450525
34.462254 -119.449911
34.462446 -119.449010
34.462504 -119.448569
34.462638 -119.448262
34.462696 -119.447955
34.462952 -119.447917
34.463178 -119.447762
34.463573 -119.447451
34.463969 -119.447324
34.464407 -119.447225
34.464704 -119.447437
34.464916 -119.447564
34.465142 -119.447620
34.465297 -119.447592
34.465439 -119.447507
34.465806 -119.447564
34.465990 -119.447536
34.466258 -119.447465
34.466583 -119.447394
34.466837 -119.447366
34.467247 -119.447253
34.467516 -119.447196
34.467714 -119.447154
34.468024 -119.447112
34.468279 -119.447027
34.468561 -119.446900
34.468830 -119.446829
34.469183 -119.446716
34.469593 -119.446462
34.469861 -119.446349
34.470073 -119.446207
34.470285 -119.446123
34.470511 -119.445826
34.470695 -119.445374
34.470879 -119.445487
34.471260 -119.445727
34.471458 -119.445798
34.471628 -119.445812
34.472080 -119.445699
34.472475 -119.445487
34.472744 -119.445345
34.472984 -119.445317
34.473281 -119.445416
34.473464 -119.445458
34.473860 -119.445684
34.474383 -119.446066
34.474510 -119.446151
34.474849 -119.446349
34.475443 -119.446433
34.475780 -119.446447
34.476136 -119.445614
34.476436 -119.445065
34.476681 -119.444656
34.476975 -119.444402
34.477168 -119.443849
34.477374 -119.443129
34.477620 -119.442790
34.478675 -119.441674
34.478808 -119.441374
34.479234 -119.440276
34.479435 -119.439700
34.479636 -119.438965
34.479943 -119.438397
34.480281 -119.437842
34.480516 -119.437395
34.480752 -119.437338
34.481060 -119.437179
34.481145 -119.437143
34.481358 -119.437052
34.481599 -119.437008
34.481740 -119.436972
34.481839 -119.436947
34.482138 -119.436769
34.482266 -119.436687
34.482623 -119.436534
34.482795 -119.436478
34.482933 -119.436435
34.483188 -119.436340
34.483512 -119.436333
34.483794 -119.436324
34.484035 -119.436399
34.484213 -119.436455
34.484493 -119.436514
34.484772 -119.436641
34.484951 -119.436647
34.484997 -119.436648
34.485029 -119.436673
34.485427 -119.436983
34.485576 -119.437004
34.485736 -119.437026
34.485890 -119.437065
34.486172 -119.437005
34.486324 -119.436991
34.486454 -119.436979
34.486626 -119.436848
34.486641 -119.436802
34.486716 -119.436579
34.486872 -119.436482
34.487054 -119.436538
34.487117 -119.436575
34.487207 -119.436627
34.487390 -119.436633
34.487607 -119.436616
34.487845 -119.436391
34.488073 -119.436245
34.488175 -119.436095
34.488359 -119.436015
34.488442 -119.436041
34.488597 -119.436090
34.488728 -119.436225
34.488818 -119.436317
34.489039 -119.436494
34.489102 -119.436573
34.489163 -119.436650
34.489345 -119.436690
34.489486 -119.436694
34.489590 -119.436631
34.489684 -119.436576
34.489785 -119.436515
34.489969 -119.436436
34.490322 -119.436378
34.490446 -119.436374
34.490590 -119.436369
34.491096 -119.436401
34.491420 -119.436376
34.491658 -119.436383
34.491687 -119.436384
34.491737 -119.436352
34.491878 -119.436264
34.491972 -119.436205
34.492020 -119.436175
34.492229 -119.436043
34.492454 -119.436049
34.492749 -119.436058
34.492946 -119.436097
34.493082 -119.436257
34.493124 -119.436307
34.493290 -119.436464
34.493422 -119.436481
34.493531 -119.436409
34.493588 -119.436371
34.493638 -119.436247
34.493750 -119.435968
34.493964 -119.435141
34.494007 -119.434992
34.494100 -119.434669
34.494356 -119.434541
34.494710 -119.434449
34.495174 -119.434462
34.495525 -119.434507
34.495792 -119.434531
34.496003 -119.434538
34.496156 -119.434536
34.496217 -119.434507
34.496314 -119.434462
34.496415 -119.434329
34.496404 -119.434073
34.496396 -119.433869
34.496514 -119.433567
34.496569 -119.433443
34.496618 -119.433332
34.496651 -119.433044
34.496580 -119.432379
34.496436 -119.431831
34.496468 -119.431729
34.496527 -119.431544
34.496635 -119.431436
34.496742 -119.431329
34.497030 -119.430998
34.497258 -119.430851
34.497557 -119.430703
34.497613 -119.430675
34.497662 -119.430669
34.497843 -119.430649
34.497967 -119.430676
34.498161 -119.430725
34.498442 -119.430750
34.498736 -119.430860
34.498904 -119.430865
34.499118 -119.430753
34.499327 -119.430750
34.499512 -119.430747
34.499821 -119.430773
34.499865 -119.430776
34.500172 -119.430800
34.500624 -119.430745
34.500658 -119.430742
34.500963 -119.430716
34.501216 -119.430694
34.501455 -119.430684
34.501680 -119.430691
34.501731 -119.430748
34.501802 -119.430827
34.501914 -119.430953
34.502084 -119.431135
34.502161 -119.431248
34.502271 -119.431405
34.502280 -119.431440
34.502388 -119.431884
34.502426 -119.432100
34.502515 -119.432602
34.502727 -119.433271
34.502810 -119.433401
34.502849 -119.433462
34.502846 -119.433639
34.502841 -119.433870
34.502809 -119.434221
34.502787 -119.434463
34.502685 -119.434856
34.502762 -119.435381
34.502781 -119.435500
34.502822 -119.435859
34.502853 -119.436131
34.502943 -119.436524
34.502980 -119.436797
34.503144 -119.437023
34.503294 -119.437188
34.503351 -119.437250
34.503643 -119.437412
34.503893 -119.437572
34.504382 -119.437773
34.504476 -119.437866
34.504506 -119.437896
34.504526 -119.437969
34.504585 -119.438187
34.504751 -119.438294
34.505182 -119.438579
34.505447 -119.438705
34.505655 -119.438847
34.505790 -119.439157
34.506009 -119.439470
34.506226 -119.439867
34.506488 -119.440113
34.506711 -119.440255
34.506943 -119.440585
34.507120 -119.440808
34.507163 -119.440863
34.507320 -119.441010
34.507425 -119.441109
34.507704 -119.441236
34.507932 -119.441233
34.508098 -119.441231
34.508366 -119.441221
34.508590 -119.441161
34.508706 -119.441129
34.508964 -119.440899
34.509131 -119.440972
34.509267 -119.441231
34.509321 -119.441317
34.509502 -119.441408
34.509755 -119.441415
34.510121 -119.441426
34.510374 -119.441467
34.510527 -119.441556
34.510565 -119.441606
34.510636 -119.441696
34.510623 -119.442358
34.510768 -119.442839
34.510792 -119.442902
34.510875 -119.443131
34.511080 -119.443426
34.511143 -119.443639
34.511223 -119.443911
34.511252 -119.444009
34.511428 -119.444354
34.511633 -119.444649
34.511798 -119.444824
34.512101 -119.445173
34.512185 -119.445272
34.512209 -119.445300
34.512472 -119.445609
34.512748 -119.445872
34.512970 -119.446106
34.512996 -119.446134
34.513354 -119.446548
34.513464 -119.446675
34.513739 -119.446846
34.513978 -119.446996
34.514097 -119.447120
34.514295 -119.447328
34.514493 -119.447469
34.514869 -119.447481
34.515067 -119.447575
34.515146 -119.447710
34.515308 -119.448038
34.515400 -119.448397
34.515438 -119.449300
34.515553 -119.449698
34.515559 -119.449845
34.515564 -119.450034
34.515576 -119.450122
34.515601 -119.450307
34.515651 -119.450615
34.515689 -119.450721
34.515744 -119.450873
34.515848 -119.450952
34.515883 -119.450979
34.516197 -119.451447
34.516291 -119.451654
34.516364 -119.451868
34.516505 -119.452279
34.516544 -119.452392
34.516690 -119.452712
34.516733 -119.452806
34.516889 -119.453045
34.516937 -119.453118
34.516976 -119.453306
34.516901 -119.453525
34.516695 -119.453995
34.516590 -119.454281
34.516584 -119.454604
34.516580 -119.454781
34.516574 -119.455080
34.516720 -119.455526
34.516814 -119.455733
34.516823 -119.455988
34.516932 -119.456178
34.517171 -119.456219
34.517523 -119.456213
34.517881 -119.456149
34.518102 -119.456111
34.518540 -119.455987
34.518660 -119.455991
34.518836 -119.455996
34.519088 -119.455970
34.519487 -119.456009
34.519581 -119.456018
34.519750 -119.456057
34.519904 -119.456093
34.520253 -119.456174
34.520398 -119.456178
34.520493 -119.456181
34.520654 -119.456153
34.520918 -119.456023
34.521187 -119.455963
34.521363 -119.455901
34.521456 -119.455869
34.521540 -119.455871
34.521850 -119.455881
34.522314 -119.455877
34.522568 -119.455851
34.522839 -119.455796
34.523303 -119.455702
34.523602 -119.455541
34.523649 -119.455532
34.523926 -119.455482
34.524264 -119.455509
34.524587 -119.455502
34.524925 -119.455512
34.525068 -119.455580
34.525190 -119.455639
34.525452 -119.455884
34.525501 -119.455958
34.525592 -119.456097
34.525880 -119.456514
34.526041 -119.456684
34.526209 -119.456740
34.526504 -119.456635
34.526606 -119.456598
34.527088 -119.456425
34.527274 -119.456278
34.527414 -119.456282
34.527709 -119.456342
34.528076 -119.456301
34.528123 -119.456280
34.528218 -119.456238
34.528386 -119.456219
34.528457 -119.456211
34.528710 -119.456252
34.529024 -119.456465
34.529310 -119.456474
34.529734 -119.456418
34.530004 -119.456273
34.530163 -119.456186
34.530417 -119.456047
34.530526 -119.455959
34.530660 -119.455850
34.530957 -119.455774
34.531140 -119.455779
34.531392 -119.455994
34.531472 -119.456061
34.531959 -119.456314
34.532198 -119.456355
34.532437 -119.456362
34.532650 -119.456283
34.532701 -119.456180
34.532767 -119.456048
34.533007 -119.456021
34.533188 -119.456129
34.533348 -119.456495
34.533376 -119.456559
34.533593 -119.456940
34.533886 -119.457084
34.534292 -119.457198
34.534601 -119.457224
34.534974 -119.457559
34.535280 -119.457738
34.535458 -119.457981
34.535735 -119.458210
34.535766 -119.458250
34.536037 -119.458593
34.536188 -119.458785
34.536281 -119.459076
34.536384 -119.459505
34.536419 -119.459573
34.536479 -119.459694
34.536703 -119.459873
34.536936 -119.460065
34.537070 -119.460259
34.537128 -119.460343
34.537247 -119.460572
34.537317 -119.460706
34.537352 -119.460805
34.537437 -119.461049
34.537615 -119.461309
34.537872 -119.461827
34.538198 -119.462415
34.538233 -119.462502
34.538332 -119.462742
34.538366 -119.463050
34.538350 -119.463224
34.538332 -119.463405
34.538297 -119.463778
34.538184 -119.464344
34.538156 -119.464489
34.538137 -119.464709
34.538128 -119.465168
34.538240 -119.465696
34.538538 -119.465855
34.538869 -119.466171
34.539033 -119.466414
34.539286 -119.466746
34.539510 -119.466831
34.539769 -119.466929
34.540243 -119.467147
34.540650 -119.467210
34.540845 -119.467163
34.540904 -119.467149
34.541142 -119.467253
34.541363 -119.467449
34.541404 -119.467487
34.541711 -119.467888
34.541925 -119.468166
34.542246 -119.468277
34.542458 -119.468249
34.542673 -119.468052
34.542848 -119.467768
34.543382 -119.467737
34.543611 -119.467724
34.543836 -119.467712
34.544116 -119.467686
34.544317 -119.467533
34.544373 -119.467490
34.544712 -119.467449
34.544977 -119.467576
34.545057 -119.467765
34.545113 -119.468015
34.545236 -119.468566
34.545264 -119.468689
34.545553 -119.469201
34.545685 -119.469433
34.546076 -119.470138
34.546174 -119.470315
34.546312 -119.470384
34.546536 -119.470496
34.546694 -119.470687
34.546783 -119.470917
34.546808 -119.470980
34.546804 -119.471171
34.546800 -119.471337
34.546965 -119.471546
34.547634 -119.471855
34.547966 -119.472055
34.548079 -119.472123
34.548411 -119.472405
34.548463 -119.472471
34.548535 -119.472562
34.548609 -119.472532
34.548691 -119.472499
34.548947 -119.472353
34.549066 -119.472275
34.549418 -119.472044
34.549767 -119.472173
34.550131 -119.472286
34.550201 -119.472278
34.550479 -119.472246
34.551038 -119.471939
34.551267 -119.471741
34.551443 -119.471389
34.551806 -119.470873
34.552035 -119.470693
34.552361 -119.470549
34.552547 -119.470385
34.552848 -119.470138
34.553130 -119.470113
34.553228 -119.470117
34.553415 -119.470514
34.553470 -119.470631
34.553502 -119.470645
34.553610 -119.470688
34.553850 -119.470680
34.553878 -119.470679
34.553930 -119.470693
34.554018 -119.470717
34.554199 -119.470808
34.554324 -119.470930
34.554333 -119.471169
34.554328 -119.471403
34.554325 -119.471577
34.554387 -119.471992
34.554379 -119.472352
34.554369 -119.472383
34.554247 -119.472646
34.554258 -119.472799
34.554326 -119.472808
34.554440 -119.472822
34.554753 -119.472986
34.555095 -119.473164
34.555430 -119.473276
34.555590 -119.473338
34.555863 -119.473442
34.555999 -119.473464
34.556648 -119.473568
34.557043 -119.473528
34.557287 -119.473297
34.557472 -119.473239
34.557513 -119.473240
34.558075 -119.473338
34.558405 -119.473287
34.558823 -119.473224
34.559134 -119.473131
34.559466 -119.473060
34.559556 -119.473126
34.559749 -119.473353
34.559902 -119.473437
34.560306 -119.473659
34.560755 -119.473723
34.561255 -119.474044
34.561433 -119.474254
34.561586 -119.474343
34.561743 -119.474263
34.561996 -119.474102
34.562019 -119.474086
34.562228 -119.473937
34.562482 -119.473877
34.562736 -119.473850
34.563006 -119.473722
34.563560 -119.473500
34.563890 -119.473153
34.564317 -119.472927
34.564342 -119.472812
34.564364 -119.472707
34.564566 -119.472458
34.564763 -119.472186
34.564932 -119.471942
34.565032 -119.471518
34.565031 -119.471474
34.565016 -119.471077
34.564974 -119.470744
34.564943 -119.470496
34.564932 -119.470117
34.564918 -119.469645
34.564983 -119.469237
34.564999 -119.469137
34.565060 -119.468917
34.565022 -119.468678
34.565042 -119.468449
34.565059 -119.468254
34.565091 -119.468085
34.565317 -119.467681
34.565353 -119.467616
34.565412 -119.467518
34.565572 -119.467248
34.565844 -119.467035
34.565874 -119.466951
34.565749 -119.466828
34.565588 -119.466466
34.565581 -119.466126
34.565580 -119.466092
34.565575 -119.465717
34.565499 -119.465260
34.565487 -119.465187
34.565448 -119.465102
34.565258 -119.464687
34.565235 -119.464610
34.565190 -119.464462
34.565166 -119.464378
34.565258 -119.464237
34.565383 -119.464045
34.565390 -119.463722
34.565371 -119.463438
34.565357 -119.463244
34.565376 -119.463199
34.565456 -119.463006
34.565476 -119.462959
34.565497 -119.462939
34.565664 -119.462785
34.565834 -119.462629
34.566052 -119.462312
34.566271 -119.462173
34.566308 -119.462150
34.566365 -119.462062
34.566526 -119.461816
34.566699 -119.461600
34.566866 -119.461518
34.567126 -119.461391
34.567379 -119.461416
34.567519 -119.461454
34.567602 -119.461512
34.567796 -119.461649
34.568295 -119.462021
34.568629 -119.462235
34.568912 -119.462369
34.569089 -119.462453
34.569605 -119.462655
34.569914 -119.462715
34.570189 -119.462996
34.570589 -119.463433
34.570977 -119.463699
34.571538 -119.463801
34.571900 -119.464016
34.572176 -119.464296
34.572304 -119.464392
34.572357 -119.464433
34.572411 -119.464473
34.572463 -119.464464
34.572637 -119.464432
34.572836 -119.464350
34.573123 -119.464052
34.573598 -119.463573
34.573970 -119.463243
34.574255 -119.463081
34.574647 -119.463178
34.574941 -119.463238
34.575326 -119.463451
34.575452 -119.463712
34.575473 -119.464070
34.575519 -119.464121
34.575597 -119.464210
34.575817 -119.464489
34.575980 -119.464666
34.576085 -119.464780
34.576106 -119.464803
34.576129 -119.464782
34.576249 -119.464670
34.576407 -119.464523
34.576465 -119.464437
34.576509 -119.464373
34.576588 -119.464240
34.576698 -119.464055
34.576820 -119.463845
34.576902 -119.463704
34.576992 -119.463612
34.577391 -119.463208
34.577690 -119.462996
34.577894 -119.462678
34.577905 -119.462554
34.577930 -119.462271
34.578102 -119.461426
34.578226 -119.461018
34.578358 -119.460582
34.578502 -119.460089
34.578570 -119.459857
34.578616 -119.459793
34.578787 -119.459557
34.579283 -119.459385
34.579779 -119.459229
34.579999 -119.459284
34.580087 -119.459306
34.580308 -119.459380
34.581085 -119.459353
34.581536 -119.459315
34.582057 -119.459313
34.582338 -119.459321
34.582411 -119.459222
34.582359 -119.458965
34.582333 -119.458692
34.582324 -119.458606
34.582330 -119.458562
34.582409 -119.457911
34.582414 -119.457673
34.582476 -119.457386
34.582453 -119.457130
34.582520 -119.456604
34.582602 -119.455994
34.582803 -119.455796
34.583090 -119.455549
34.583281 -119.455146
34.583490 -119.454523
34.583600 -119.453965
34.583710 -119.453372
34.583746 -119.453300
34.583843 -119.453104
34.584158 -119.452826
34.584272 -119.452725
34.584352 -119.452603
34.584490 -119.452391
34.584586 -119.452281
34.584764 -119.452076
34.585052 -119.451761
34.585324 -119.451497
34.585681 -119.451235
34.586111 -119.450857
34.586252 -119.450844
34.586531 -119.450954
34.586725 -119.451113
34.587154 -119.451295
34.587250 -119.451342
34.587476 -119.451594
34.587555 -119.451835
34.587733 -119.452078
34.588067 -119.452275
34.588509 -119.452680
34.589311 -119.453418
34.589505 -119.453560
34.589981 -119.453693
34.590330 -119.453822
34.590383 -119.453828
34.590541 -119.453846
34.590751 -119.453869
34.591325 -119.454005
34.591468 -119.454060
34.591563 -119.454097
34.591690 -119.454214
34.591764 -119.454562
34.591917 -119.454954
34.592059 -119.455320
34.592358 -119.455856
34.592491 -119.456234
34.592562 -119.456462
34.592663 -119.456784
34.592799 -119.456943
34.592982 -119.457156
34.593158 -119.457360
34.593405 -119.457674
34.593521 -119.458188
34.593748 -119.458667
34.593791 -119.458757
34.593925 -119.459048
34.594313 -119.459368
34.594510 -119.459391
34.594964 -119.459217
34.595373 -119.459144
34.595711 -119.459154
34.596118 -119.459200
34.596284 -119.459324
34.596409 -119.459447
34.596586 -119.459447
34.596682 -119.459397
34.596791 -119.459339
34.596823 -119.459315
34.597177 -119.459044
34.597439 -119.458609
34.597729 -119.458176
34.597769 -119.458010
34.597790 -119.457922
34.597787 -119.457377
34.597760 -119.457189
34.597750 -119.457121
34.597600 -119.456912
34.597579 -119.456554
34.597626 -119.456283
34.597645 -119.456205
34.597714 -119.455916
34.597795 -119.455574
34.597810 -119.455502
34.597842 -119.455337
34.597796 -119.454859
34.597715 -119.454686
34.597719 -119.454488
34.597904 -119.454352
34.597965 -119.453901
34.597962 -119.453398
34.597742 -119.452922
34.597580 -119.452592
34.597795 -119.452227
34.598163 -119.451617
34.598411 -119.451252
34.598517 -119.450892
34.598544 -119.450670
34.598505 -119.450605
34.598414 -119.450449
34.598394 -119.450325
34.598383 -119.450257
34.598476 -119.449591
34.598185 -119.449156
34.597948 -119.447987
34.597829 -119.447309
34.597829 -119.447272
34.597876 -119.447016
34.597920 -119.446650
34.597902 -119.445925
34.597981 -119.445349
34.598140 -119.444886
34.598659 -119.444328
34.598913 -119.443916
34.598626 -119.443437
34.598524 -119.443020
34.598392 -119.442844
34.598024 -119.442646
34.598003 -119.442603
