WA_All
48.973202 -123.026054
48.977615 -123.037331
48.975224 -123.060654
48.971504 -123.081062
49.001678 -123.089943
49.002625 -123.035522
48.978397 -123.018936
48.973202 -123.026054
46.257458 -123.615257
46.260983 -123.617104
46.265392 -123.634369
46.266899 -123.667770
46.268925 -123.673134
46.277367 -123.679077
46.286606 -123.676437
46.296722 -123.679962
46.304203 -123.700638
46.304646 -123.709442
46.289879 -123.726593
46.288364 -123.728355
46.275169 -123.757393
46.273849 -123.770592
46.284405 -123.794342
46.283085 -123.805786
46.279564 -123.811066
46.269009 -123.816788
46.268566 -123.831741
46.239532 -123.873978
46.246132 -123.907845
46.251408 -123.921486
46.260208 -123.930725
46.269890 -123.947006
46.282204 -123.957130
46.291004 -123.968559
46.303764 -123.973839
46.312561 -123.995842
46.314625 -124.017036
46.300117 -124.048325
46.285156 -124.050591
46.267323 -124.079308
46.269741 -124.081123
46.330944 -124.063438
46.412395 -124.056335
46.471630 -124.054520
46.633072 -124.067940
46.641315 -124.063438
46.646187 -124.055573
46.645813 -124.046577
46.631573 -124.031967
46.627453 -124.040962
46.613583 -124.044701
46.582108 -124.022224
46.515034 -124.022964
46.499672 -124.003487
46.497047 -123.987000
46.498920 -123.980629
46.488426 -123.940536
46.496674 -123.925919
46.511662 -123.919174
46.513908 -123.910927
46.511662 -123.898933
46.519157 -123.892944
46.552132 -123.905312
46.569744 -123.921425
46.577988 -123.921425
46.586605 -123.925919
46.598972 -123.942406
46.600471 -123.951401
46.603470 -123.954399
46.613583 -123.958519
46.624451 -123.956268
46.636444 -123.959641
46.642441 -123.938660
46.653309 -123.919922
46.674294 -123.919174
46.679535 -123.913177
46.683285 -123.895195
46.699772 -123.861839
46.702766 -123.846481
46.707642 -123.838982
46.714760 -123.839363
46.720757 -123.846855
46.729748 -123.874580
46.725250 -123.946907
46.735371 -123.966019
46.732746 -123.973511
46.725250 -123.976128
46.717007 -123.975006
46.706890 -123.966019
46.703522 -123.967133
46.701645 -123.998993
46.705769 -124.013603
46.723755 -124.051445
46.737244 -124.094170
46.775093 -124.094917
46.793232 -124.097511
46.817059 -124.100914
46.875515 -124.119652
46.905140 -124.134216
46.913216 -124.115211
46.905613 -124.098579
46.893257 -124.088120
46.884228 -124.092400
46.868069 -124.085266
46.862839 -124.075287
46.864265 -124.062454
46.870918 -124.053902
46.891830 -124.048203
46.911316 -124.007797
46.922726 -123.980232
46.925575 -123.944115
46.942684 -123.875679
46.951714 -123.859993
46.958366 -123.859993
46.960743 -123.875198
46.968822 -123.890884
46.983082 -123.942215
46.980228 -123.997818
46.984982 -124.011597
46.991161 -124.017784
47.013020 -124.015877
47.030609 -124.025383
47.032509 -124.038689
47.041534 -124.064354
47.042488 -124.116158
47.033932 -124.143250
47.022999 -124.150375
46.998287 -124.136124
46.975952 -124.137543
46.943161 -124.123291
46.930801 -124.152283
46.927475 -124.172714
46.941730 -124.173195
46.970722 -124.167961
47.022999 -124.168915
47.089539 -124.175087
47.186432 -124.198380
47.226723 -124.211639
47.287930 -124.236122
47.297112 -124.243767
47.303230 -124.254478
47.304760 -124.264679
47.301701 -124.272339
47.303741 -124.277946
47.349133 -124.297829
47.354744 -124.316704
47.366985 -124.322319
47.380001 -124.323250
47.399117 -124.328438
47.405746 -124.336090
47.495003 -124.345268
47.533985 -124.354279
47.583237 -124.365669
47.659233 -124.391769
47.687798 -124.410217
47.740162 -124.424500
47.749680 -124.435799
47.771099 -124.470901
47.810371 -124.485786
47.821678 -124.493523
47.825249 -124.505417
47.821678 -124.511963
47.832787 -124.525543
47.833649 -124.540451
47.839668 -124.538162
47.844254 -124.542747
47.846260 -124.550194
47.853710 -124.557358
47.864033 -124.557648
47.872917 -124.576569
47.878937 -124.590897
47.878651 -124.595490
47.872055 -124.601501
47.872345 -124.610962
47.881382 -124.610146
47.881805 -124.610107
47.893269 -124.631889
47.901867 -124.628448
47.907887 -124.639046
47.932251 -124.641922
47.942856 -124.650230
47.946869 -124.659111
47.967793 -124.672302
48.002190 -124.679466
48.029327 -124.680962
48.072498 -124.694489
48.108585 -124.691261
48.154976 -124.722198
48.160133 -124.731216
48.170441 -124.729927
48.183971 -124.703514
48.198792 -124.693848
48.223919 -124.690620
48.227142 -124.697067
48.242607 -124.704155
48.247761 -124.698997
48.252274 -124.686111
48.270313 -124.679024
48.283199 -124.682251
48.286423 -124.686760
48.290932 -124.684822
48.296089 -124.675797
48.296089 -124.668709
48.312195 -124.660339
48.325729 -124.657761
48.336681 -124.664207
48.341835 -124.671295
48.339260 -124.683533
48.343769 -124.693848
48.370831 -124.724129
48.381783 -124.729927
48.389515 -124.713821
48.390808 -124.654541
48.387585 -124.636497
48.376633 -124.629410
48.367607 -124.619102
48.368256 -124.602348
48.372765 -124.588814
48.366962 -124.563690
48.348923 -124.534698
48.332817 -124.485718
48.314774 -124.443840
48.288357 -124.392937
48.287933 -124.356651
48.269386 -124.299156
48.261967 -124.241669
48.223022 -124.117424
48.215607 -124.100739
48.198917 -124.091461
48.172955 -124.020988
48.156265 -123.839256
48.159973 -123.752098
48.171101 -123.703880
48.152557 -123.635262
48.137718 -123.618576
48.134010 -123.583344
48.154411 -123.557373
48.146992 -123.536980
48.132156 -123.522141
48.134010 -123.459091
48.115467 -123.401604
48.111755 -123.329277
48.117321 -123.249535
48.141430 -123.195763
48.174809 -123.149399
48.176662 -123.132706
48.163685 -123.130859
48.150700 -123.119728
48.118767 -123.063454
48.084843 -123.037453
48.082584 -123.019363
48.091633 -122.984306
48.101959 -122.900795
48.104069 -122.883667
48.126682 -122.842957
48.134602 -122.833916
48.143642 -122.753632
48.116508 -122.746849
48.107460 -122.770592
48.095024 -122.792068
48.074669 -122.786423
48.071278 -122.747978
48.089367 -122.733269
48.097282 -122.714058
48.101807 -122.690308
48.073540 -122.683517
48.050922 -122.683517
48.031700 -122.666557
48.015869 -122.666557
48.006824 -122.686913
48.016998 -122.701614
48.023785 -122.721970
48.018131 -122.727623
47.970638 -122.697090
47.971767 -122.679001
47.929932 -122.657509
47.934502 -122.635254
47.938976 -122.613419
47.937847 -122.600975
47.920883 -122.582886
47.917492 -122.545570
47.909576 -122.522949
47.880177 -122.510513
47.845123 -122.503731
47.816856 -122.482246
47.763706 -122.469810
47.747875 -122.469810
47.743355 -122.491287
47.745617 -122.543304
47.738831 -122.548958
47.718475 -122.545570
47.704906 -122.529739
47.709431 -122.510513
47.693600 -122.501472
47.666466 -122.493553
47.660995 -122.455254
47.658546 -122.438141
47.670982 -122.412132
47.698124 -122.401962
47.708302 -122.379341
47.729782 -122.370300
47.761448 -122.382736
47.778088 -122.395210
47.779541 -122.396301
47.811199 -122.391785
47.841732 -122.349945
47.951416 -122.304710
47.957069 -122.268532
47.968376 -122.235733
47.992123 -122.230087
48.024918 -122.227821
48.045269 -122.266273
48.063358 -122.293411
48.097282 -122.339767
48.117641 -122.357864
48.136860 -122.366905
48.166260 -122.366905
48.182091 -122.357864
48.191135 -122.362381
48.204708 -122.380478
48.222801 -122.392914
48.223782 -122.397072
48.227325 -122.412132
48.211491 -122.441536
48.177567 -122.475464
48.147038 -122.456238
48.127815 -122.425705
48.091633 -122.379341
48.058842 -122.356728
48.054317 -122.356728
48.052052 -122.366905
48.062233 -122.385002
48.082584 -122.398567
48.118767 -122.458496
48.121033 -122.489029
48.132336 -122.511650
48.182091 -122.536522
48.204708 -122.536522
48.249935 -122.529739
48.257851 -122.499207
48.272552 -122.460762
48.254459 -122.414398
48.254070 -122.407379
48.253326 -122.394051
48.297897 -122.380569
48.301952 -122.379341
48.321175 -122.398567
48.332485 -122.420059
48.341530 -122.449455
48.353970 -122.472069
48.368103 -122.490730
48.371494 -122.500336
48.370930 -122.514473
48.375450 -122.531998
48.389023 -122.534264
48.398632 -122.545570
48.421249 -122.556877
48.425774 -122.557442
48.438213 -122.550087
48.445560 -122.552917
48.445560 -122.565361
48.435947 -122.577232
48.429729 -122.578926
48.417294 -122.612846
48.411072 -122.637726
48.412205 -122.651299
48.425774 -122.673347
48.443298 -122.675606
48.445560 -122.662041
48.452911 -122.656387
48.476093 -122.659775
48.486832 -122.668823
48.490791 -122.680130
48.490791 -122.701614
48.499836 -122.700478
48.509449 -122.680695
48.503796 -122.668823
48.521889 -122.611153
48.520191 -122.599281
48.512840 -122.595322
48.508884 -122.604370
48.504360 -122.604370
48.486267 -122.594757
48.488529 -122.582321
48.498138 -122.569878
48.500404 -122.555740
48.467045 -122.535957
48.462521 -122.521255
48.459129 -122.496384
48.467613 -122.477158
48.480618 -122.477158
48.514538 -122.485069
48.524712 -122.482811
48.537151 -122.489029
48.541676 -122.496384
48.549023 -122.499779
48.560902 -122.499779
48.565418 -122.505424
48.565987 -122.518433
48.575031 -122.544998
48.575031 -122.556313
48.584080 -122.559708
48.588604 -122.553490
48.578991 -122.540482
48.575600 -122.520126
48.575031 -122.494690
48.560902 -122.481110
48.556938 -122.469238
48.581253 -122.434189
48.594257 -122.429092
48.604431 -122.430229
48.612911 -122.438141
48.621960 -122.451714
48.626484 -122.464722
48.645138 -122.490250
48.654396 -122.502922
48.668217 -122.511650
48.718399 -122.516014
48.742401 -122.492004
48.751129 -122.493462
48.754765 -122.505104
48.775856 -122.540016
48.778042 -122.564743
48.770039 -122.596741
48.755493 -122.609116
48.742401 -122.628014
48.727856 -122.626572
48.713306 -122.611290
48.699490 -122.603287
48.693672 -122.614197
48.696579 -122.629471
48.703125 -122.639656
48.732220 -122.670929
48.736584 -122.673111
48.754040 -122.658569
48.765675 -122.652740
48.785313 -122.654930
48.801311 -122.681114
48.799858 -122.690567
48.788219 -122.696381
48.786041 -122.708755
48.816589 -122.708023
48.842045 -122.713112
48.851501 -122.721840
48.860229 -122.746567
48.886410 -122.785851
48.894413 -122.792389
48.895863 -122.780029
48.906048 -122.764755
48.908955 -122.753120
48.915504 -122.745117
48.924232 -122.744392
48.933685 -122.748024
48.940231 -122.758934
48.941689 -122.769119
48.930775 -122.789490
48.938774 -122.818573
48.941689 -122.820763
48.958416 -122.814934
48.991142 -122.773483
48.996201 -122.758255
49.002525 -122.756737
49.000187 -121.934906
48.997551 -121.750000
48.998371 -121.664627
48.998302 -121.655762
49.000935 -121.068642
49.000507 -120.849976
48.999905 -120.094559
48.999599 -120.030174
48.999630 -120.021690
48.999542 -120.000000
49.000191 -119.850922
49.000389 -119.179482
49.000759 -118.950623
49.000416 -118.835754
49.000694 -118.663773
49.000397 -118.500000
49.000526 -118.260185
49.000393 -118.195450
49.000465 -118.168816
49.000000 -117.916290
49.000278 -117.428421
48.999256 -117.031281
48.846638 -117.031380
48.370968 -117.034134
48.045658 -117.040642
47.977489 -117.041214
47.366112 -117.038879
47.259373 -117.039009
47.127369 -117.038727
46.541901 -117.038704
46.425545 -117.038826
46.418434 -117.033707
46.408745 -117.034981
46.379696 -117.045929
46.365402 -117.061790
46.352638 -117.061638
46.344685 -117.052971
46.340809 -117.030945
46.336098 -117.022858
46.314911 -117.019676
46.305420 -117.006500
46.303268 -116.996269
46.296780 -116.985703
46.289856 -116.983925
46.276459 -116.990150
46.257046 -116.965759
46.230999 -116.954277
46.209572 -116.965141
46.203537 -116.964859
46.185158 -116.940742
46.174389 -116.933815
46.173302 -116.926643
46.167927 -116.920891
46.160866 -116.921661
46.153084 -116.933968
46.136822 -116.933739
46.123589 -116.949295
46.102360 -116.954277
46.099178 -116.958565
46.096790 -116.975975
46.089512 -116.981499
46.080132 -116.977959
46.075573 -116.956390
46.061123 -116.941673
46.052238 -116.941795
46.045368 -116.938347
46.039776 -116.930725
46.023708 -116.928871
46.016659 -116.920906
45.995541 -116.915009
45.997662 -117.089317
45.998791 -117.336670
45.996479 -117.352928
45.998730 -117.389732
45.998001 -117.479095
45.999020 -117.602142
46.000874 -117.976723
46.000927 -117.995865
46.000000 -118.986015
45.979416 -119.007439
45.969280 -119.025948
45.958672 -119.060341
45.942890 -119.092102
45.933002 -119.125000
45.927750 -119.168373
45.928017 -119.194405
45.940071 -119.256027
45.933327 -119.321381
45.921753 -119.363266
45.918396 -119.430763
45.917500 -119.449127
45.906452 -119.486694
45.908752 -119.523499
45.925598 -119.570450
45.919727 -119.599419
45.905785 -119.622253
45.857014 -119.668739
45.845722 -119.771782
45.847675 -119.801514
45.836109 -119.866989
45.828285 -119.906319
45.824512 -119.964600
45.812630 -119.998352
45.785301 -120.069000
45.773300 -120.140198
45.762100 -120.169304
45.726101 -120.209602
45.721298 -120.282600
45.711399 -120.325905
45.699402 -120.402802
45.694599 -120.481201
45.700199 -120.504707
45.738499 -120.558304
45.746700 -120.589996
45.745998 -120.633797
45.737400 -120.652397
45.730301 -120.667801
45.716000 -120.688202
45.686401 -120.787704
45.671700 -120.854507
45.643101 -120.894402
45.640202 -120.912308
45.641499 -120.914703
45.656601 -120.942802
45.656898 -120.951904
45.648499 -120.982307
45.653374 -121.006271
45.651157 -121.032402
45.652702 -121.063194
45.648048 -121.083755
45.623291 -121.118881
45.618275 -121.115875
45.609921 -121.130775
45.612122 -121.138306
45.608044 -121.144356
45.606602 -121.182655
45.616848 -121.195374
45.629673 -121.194046
45.649986 -121.199181
45.671394 -121.214600
45.687176 -121.286140
45.700085 -121.311012
45.705109 -121.336586
45.703266 -121.371391
45.693047 -121.400558
45.697395 -121.439865
45.701527 -121.461662
45.721004 -121.497971
45.724834 -121.521210
45.726700 -121.531921
45.704815 -121.629982
45.705242 -121.667175
45.694973 -121.706177
45.694199 -121.733917
45.706924 -121.810120
45.693439 -121.865974
45.670876 -121.900665
45.662170 -121.899666
45.654560 -121.907082
45.649288 -121.921051
45.644333 -121.933960
45.643719 -121.954544
45.632942 -121.962349
45.622971 -121.981850
45.616093 -122.002495
45.615311 -122.021378
45.609676 -122.043175
45.583675 -122.100479
45.581570 -122.111160
45.584667 -122.139549
45.577866 -122.182465
45.564301 -122.200500
45.547905 -122.247795
45.543999 -122.265503
45.543701 -122.293701
45.548401 -122.330307
45.569599 -122.351601
45.576099 -122.379105
45.574699 -122.390602
45.567791 -122.409508
45.563744 -122.437469
45.567471 -122.452690
45.579922 -122.478111
45.596928 -122.546944
45.607800 -122.601402
45.609901 -122.642700
45.618198 -122.673798
45.637600 -122.712105
45.644299 -122.736900
45.657299 -122.762604
45.680599 -122.773308
45.699799 -122.771301
45.728401 -122.761398
45.734577 -122.758896
45.759327 -122.760239
45.780746 -122.768318
45.810165 -122.794395
45.825188 -122.794754
45.844379 -122.784477
45.850700 -122.784302
45.867863 -122.783813
45.884495 -122.796883
45.912888 -122.810295
45.932579 -122.804977
45.961147 -122.812782
45.980984 -122.836426
46.014637 -122.854942
46.031448 -122.876869
46.060444 -122.883255
46.083900 -122.902893
46.104984 -122.961456
46.133991 -123.003006
46.146519 -123.040070
46.153767 -123.049843
46.178474 -123.105370
46.185436 -123.114670
46.189140 -123.165184
46.172707 -123.211823
46.145012 -123.278938
46.146500 -123.362396
46.146542 -123.370201
46.181995 -123.429611
46.229515 -123.426392
46.250000 -123.446350
46.268002 -123.473602
46.271172 -123.500000
46.259735 -123.542679
46.256062 -123.585701
46.257458 -123.615257
48.420441 -122.809135
48.420441 -122.845169
48.416603 -122.864334
48.416603 -122.885033
48.422741 -122.891930
48.435005 -122.886559
48.445736 -122.891159
48.446503 -122.913391
48.454937 -122.935623
48.449570 -122.961685
48.459538 -123.032982
48.499397 -123.132629
48.513195 -123.148735
48.531593 -123.162529
48.567619 -123.174034
48.578354 -123.172493
48.583721 -123.184761
48.586784 -123.201622
48.595219 -123.201622
48.607483 -123.194725
48.622047 -123.178635
48.622814 -123.106567
48.590618 -123.072838
48.592918 -123.036049
48.605183 -123.026848
48.630482 -123.027618
48.655010 -123.008446
48.691040 -122.957855
48.710205 -122.938690
48.714806 -122.917221
48.712505 -122.874298
48.700241 -122.834442
48.676476 -122.785378
48.660378 -122.740143
48.649643 -122.753181
48.622047 -122.803009
48.613617 -122.803009
48.582188 -122.790741
48.563023 -122.770042
48.556126 -122.768509
48.523930 -122.784607
48.497864 -122.793037
48.490963 -122.806068
48.467201 -122.813736
48.454937 -122.816040
48.452637 -122.806839
48.447269 -122.798409
48.430405 -122.800705
48.420441 -122.809135
48.405758 -122.644165
48.405884 -122.643929
48.405827 -122.643433
48.404591 -122.633163
48.400715 -122.631439
48.398991 -122.625626
48.411266 -122.609253
48.410191 -122.600426
48.396408 -122.590942
48.392315 -122.584702
48.349670 -122.568977
48.341270 -122.548088
48.320168 -122.514275
48.311714 -122.505890
48.300591 -122.502548
48.289467 -122.515343
48.282234 -122.528694
48.281124 -122.557060
48.295586 -122.574867
48.298920 -122.588211
48.298920 -122.604347
48.293915 -122.618797
48.269440 -122.622147
48.265549 -122.651627
48.247749 -122.654404
48.227169 -122.647728
48.218269 -122.622147
48.210480 -122.607681
48.194347 -122.596550
48.183224 -122.584320
48.120930 -122.557060
48.114250 -122.557617
48.109245 -122.564850
48.089218 -122.560951
48.075871 -122.545387
48.043053 -122.536484
48.026924 -122.536484
48.023582 -122.525360
48.030258 -122.513672
48.045280 -122.509781
48.097008 -122.523125
48.096451 -122.490311
48.051952 -122.445259
48.044724 -122.428017
48.034706 -122.374054
48.009682 -122.373505
47.994102 -122.367386
47.985203 -122.352371
47.958504 -122.347359
47.936256 -122.357925
47.903996 -122.379066
47.914917 -122.429787
47.929539 -122.443855
47.952076 -122.439606
47.971020 -122.452469
47.988293 -122.470688
47.991238 -122.483391
47.988396 -122.495537
47.980263 -122.514709
47.975101 -122.516518
47.967453 -122.545624
47.972755 -122.550865
47.977531 -122.549767
48.006775 -122.559059
48.009998 -122.579285
48.031818 -122.605736
48.039021 -122.595520
48.054676 -122.592628
48.072079 -122.612144
48.079666 -122.611946
48.107761 -122.597786
48.146240 -122.605080
48.156082 -122.611443
48.161976 -122.623024
48.163948 -122.642792
48.161213 -122.661125
48.154770 -122.676941
48.177601 -122.687088
48.192562 -122.707771
48.200760 -122.734703
48.215523 -122.761757
48.227730 -122.768654
48.262211 -122.749405
48.279606 -122.730736
48.304722 -122.720924
48.354858 -122.672447
48.366947 -122.666168
48.401791 -122.663528
48.402653 -122.661163
48.401791 -122.651466
48.405758 -122.644165
