WA_OR
41.99785 -120.39635
41.99437 -119.46359
41.99445 -118.61745
41.99863 -117.73227
42.00108 -117.02646
42.16910 -117.02469
42.55447 -117.02589
42.82202 -117.02849
43.10309 -117.02520
43.53165 -117.02694
43.77619 -117.02533
43.83272 -117.02099
43.86163 -117.01310
43.86690 -116.98811
43.90395 -116.97608
43.91900 -116.96253
43.95618 -116.96770
43.97819 -116.96550
43.98892 -116.93275
44.02620 -116.94380
44.04850 -116.97430
44.08291 -116.97203
44.10592 -116.92935
44.12776 -116.90976
44.14965 -116.89407
44.17448 -116.90144
44.18848 -116.93007
44.19290 -116.96845
44.21359 -116.97408
44.23839 -116.97956
44.24271 -117.00640
44.24698 -117.02749
44.23065 -117.05077
44.24036 -117.06399
44.25559 -117.07950
44.27498 -117.10285
44.27097 -117.12037
44.25882 -117.15195
44.26309 -117.18024
44.27696 -117.20636
44.30176 -117.21732
44.31811 -117.19427
44.33595 -117.19217
44.35253 -117.20523
44.36915 -117.23205
44.39385 -117.23592
44.41570 -117.21653
44.45019 -117.21561
44.48317 -117.22115
44.49544 -117.19587
44.51995 -117.17858
44.52687 -117.15491
44.54734 -117.14526
44.56814 -117.14066
44.58589 -117.12508
44.61890 -117.11879
44.63931 -117.09988
44.66000 -117.09583
44.67121 -117.07669
44.69040 -117.07639
44.70317 -117.05748
44.72616 -117.05868
44.74637 -117.04256
44.75709 -116.99600
44.77211 -116.97072
44.78952 -116.93338
44.81415 -116.91176
44.85101 -116.89726
44.87821 -116.85802
44.90852 -116.83869
44.94541 -116.83920
44.97154 -116.83685
44.97992 -116.85406
45.02266 -116.84264
45.04976 -116.80845
45.07566 -116.78085
45.10035 -116.77795
45.10849 -116.75771
45.13441 -116.74020
45.14389 -116.72483
45.20430 -116.70966
45.26885 -116.68395
45.27959 -116.67114
45.32389 -116.66872
45.35914 -116.64194
45.39495 -116.61654
45.41530 -116.59276
45.44447 -116.58720
45.46345 -116.55524
45.51051 -116.55284
45.53788 -116.52666
45.55159 -116.52606
45.57385 -116.48027
45.58837 -116.47408
45.60610 -116.45961
45.62852 -116.46967
45.65781 -116.49836
45.69015 -116.53390
45.74009 -116.53766
45.76471 -116.57484
45.78121 -116.61722
45.78273 -116.66280
45.80805 -116.68556
45.82622 -116.71841
45.81568 -116.75133
45.81841 -116.77167
45.83931 -116.78579
45.86279 -116.79491
45.90196 -116.85969
45.94756 -116.87437
45.96282 -116.88442
45.97664 -116.88770
45.99892 -116.91508
46.06534 -116.95022
46.07924 -116.97017
46.09183 -116.98319
46.10264 -116.95320
46.11778 -116.95733
46.13281 -116.93498
46.14942 -116.93434
46.16445 -116.92032
46.20490 -116.96512
46.23088 -116.95320
46.25865 -116.97055
46.27902 -116.99138
46.30033 -116.99150
46.31709 -117.01921
46.33742 -117.02778
46.34336 -117.04708
46.36005 -117.05872
46.38484 -117.04023
46.42070 -117.03772
46.63878 -117.03903
46.88577 -117.03729
47.22349 -117.04032
47.73645 -117.04080
48.05995 -117.04217
48.39200 -117.03696
48.62289 -117.03068
48.85636 -117.02907
48.99991 -117.03222
49.00067 -117.25179
49.00126 -117.58590
48.99990 -118.14035
49.00189 -118.62519
49.00096 -119.06508
49.00081 -119.70707
48.99877 -119.96872
48.99880 -120.27087
48.99978 -120.64874
48.99965 -120.95137
48.99636 -121.23164
48.99758 -121.49682
48.99673 -121.71433
48.99770 -122.01521
49.00181 -122.33091
49.00150 -122.69149
49.00249 -123.07059
49.00046 -123.31897
48.90255 -123.13666
48.83249 -123.00908
48.76727 -123.00630
48.72926 -123.14208
48.69388 -123.26683
48.54697 -123.22071
48.44976 -123.15720
48.42456 -123.11361
48.36272 -123.17518
48.28436 -123.25133
48.25199 -123.39747
48.22359 -123.54320
48.24337 -123.68847
48.26153 -123.80051
48.28232 -123.93541
48.29610 -124.01637
48.31534 -124.08909
48.35647 -124.22638
48.38779 -124.35759
48.43403 -124.51418
48.46237 -124.63130
48.49212 -124.72987
48.49178 -124.77792
48.39403 -124.74175
48.38162 -124.72689
48.34713 -124.69078
48.33880 -124.66127
48.30526 -124.65825
48.29310 -124.68147
48.26677 -124.68100
48.24445 -124.70765
48.22238 -124.69479
48.18492 -124.70239
48.16396 -124.73526
48.11165 -124.69076
48.08810 -124.69448
48.06186 -124.69412
47.99418 -124.68474
47.95010 -124.65918
47.91148 -124.64834
47.88953 -124.62327
47.87725 -124.59836
47.86636 -124.57140
47.83890 -124.54009
47.81980 -124.49663
47.76883 -124.46936
47.75058 -124.43566
47.64700 -124.39344
47.55171 -124.36170
47.41363 -124.33590
47.35707 -124.31705
47.34747 -124.29856
47.30610 -124.27793
47.29791 -124.24733
47.19446 -124.20195
47.06737 -124.17904
46.93317 -124.17646
46.89971 -124.12796
46.77212 -124.10295
46.65169 -124.07214
46.55489 -124.06376
46.47748 -124.05950
46.36280 -124.06325
46.27022 -124.07507
46.22468 -124.01302
46.17223 -123.97907
46.12107 -123.95113
46.06025 -123.93324
45.98665 -123.93466
45.97003 -123.96251
45.94921 -123.98840
45.93810 -123.98237
45.91046 -123.97043
45.88135 -123.96445
45.82200 -123.96839
45.77764 -123.97828
45.75691 -123.97232
45.73472 -123.94657
45.66292 -123.94263
45.59935 -123.95052
45.56895 -123.95050
45.52342 -123.95841
45.49441 -123.97217
45.46404 -123.97217
45.43780 -123.95840
45.37703 -123.97215
45.34945 -123.98783
45.33848 -123.97798
45.31350 -123.96819
45.26373 -123.96819
45.22089 -123.97603
45.20292 -123.96622
45.14213 -123.97599
45.09362 -123.99753
45.06602 -124.01212
45.01748 -124.01205
44.94959 -124.01978
44.85824 -124.04500
44.82367 -124.07020
44.77113 -124.07014
44.73105 -124.05837
44.68270 -124.07578
44.67023 -124.06018
44.61225 -124.06979
44.52110 -124.07541
44.42856 -124.08488
44.34703 -124.10209
44.19939 -124.11512
44.00656 -124.13778
43.89987 -124.15466
43.79745 -124.17341
43.67992 -124.19967
43.57763 -124.22592
43.47809 -124.26543
43.41349 -124.29929
43.37464 -124.32186
43.34547 -124.35587
43.33015 -124.38236
43.30660 -124.39548
43.26925 -124.38376
43.22359 -124.39289
43.16690 -124.40953
43.11707 -124.43184
43.08665 -124.43538
43.02166 -124.45185
42.96217 -124.47213
42.91367 -124.50379
42.87618 -124.54120
42.83604 -124.55403
42.80989 -124.53492
42.77679 -124.52332
42.73396 -124.51732
42.74098 -124.49854
42.73141 -124.47777
42.71216 -124.46252
42.67626 -124.45139
42.66517 -124.42860
42.64713 -124.40763
42.59996 -124.39769
42.56135 -124.39186
42.49899 -124.42327
42.46991 -124.42488
42.44356 -124.43395
42.41730 -124.42431
42.36893 -124.42771
42.32459 -124.42703
42.28606 -124.41019
42.24875 -124.40991
42.20879 -124.37783
42.15636 -124.36040
42.11768 -124.35484
42.06674 -124.31345
42.04477 -124.26317
42.00345 -124.21833
41.99785 -120.39635
